id	label	x	y	cluster	weight<Links>	weight<Total link strength>	weight<Occurrences>	score<Avg. pub. year>	score<Avg. citations>	score<Avg. norm. citations>
1	3d reconstruction	-0.8671	-0.1472	2	4	20	5	2019	0	0
2	3d video game	-0.8725	-0.1278	3	7	80	5	2019	0	0
3	3vr	-0.058	0.1021	12	10	174	6	2019	1	1.473
4	abnormality	-0.5771	-0.0566	17	17	62	6	2019	0.3333	0.491
5	absorber	0.1495	-0.1117	17	46	361	25	2019	0.24	0.3535
6	absorption	1.0323	0.0322	1	139	594	35	2019	0.8286	1.2205
7	abundance	0.2042	-0.0936	12	60	243	12	2019	1.25	1.8412
8	acacia mangium	0.2423	-0.6066	16	19	138	7	2019	0	0
9	academic information system	-1.0639	-0.0824	5	16	91	6	2019	0.1667	0.2455
10	acceptance	-1.0125	-0.1193	8	32	106	13	2019	2	2.946
11	accuracy level	-0.3651	-0.1843	17	36	136	7	2019	0.1429	0.2104
12	accuracy value	-0.8157	-0.1051	2	17	54	7	2019	0.1429	0.2104
13	accurate forecast	-0.8471	0.1861	3	44	212	11	2019	0.4545	0.6695
14	acetic acid	0.7473	-0.1571	9	66	278	15	2019	0.3333	0.491
15	acetone	1.3036	-0.1018	18	44	302	14	2019	0.5	0.7365
16	acetylene gas	0.9177	0.1708	1	10	95	5	2019	0	0
17	achievement	-0.8661	0.0219	3	33	224	13	2019	0.1538	0.2266
18	acid	0.9478	-0.2016	9	273	1428	78	2019	1.1923	1.7563
19	acidic condition	0.9796	-0.1433	11	22	73	5	2019	5.8	8.5433
20	aco	-0.2928	-0.1883	13	33	219	7	2019	0	0
21	aco algorithm	-0.5336	-0.0793	8	9	51	5	2019	0	0
22	acoustic emission	0.2036	0.0565	5	27	132	6	2019	1.3333	1.964
23	acoustic signal	-0.1496	0.0776	5	13	104	10	2019	0	0
24	activated carbon	1.0351	-0.104	11	51	366	20	2019	1.45	2.1358
25	activation function	-0.1289	-0.2351	13	48	180	9	2019	1.3333	1.964
26	activator	0.8716	0.0443	1	35	153	10	2019	0.3	0.4419
27	active site	1.0085	-0.0994	4	80	169	5	2019	1.2	1.7676
28	actuator	-0.3203	0.1662	6	30	99	16	2019	0	0
29	adoption	-0.8879	-0.0525	8	26	80	8	2019	0.125	0.1841
30	adoption model	-1.0549	-0.0989	5	9	115	5	2019	0	0
31	adsorbent	1.0565	-0.0854	11	109	603	31	2019	2.129	3.136
32	adsorption	1.0015	-0.0639	11	166	1191	57	2019	1.614	2.3774
33	adsorption capacity	1.132	-0.0718	11	80	335	15	2019	2.2	3.2406
34	adsorption process	0.9474	-0.0804	11	57	246	11	2019	2.0909	3.0799
35	aerial view image	-0.3667	-0.0068	6	3	48	6	2019	0	0
36	aerogel	1.2021	-0.1603	9	14	153	13	2019	2.6923	3.9657
37	affective aspect	-1.052	-0.1512	5	5	60	6	2019	2	2.946
38	afr	0.1706	0.3958	7	31	108	7	2019	0	0
39	aftc	-0.2584	0.1958	6	4	27	5	2019	0	0
40	agarwood oil	0.3817	-0.3364	4	11	132	6	2019	1	1.473
41	aggregate	0.7372	0.0566	1	68	269	16	2019	1	1.473
42	agile	-0.8496	-0.3255	2	11	54	5	2019	0	0
43	agnp	0.8282	-0.0344	1	23	245	13	2019	6.0769	8.9512
44	agnps	0.8136	-0.0243	1	23	187	9	2019	6.5556	9.6562
45	agricultural activity	-0.2117	0.1021	10	31	82	5	2019	0.2	0.2946
46	ahm	-0.6432	-0.0075	6	9	55	5	2019	0	0
47	air dryer	-0.2775	0.3743	7	7	32	5	2019	0	0
48	airfoil	-0.0727	0.4496	7	20	150	10	2019	0	0
49	airport	-0.6187	0.2655	3	18	83	11	2019	0.1818	0.2678
50	ais	-1.034	-0.0769	5	11	90	9	2019	0.2222	0.3273
51	al sio2	1.2665	0.071	18	18	195	11	2019	0.5455	0.8034
52	alcohol	1.1105	-0.1832	4	69	186	12	2019	0.4167	0.6137
53	alignment	-0.5509	-0.2201	2	34	189	14	2019	0	0
54	alkali activated mortar	0.6548	0.0688	1	17	123	5	2019	0.2	0.2946
55	alkalization	1.2385	0.0161	18	12	175	5	2019	0	0
56	alloy	0.6386	0.0048	1	80	879	48	2019	2.25	3.3142
57	alpha	-0.9299	-0.3227	2	42	365	19	2019	2.9474	4.3414
58	altitude	-0.4644	0.2208	6	20	78	11	2019	0	0
59	alum sludge	0.4888	0.0459	10	22	125	7	2019	5.2857	7.7858
60	alumina	1.197	0.1597	1	27	231	10	2019	0	0
61	aluminium	0.8946	-0.2037	11	59	608	32	2019	4.5625	6.7205
62	ambulance	-0.8758	-0.2215	8	3	43	7	2019	0	0
63	ammonia level	-0.0797	-0.1388	6	7	45	5	2019	0	0
64	ammonium	0.974	-0.1337	11	13	120	7	2019	1	1.473
65	amorphous carbon	0.6864	-0.1333	6	23	70	6	2019	0	0
66	analytic hierarchy process	-0.7829	-0.2693	2	23	72	7	2019	0.5714	0.8417
67	android	-0.6119	-0.0549	2	14	37	7	2019	1.1429	1.6834
68	anfis	-0.2444	0.0699	6	27	96	9	2019	1.3333	1.964
69	angular velocity	-0.0729	0.3602	7	21	135	8	2019	0	0
70	animal	0.2574	-0.3483	9	21	41	5	2019	0.6	0.8838
71	anode	0.655	0.1005	1	81	304	17	2019	1.1176	1.6463
72	anomaly	-0.6996	0.0585	3	42	196	17	2019	1.1176	1.6463
73	ansys	0.027	0.3558	7	21	65	6	2019	1.6667	2.455
74	ant colony	-0.9083	0.0534	8	10	33	5	2019	0	0
75	antenna	-0.4105	0.2019	5	21	251	34	2019	0.6765	0.9964
76	antioxidant activity	1.1182	-0.3816	4	31	173	11	2019	1.4545	2.1425
77	aqueous solution	1.0235	-0.0453	11	115	528	21	2019	2.1905	3.2265
78	archipelago	0.1051	0.1991	7	6	62	8	2019	1.5	2.2095
79	arima	-0.7798	0.1427	3	38	151	16	2019	0.5	0.7365
80	arimax	-0.7226	0.1168	3	19	151	9	2019	0	0
81	array	-0.2475	0.0987	5	82	423	42	2019	1.0476	1.5431
82	artificial aggregate	1.0891	0.0473	1	12	129	12	2019	1.25	1.8412
83	artificial aging	0.8065	-0.0253	1	18	194	7	2019	0	0
84	artificial intelligence	-0.5396	-0.1288	15	34	69	8	2019	0.125	0.1841
85	ascorbic acid	0.7547	-0.1021	16	28	212	15	2019	1	1.473
86	asd	-0.8242	-0.1046	15	9	115	5	2019	0	0
87	aspergillus niger	0.9343	-0.4499	9	43	134	5	2019	1.4	2.0622
88	asphalt	0.4958	0.0116	12	11	88	10	2019	0	0
89	assumption	-1.0766	0.1501	3	50	270	18	2019	0.9444	1.3912
90	asymmetric effect	-1.0259	0.2389	8	5	70	5	2019	0	0
91	asymmetric stent	0.0296	0.372	7	1	5	5	2019	1	1.473
92	atmosphere	0.3374	-0.1345	15	114	324	16	2019	0.1875	0.2762
93	atomic absorption spectrophotometer	0.6873	-0.1052	11	39	114	5	2019	0.8	1.1784
94	attenuation	-0.4746	0.1189	5	9	41	6	2019	0	0
95	attitude	-1.0917	-0.0619	3	28	221	21	2019	1.0952	1.6133
96	auc	-0.9094	-0.0897	2	32	193	13	2019	1.2308	1.8129
97	audio	-0.683	-0.0033	5	24	71	8	2019	0.25	0.3682
98	authenticity	-0.7723	-0.0715	2	15	114	7	2019	0	0
99	avenida dos aliados	-0.708	0.1001	7	4	60	5	2019	0	0
100	average error	-0.1741	-0.0583	6	26	71	5	2019	0	0
101	average reliability	-0.7631	0.0255	5	3	19	6	2019	0	0
102	awt	-0.7332	-0.1514	2	8	57	7	2019	0.4286	0.6313
103	bacillus subtili	0.9537	-0.3478	11	60	313	10	2019	0.6	0.8838
104	backpropagation neural network	-0.0266	-0.2279	13	56	286	10	2019	2.1	3.0933
105	bacterium	0.7134	-0.2158	11	161	1334	63	2019	2.3175	3.4136
106	baffle	-0.1289	0.5447	7	9	68	9	2019	0	0
107	baffled block	-0.692	0.8414	5	7	216	6	2019	0	0
108	bahasa indonesia	-0.8662	-0.1999	2	18	61	7	2019	0	0
109	ball	-0.5032	-0.0912	15	30	96	6	2019	0.5	0.7365
110	bam	0.2555	0.0702	1	30	102	5	2019	0	0
111	bamboo shoot	1.1226	-0.5515	4	4	35	5	2019	2	2.946
112	bank indonesia	-0.8913	0.1414	3	20	102	5	2019	1.4	2.0622
113	bar	0.5289	-0.0733	4	174	706	32	2019	0.5312	0.7825
114	barium m hexaferrite	0.5151	0.1217	1	27	107	6	2019	0	0
115	bat algorithm	-0.2688	-0.2973	15	5	72	6	2019	0	0
116	batch experiment	1.0924	-0.1185	11	36	88	5	2019	2.2	3.2406
117	batch reactor	1.0821	-0.1942	4	78	204	9	2019	0.6667	0.982
118	bed reactor	1.2041	-0.1409	4	47	181	8	2019	0.5	0.7365
119	beef	-0.3711	-0.1034	2	12	85	11	2019	3.8182	5.6241
120	behavioral intention	-0.9644	-0.0601	8	12	36	6	2019	5	7.3649
121	bengawan solo river	-0.3665	0.083	10	14	79	6	2019	0	0
122	ber	-0.4909	0.1275	5	22	195	16	2019	0.1875	0.2762
123	best accuracy	-0.6717	-0.0887	3	33	101	6	2019	0	0
124	best model	-1.0523	0.1337	3	92	279	24	2019	1.1667	1.7185
125	bet	1.2005	-0.0695	4	89	263	10	2019	0.9	1.3257
126	better accuracy	-0.6931	-0.0697	10	30	60	5	2019	1	1.473
127	better quality	-0.1995	-0.1309	5	27	52	5	2019	0.2	0.2946
128	bicycle	-0.7664	-0.0693	6	16	125	18	2019	0	0
129	bifilm	0.8375	-0.0365	1	11	276	12	2019	0	0
130	bim	-0.9286	-0.1725	8	4	35	5	2019	3	4.419
131	binder	0.9677	-0.0206	1	71	222	11	2019	0.1818	0.2678
132	bio briquette	1.0686	0.0743	1	7	54	6	2019	1	1.473
133	bioactive compound	1.0974	-0.4274	4	37	155	7	2019	0	0
134	bioaugmentation	0.9214	-0.3946	11	30	189	6	2019	0	0
135	biodegradation	0.671	-0.4428	9	40	204	12	2019	6.5	9.5744
136	biodiesel	1.0595	-0.2465	4	94	994	48	2019	0.125	0.1841
137	biodiesel production	1.244	-0.3529	4	54	257	12	2019	0.3333	0.491
138	biodiesel yield	1.2493	-0.2274	4	33	219	5	2019	0	0
139	biofouling	0.5392	0.0034	11	20	75	5	2019	0.6	0.8838
140	biofuel	1.1713	-0.123	4	46	159	6	2019	0.5	0.7365
141	biogas	0.2589	0.2018	7	16	95	8	2019	0	0
142	bioremediation	0.7599	-0.3505	11	50	191	7	2019	1	1.473
143	biosensor	0.6473	0.0104	16	33	160	14	2019	0.4286	0.6313
144	biostimulation	0.9172	-0.3965	11	27	153	5	2019	2.2	3.2406
145	bit	-0.5203	-0.0693	5	51	244	24	2019	0.7083	1.0434
146	blade	-0.0542	0.4916	7	51	553	32	2019	0.8125	1.1968
147	bldc	-0.2382	0.1673	6	25	82	10	2019	0.2	0.2946
148	bldc motor	-0.2792	0.1732	6	26	91	14	2019	0.2857	0.4209
149	blind person	-0.7188	-0.1363	15	5	17	8	2019	0	0
150	blitar	-0.6235	0.0331	6	8	14	7	2019	0.1429	0.2104
151	block	-0.5874	0.341	5	81	427	25	2019	1.08	1.5908
152	blood cockle shell	1.198	-0.0958	11	7	60	6	2019	0	0
153	bma	-0.6767	0.1616	3	8	105	10	2019	0	0
154	bmkg	-0.7552	0.1881	3	8	14	5	2019	0	0
155	bob	-0.5181	-0.2616	19	3	20	9	2019	0	0
156	bod	0.1425	0.0546	10	52	264	14	2019	3.2143	4.7346
157	boiler	0.0113	0.4623	12	65	696	41	2019	0	0
158	bolus	0.1388	-0.1554	5	3	49	7	2019	1	1.473
159	boost converter	-0.0026	0.1655	6	12	73	13	2019	0.4615	0.6798
160	bottleneck	-0.8597	-0.3427	2	16	295	16	2019	0	0
161	bottom level process model	-1.0145	-0.38	2	9	228	6	2019	0	0
162	bpm implementation	-0.8648	-0.3276	2	7	33	5	2019	1.8	2.6514
163	bpnn	-0.0368	-0.2041	13	49	406	19	2019	1.8947	2.7909
164	brain tumor	-0.7156	0.1257	17	8	72	8	2019	0.5	0.7365
165	brake pad	0.5838	0.3273	7	8	198	11	2019	0	0
166	brantas river	0.2692	0.0428	10	25	207	10	2019	4.1	6.0392
167	break	0.244	-0.2722	13	49	206	7	2019	0.2857	0.4209
168	briquette	1.1147	0.1067	1	12	59	6	2019	0.1667	0.2455
169	brown rot fungi	0.5964	-0.5023	9	9	112	7	2019	3.4286	5.0502
170	btdc	0.2143	0.6301	14	37	315	13	2019	3.3846	4.9855
171	btu	-0.6193	0.2714	10	1	6	6	2019	0	0
172	bullet tuna	0.4679	-0.3448	11	3	36	6	2019	0	0
173	bulletproof vest	0.0661	0.2698	7	7	60	6	2019	4	5.8919
174	bump surface	-0.0287	0.542	7	9	156	6	2019	0	0
175	burden material	0.052	0.3149	10	5	66	6	2019	0	0
176	business process	-0.8682	-0.3072	2	58	523	41	2019	0.9512	1.4011
177	business process management	-0.8332	-0.3122	2	19	72	9	2019	0.5556	0.8183
178	business process model	-0.927	-0.3794	2	19	65	6	2019	0.5	0.7365
179	butanol	1.3656	-0.0611	18	23	207	10	2019	0.2	0.2946
180	caffeine	0.8299	-0.3339	9	21	140	6	2019	0	0
181	calcination	1.003	0.0691	1	77	340	14	2019	0.6429	0.9469
182	calcination temperature	1.1528	0.1187	1	46	233	10	2019	0.3	0.4419
183	calcium	0.9933	-0.1813	4	43	195	8	2019	0	0
184	calendar variation	-0.854	0.1537	3	20	66	7	2019	0.8571	1.2626
185	canal	-0.1147	0.0501	12	25	162	14	2019	0.1429	0.2104
186	cancer treatment	-0.3845	-0.0156	2	18	58	5	2019	0	0
187	cao	1.1172	-0.2112	4	37	195	8	2019	0	0
188	cao catalyst	1.178	-0.3428	4	18	94	6	2019	0	0
189	capacitance	0.8472	-0.0679	16	32	107	7	2019	0.1429	0.2104
190	capita expenditure	-1.2144	0.1448	3	8	36	5	2019	0	0
191	carbohydrate	0.9794	-0.3719	4	23	59	5	2019	0.4	0.5892
192	carbon	0.8	0.0318	1	201	1006	57	2019	0.2632	0.3876
193	carbon dioxide	0.8488	-0.0432	18	91	350	20	2019	0.8	1.1784
194	carbon emission	-0.6363	0.0862	8	7	30	6	2019	0	0
195	carbon fiber	0.0206	-0.0609	13	44	282	10	2019	1.2	1.7676
196	carbon monoxide	-0.247	0.4349	3	27	74	5	2019	1.2	1.7676
197	carbon nanotube	0.8764	-0.0121	16	46	157	9	2019	0	0
198	carbonization temperature	1.0466	0.0461	1	19	93	5	2019	0	0
199	carrageenan	1.2096	-0.0147	18	22	559	22	2019	0.3182	0.4687
200	cart	-0.6024	-0.0693	2	28	125	11	2019	1.0909	1.6069
201	cassava	0.9727	-0.2595	9	39	177	6	2019	0	0
202	cassava leafe	0.7024	-0.3353	9	19	235	11	2019	0.3636	0.5356
203	cassava starch	1.1722	-0.2686	9	36	203	10	2019	1.2	1.7676
204	catalyst	1.1194	-0.1408	4	230	2616	108	2019	0.4074	0.6001
205	cathode	0.5518	0.0543	10	96	300	13	2019	0.3846	0.5665
206	cation	1.2348	-0.0867	11	29	186	8	2019	2	2.946
207	ccm textural feature	-0.0272	-0.3029	13	6	48	6	2019	0	0
208	cct	-1.0799	-0.4414	19	2	7	7	2019	0	0
209	cellulase	0.9011	-0.4882	9	35	258	12	2019	1.8333	2.7005
210	cellulose	1.0366	-0.1693	9	109	371	18	2019	0.7222	1.0638
211	cement	0.3274	0.0388	1	44	192	14	2019	0.3571	0.5261
212	cent	-0.6903	0.0557	8	6	32	5	2019	0	0
213	central composite design	0.9326	-0.4628	4	24	123	5	2019	0.8	1.1784
214	cfd	-0.0238	0.4172	12	53	159	9	2019	0.1111	0.1637
215	cfrp	0.037	-0.2404	13	38	242	9	2019	1.1111	1.6366
216	chance	-1.0485	0.0016	15	22	208	11	2019	0	0
217	characterization	0.8465	0.0286	1	351	1561	78	2019	0.9872	1.4541
218	chart	-0.9433	0.0663	3	21	166	21	2019	0.5714	0.8417
219	chemical	0.8357	-0.1214	16	80	182	12	2019	0.6667	0.982
220	chemical composition	0.8903	-0.1039	4	84	177	9	2019	0.2222	0.3273
221	chemical oxygen demand	0.4132	0.0358	10	53	167	9	2019	2.3333	3.437
222	chicken production	-0.5762	0.0051	8	4	25	5	2019	0	0
223	child	-0.8505	-0.0997	15	21	208	13	2019	0.2308	0.3399
224	chitin	1.318	-0.1266	18	14	94	10	2019	0.4	0.5892
225	chitosan	1.3143	-0.1047	18	46	393	17	2019	1.4118	2.0795
226	chlorophenyl	0.5756	-0.55	9	9	121	7	2019	2	2.946
227	chlorophyll concentration	-0.0122	-0.0883	10	14	47	6	2019	0	0
228	cholera	-0.5861	0.2354	8	4	15	5	2019	0.6	0.8838
229	chrastil	0.6925	-0.3059	4	13	76	6	2019	3	4.419
230	chromium	0.8455	-0.1293	11	57	266	13	2019	1.8462	2.7194
231	cinnamic acid	0.4719	-0.2247	9	3	24	6	2019	0	0
232	circuit breaker	0.2109	0.108	12	38	116	7	2019	0.1429	0.2104
233	circular cylinder	-0.1017	0.7071	7	37	486	26	2019	1.3846	2.0395
234	circular turbulator	-0.0145	0.7161	7	13	130	6	2019	0.6667	0.982
235	citronella oil	1.0288	-0.3995	4	36	200	8	2019	0.5	0.7365
236	classification method	-0.7621	-0.1891	2	78	295	26	2019	0.5385	0.7931
237	classification model	-0.9678	-0.2062	2	29	63	5	2019	0.4	0.5892
238	climate change	-0.14	0.1261	10	66	269	15	2019	0.2	0.2946
239	cloud	-0.9042	-0.0549	5	35	198	16	2019	0.0625	0.0921
240	cloud computing	-1.0365	-0.1015	5	10	47	5	2019	0	0
241	clutter	-0.3065	0.3026	5	4	40	8	2019	0	0
242	cm x	0.8886	0.0138	12	34	115	9	2019	0.1111	0.1637
243	cm yr	-0.4436	0.2062	6	6	21	11	2019	0	0
244	cmk	0.6621	-0.1119	1	18	103	6	2019	0	0
245	cmkc	1.2342	0.0296	18	14	289	9	2019	0.5556	0.8183
246	cng	0.1907	0.6443	14	41	187	8	2019	0.875	1.2889
247	cng fuel	0.0931	0.6641	14	17	55	5	2019	2.4	3.5352
248	cnn	-0.7097	-0.1253	2	42	178	25	2019	0.44	0.6481
249	co culture	1.216	-0.4877	9	21	235	5	2019	2	2.946
250	co precipitation	0.9711	0.1241	1	39	143	6	2019	2	2.946
251	co precipitation method	1.0383	0.1359	1	74	275	12	2019	0.75	1.1047
252	co solvent	1.3699	-0.5066	4	40	542	15	2019	0.3333	0.491
253	co2 injection	-0.0651	0.5369	7	7	70	5	2019	2	2.946
254	co3o4	1.2024	-0.0665	1	34	152	5	2019	0	0
255	coal	0.2364	0.3946	12	83	901	58	2019	0.0517	0.0762
256	coal price	-0.5668	0.1621	15	6	45	5	2019	0	0
257	coastal area	-0.037	-0.0089	12	46	202	17	2019	0	0
258	coastline change	-0.0234	0.1379	10	7	76	8	2019	0	0
259	coating	0.8208	0.0844	1	135	625	34	2019	0.4118	0.6065
260	coconut husk	1.0104	-0.4661	9	28	102	5	2019	2.2	3.2406
261	coconut oil	1.2769	-0.1981	4	50	299	12	2019	0.5833	0.8592
262	coconut shell	0.896	-0.0128	1	32	125	9	2019	0.2222	0.3273
263	cod	0.3091	0.0657	10	82	552	31	2019	1.3871	2.0432
264	cod removal	0.1429	0.07	12	40	297	13	2019	2.9231	4.3056
265	code	-0.4826	0.0235	2	40	133	11	2019	1	1.473
266	coffee bean	0.4862	-0.2368	9	18	92	10	2019	0	0
267	coffee pulp waste	1.0655	-0.4134	9	50	338	12	2019	0.6667	0.982
268	coherence time value	-0.4295	0.0854	5	5	40	5	2019	0	0
269	coherent gain	-0.3977	0.2372	5	9	98	5	2019	1	1.473
270	cohesive device	-0.7016	-0.332	2	3	49	7	2019	0	0
271	combustion	0.2478	0.5573	14	95	609	27	2019	1.4444	2.1276
272	combustion process	0.121	0.5353	14	55	272	12	2019	1.6667	2.455
273	comment	-0.933	-0.1697	2	25	96	5	2019	0	0
274	communal septic tank	0.1255	0.052	10	5	41	6	2019	1	1.473
275	communication system	-0.5122	0.0562	5	27	167	15	2019	0.2667	0.3928
276	community participation	-0.8977	-0.113	8	26	86	9	2019	1	1.473
277	competency	-0.848	-0.1944	15	21	118	9	2019	0	0
278	complaint	-0.6596	-0.1475	16	29	261	18	2019	0.1111	0.1637
279	composite	0.7684	0.0007	1	222	2349	127	2019	0.9843	1.4498
280	composite brake pad	0.5911	0.3386	7	8	120	5	2019	0	0
281	composite material	0.2378	-0.153	13	55	231	13	2019	1.3077	1.9262
282	compressive strength	0.6982	-0.0033	1	86	705	30	2019	0.6333	0.9329
283	compressor	-0.2299	0.3955	7	23	100	10	2019	0	0
284	computation time	-0.4552	0.1157	6	19	68	6	2019	0.6667	0.982
285	computational fluid dynamic	-0.014	0.4507	7	53	158	9	2019	0.5556	0.8183
286	computer	-0.6451	-0.1037	8	60	222	17	2019	0.5294	0.7798
287	computer system	-0.8362	-0.1217	8	21	97	5	2019	0.4	0.5892
288	concept drift	-0.804	-0.3597	2	5	45	5	2019	0	0
289	concrete column	0.4827	0.0078	1	10	40	7	2019	1.2857	1.8938
290	consensus	-0.2508	0.0376	6	7	55	7	2019	0	0
291	consolidation	1.1799	-0.701	11	1	10	5	2019	0	0
292	consortium	0.914	-0.3884	11	40	227	9	2019	0.2222	0.3273
293	contact time	0.9967	-0.1143	11	52	257	14	2019	0.9286	1.3678
294	contaminated soil	0.9394	-0.3869	11	34	217	8	2019	2.125	3.1301
295	context	-0.9253	-0.1233	6	44	159	16	2019	1	1.473
296	contract	-0.7119	-0.0005	15	32	149	18	2019	0.1667	0.2455
297	contractor	-0.7598	-0.0215	15	4	56	7	2019	0	0
298	contrary	0.162	0.0192	12	40	88	6	2019	0.8333	1.2275
299	control chart	-0.979	0.0709	3	17	161	16	2019	0.3125	0.4603
300	control flow pattern	-0.8801	0.0752	3	10	59	5	2019	1.6	2.3568
301	control limit	-0.9869	0.0607	3	16	87	7	2019	0.5714	0.8417
302	convolutional neural network	-0.6881	-0.114	2	44	156	26	2019	0.3462	0.5099
303	cooling	0.1168	0.1166	13	47	218	11	2019	1.1818	1.7408
304	copper	0.5851	-0.0528	11	92	277	16	2019	0.5625	0.8286
305	corn production	-0.6901	0.0538	8	12	56	7	2019	0	0
306	corn productivity	-0.6775	0.044	8	10	49	9	2019	1.6667	2.455
307	corona	-0.1469	0.0705	5	9	85	5	2019	0	0
308	corpus	-0.8962	-0.2358	2	21	101	8	2019	0	0
309	corrosion	0.7952	-0.116	11	82	585	33	2019	1.5455	2.2764
310	corrosion rate	0.8239	0.1278	11	39	285	18	2019	0.1667	0.2455
311	cosine similarity	-0.9369	-0.1974	2	25	89	7	2019	0.1429	0.2104
312	covariate	-1.1321	0.1769	3	10	76	7	2019	0	0
313	cox phm	-0.9923	0.0812	3	13	176	7	2019	0.5714	0.8417
314	cpm	-0.8005	-0.4567	19	3	45	5	2019	0	0
315	cpw	1.1857	-0.4222	9	31	305	10	2019	1.5	2.2095
316	crazypso	-0.4368	-0.1367	8	9	63	6	2019	0	0
317	crime	-0.8729	-0.1007	2	12	27	9	2019	0	0
318	cristobalite	1.0893	0.1103	1	54	221	9	2019	1.8889	2.7823
319	crop	-0.5745	0.1655	3	18	75	6	2019	0	0
320	cross validation	-1.0377	0.1131	3	72	231	16	2019	0.3125	0.4603
321	crude oil	0.7344	-0.2815	11	52	471	24	2019	1.25	1.8412
322	crude palm oil	1.0268	0.0639	4	20	72	5	2019	0	0
323	crystal structure	0.9685	0.0843	1	78	187	8	2019	0	0
324	crystallinity	1.0227	-0.0401	1	123	453	17	2019	0.2353	0.3466
325	crystallite size	0.964	0.1471	1	60	156	8	2019	1.25	1.8412
326	crystallization	0.9672	-0.166	9	41	139	10	2019	0.1	0.1473
327	ctab	1.0532	0.0104	1	44	129	5	2019	0.2	0.2946
328	ctq	-0.0301	-0.3033	13	34	202	5	2019	0	0
329	culture	0.517	-0.392	9	104	427	26	2019	1.7692	2.6061
330	current density	0.3267	0.1071	5	59	141	10	2019	3	4.419
331	current study	-0.7898	0.046	3	18	47	7	2019	5.4286	7.9962
332	customer satisfaction	-1.1065	-0.1866	2	28	111	11	2019	1.8182	2.6782
333	customized software	-0.6181	-0.112	8	5	30	5	2019	0	0
334	cut	0.0028	-0.2536	13	43	474	15	2019	0.7333	1.0802
335	cvt	-0.0489	0.2803	12	9	162	9	2019	0	0
336	cwwtp	0.1445	0.1313	12	5	49	7	2019	0	0
337	cybersickness	-0.8696	-0.1253	3	7	90	6	2019	0	0
338	cyclic voltammetry	0.6752	-0.0131	16	27	72	6	2019	1	1.473
339	cylinder	0.034	0.6017	7	82	429	26	2019	1.1154	1.6429
340	d m	0.9902	-0.4043	4	14	156	6	2019	1	1.473
341	dairy cow	0.1368	-0.1151	6	8	87	9	2019	0	0
342	data hiding	-0.6886	0.0012	5	24	117	12	2019	0.1667	0.2455
343	data security	-0.8534	-0.0483	5	26	76	6	2019	0.3333	0.491
344	data set	-0.8345	-0.0246	3	51	160	16	2019	0.4375	0.6444
345	db tmf system	0.361	0.012	1	3	24	6	2019	0	0
346	dbm	0.6465	0.1941	16	13	70	5	2019	0	0
347	dc dc converter	-0.0189	0.1469	6	16	53	6	2019	0.3333	0.491
348	dc voltage	0.0401	0.1485	6	18	30	5	2019	1	1.473
349	ddt	0.5757	-0.55	9	9	121	7	2019	2	2.946
350	dec	1.3375	-0.1007	18	24	161	9	2019	0.1111	0.1637
351	december	-0.386	0.1027	10	23	73	6	2019	0	0
352	decision maker	-0.754	-0.0439	8	37	125	7	2019	0.2857	0.4209
353	decision support system	-0.8121	-0.0519	2	26	104	10	2019	0	0
354	decision tree	-0.899	-0.1315	2	34	102	8	2019	0.25	0.3682
355	decreasing	0.5219	0.0425	11	43	105	6	2019	0.5	0.7365
356	defect	0.365	-0.0273	6	77	376	22	2019	0.1364	0.2009
357	deg	-0.0229	0.4677	7	12	133	11	2019	0	0
358	degradation	0.7126	-0.2021	9	213	983	47	2019	1.5532	2.2878
359	delamination	0.0746	-0.2312	13	42	460	20	2019	1.65	2.4304
360	dengue case	-0.6624	-0.1852	3	3	40	5	2019	1	1.473
361	dependent variable	-0.8925	0.1438	3	40	103	9	2019	0.4444	0.6547
362	deposit insurance	-0.7841	0.2216	8	5	59	7	2019	0	0
363	deposit insurance premium	-0.7804	0.2202	8	5	67	9	2019	0	0
364	depth	-0.2182	0.1109	13	114	971	72	2019	0.5278	0.7774
365	des	0.7565	-0.4081	4	22	202	7	2019	0.5714	0.8417
366	design pattern	-0.9938	-0.048	5	5	83	10	2019	0.3	0.4419
367	destination	-0.8948	0.0314	8	22	64	7	2019	0.4286	0.6313
368	determinant	-1.1306	-0.0298	3	26	109	10	2019	2.9	4.2717
369	diesel	0.2873	0.2303	14	66	394	20	2019	4.05	5.9656
370	diesel engine	0.0831	0.5427	14	58	371	23	2019	0.6087	0.8966
371	diesel fuel	0.0263	0.3918	14	41	133	10	2019	0.4	0.5892
372	diethyl carbonate	1.3361	-0.0995	18	24	136	8	2019	0.25	0.3682
373	difference expansion	-0.751	-0.0084	5	20	70	8	2019	2.75	4.0507
374	digital image	-0.7332	-0.0098	5	19	41	6	2019	3	4.419
375	digital wallet	-0.9621	-0.0653	8	6	45	5	2019	0	0
376	direct flaming	0.9155	0.1697	1	10	108	6	2019	0	0
377	diversity	-0.1434	0.0697	5	57	368	30	2019	0.2333	0.3437
378	dma	0.6957	-0.0308	1	45	153	9	2019	1.6667	2.455
379	dmaaps	1.2821	-0.0814	11	9	151	10	2019	2.5	3.6825
380	dmf	1.2466	-0.0539	1	47	187	7	2019	0	0
381	dna	-0.4296	-0.1244	2	26	136	11	2019	0	0
382	dnn	-0.8178	0.0756	3	28	253	15	2019	0.0667	0.0982
383	document	-0.8869	-0.1249	2	64	445	42	2019	0.1667	0.2455
384	doppler effect	-0.4959	0.125	5	10	128	8	2019	0	0
385	downstream	-0.2187	0.4797	10	40	126	6	2019	0.3333	0.491
386	drag coefficient	-0.1399	0.8593	7	9	110	5	2019	0	0
387	drawback	-0.8108	0.0398	3	33	81	10	2019	0.7	1.0311
388	drilling machine	0.0397	-0.2397	17	11	210	5	2019	0	0
389	drilling process	0.0665	-0.2389	13	42	344	10	2019	0.8	1.1784
390	drilling string	0.1074	-0.0124	17	6	216	12	2019	0	0
391	drought	-0.6311	0.0644	10	44	320	20	2019	1.95	2.8723
392	drug	-0.1963	-0.1742	2	23	88	7	2019	0	0
393	dry season	-0.1641	0.1614	10	38	105	10	2019	0.4	0.5892
394	dssc	0.9739	0.14	1	33	301	17	2019	0.1176	0.1733
395	dual fuel diesel engine	0.1915	0.5858	14	43	257	12	2019	1.3333	1.964
396	dual fuel engine	0.1507	0.6208	14	53	484	24	2019	1.6667	2.455
397	duct	-0.0367	0.7097	7	18	184	10	2019	0.6	0.8838
398	ductility	0.4349	0.0017	1	18	57	8	2019	0	0
399	ducting	0.0332	0.6851	7	20	121	6	2019	0.6667	0.982
400	ducting system	-0.0383	0.6998	7	13	115	5	2019	0.2	0.2946
401	duration time	-0.0579	-0.0039	11	27	127	8	2019	0.375	0.5524
402	dut	0.904	-0.0319	1	11	117	9	2019	0	0
403	dva	0.2357	-0.2542	17	18	171	7	2019	1.1429	1.6834
404	dwelling time	-0.3965	0.0524	2	23	128	11	2019	0.7273	1.0713
405	dye	0.8397	-0.2063	9	111	541	29	2019	1.3448	1.9809
406	dye sensitized solar cell	0.9944	0.1472	1	28	136	7	2019	0.1429	0.2104
407	dynamic mechanical property	1.0708	-0.0418	1	28	87	5	2019	0.4	0.5892
408	dynamic positioning mode	-0.6193	0.2714	10	1	6	6	2019	0	0
409	e commerce	-1.0614	-0.2131	2	29	89	11	2019	0.2727	0.4017
410	e government	-1.0546	-0.1925	8	12	109	19	2019	0.1053	0.1551
411	e government service	-1.0659	-0.1432	8	7	46	8	2019	0	0
412	e leadership	-1.0449	-0.2265	8	6	75	5	2019	0	0
413	e nose	-0.3667	-0.0805	2	12	43	8	2019	4.875	7.1808
414	east coast	0.3335	0.0009	12	15	82	5	2019	0	0
415	east nusa tenggara	-0.6429	0.0943	3	36	127	9	2019	2.2222	3.2733
416	ecc	-0.0392	-0.017	1	8	54	6	2019	4	5.8919
417	ecg	-0.607	-0.1061	17	23	60	6	2019	0	0
418	ecg signal	-0.5317	-0.099	17	8	66	8	2019	0	0
419	ecological footprint	-0.6066	0.0882	8	9	62	5	2019	0	0
420	ecosystem service	-0.4333	0.1705	10	5	36	6	2019	0	0
421	edt	-0.8495	-0.1127	5	3	30	5	2019	0	0
422	education	-1.0004	-0.0452	15	72	440	40	2019	0.825	1.2152
423	educational game	-0.885	-0.1533	15	9	108	7	2019	1	1.473
424	edx	1.1579	0.0118	1	83	274	12	2019	0.5833	0.8592
425	eeg	-0.7805	-0.0966	3	46	288	21	2019	0.7619	1.1223
426	eeg signal	-0.7772	-0.0967	3	25	156	9	2019	0.8889	1.3093
427	efb	0.1644	0.2527	14	7	75	12	2019	0	0
428	effective method	0.4691	-0.1718	4	46	92	5	2019	0.2	0.2946
429	eggshell	1.2275	-0.2161	4	30	438	11	2019	0.1818	0.2678
430	egr	-0.0835	0.5276	7	13	121	8	2019	2	2.946
431	ehealth	-0.9841	-0.1055	8	7	84	7	2019	0	0
432	eit	-0.2026	0.0363	5	11	54	6	2019	0	0
433	elbow	-0.0234	0.7084	7	13	172	8	2019	0.5	0.7365
434	electric field	-0.1831	0.0495	5	29	219	10	2019	0.7	1.0311
435	electric furnace	-0.0759	0.3341	12	19	116	6	2019	0.1667	0.2455
436	electric power	0.1158	0.2464	7	17	72	7	2019	0.8571	1.2626
437	electric scooter	-0.1425	0.1068	6	8	52	7	2019	0	0
438	electric vehicle	-0.197	0.1631	6	33	108	19	2019	0.1053	0.1551
439	electrical conductivity	0.7464	0.0478	1	69	391	21	2019	0	0
440	electro oxidation	0.5407	0.0779	10	30	136	8	2019	1.875	2.7618
441	electrochemical method	0.7621	-0.0003	16	23	61	5	2019	6	8.8379
442	electrochemical property	0.701	-0.0148	1	37	168	6	2019	2.3333	3.437
443	electrode	0.5179	-0.0121	16	132	645	48	2019	1.0833	1.5957
444	electrolysis	0.5006	0.0705	10	12	108	6	2019	1	1.473
445	electron microscope	0.88	-0.0058	1	77	139	7	2019	0.2857	0.4209
446	electron microscopy	0.9227	-0.045	1	189	597	29	2019	1.5172	2.2349
447	elongation	0.2302	-0.2244	13	49	256	15	2019	0.6667	0.982
448	emission	-0.042	0.3643	14	142	1156	89	2019	1.0562	1.5557
449	emotion recognition	-0.9537	-0.1354	2	14	170	12	2019	2.8333	4.1735
450	empirical result	-0.9964	0.126	3	26	64	5	2019	2.6	3.8298
451	employee	-0.7766	-0.2685	2	27	139	18	2019	1.1667	1.7185
452	emt	-0.7738	0.0766	3	6	21	5	2019	3.6	5.3027
453	emu g	0.8058	0.1811	1	23	242	12	2019	0.1667	0.2455
454	emulsion fuel	0.1829	0.5456	14	23	151	9	2019	0	0
455	end milling parameter	-0.0486	-0.2922	13	23	340	8	2019	0	0
456	end milling process	-0.0313	-0.2278	13	35	325	10	2019	0.7	1.0311
457	energy band gap	0.3112	0.0007	6	15	225	10	2019	0	0
458	energy conversion	-0.0294	0.1871	2	15	70	8	2019	0.25	0.3682
459	energy dispersive x ray	1.1216	-0.06	1	87	198	8	2019	0.25	0.3682
460	energy loss	0.1465	0.5358	7	20	99	9	2019	0.2222	0.3273
461	engine	-0.0652	0.3985	14	123	710	50	2019	0.76	1.1195
462	engine load	0.2297	0.5715	14	32	135	8	2019	0.125	0.1841
463	engine performance	0.2255	0.6027	14	47	333	15	2019	2.6	3.8298
464	ensemble	-0.4779	0.1005	6	29	110	13	2019	0.1538	0.2266
465	ensemble kalman filter	-0.4006	0.1298	6	13	74	6	2019	0.3333	0.491
466	entrepreneurial intention	-1.0995	-0.0145	3	8	168	6	2019	0	0
467	environmental condition	-0.3242	0.0523	10	39	138	7	2019	0.5714	0.8417
468	enzymatic hydrolysis	0.9895	-0.482	9	44	268	8	2019	1.125	1.6571
469	enzyme	1.0455	-0.3726	9	99	483	27	2019	0.5926	0.8729
470	epfb	0.9722	0.1599	1	6	104	8	2019	0	0
471	equivalent ratio	0.7462	0.3792	14	3	24	6	2019	0	0
472	erosion	0.0966	0.1083	10	26	79	7	2019	1	1.473
473	escherichia coli	0.6104	-0.063	11	17	120	5	2019	0	0
474	essential oil	0.9715	-0.4269	4	31	166	8	2019	0.75	1.1047
475	essential role	-0.9668	-0.3677	19	35	79	7	2019	0.1429	0.2104
476	esterification	1.2025	-0.2357	4	29	131	7	2019	0.2857	0.4209
477	estimation method	-0.8059	0.1579	3	51	106	11	2019	0.4545	0.6695
478	estimator	-1.1142	0.1797	3	65	400	31	2019	0.6129	0.9028
479	etc	-0.334	0.2221	7	32	71	5	2019	0.2	0.2946
480	ethane	0.5915	-0.5603	9	9	77	5	2019	1.6	2.3568
481	ethanol	1.1519	-0.208	18	178	902	40	2019	0.275	0.4051
482	ethyl acetate	1.2141	-0.504	4	39	452	16	2019	0.3125	0.4603
483	ethylene oxide	1.2678	-0.1112	18	17	89	5	2019	0.4	0.5892
484	eucalyptus	0.3373	-0.6468	16	5	144	8	2019	0	0
485	event	-0.7491	-0.1872	2	118	792	67	2019	0.8209	1.2092
486	event log	-0.9111	-0.3827	2	32	430	27	2019	1.4815	2.1822
487	exact method	-0.9725	0.2093	8	6	96	6	2019	0	0
488	exclusive breastfeeding	-1.1747	0.0716	15	26	208	8	2019	0.125	0.1841
489	exhaust emission	0.0826	0.6093	14	49	304	13	2019	0.6154	0.9065
490	exhaust gas	-0.0262	0.3708	12	38	169	8	2019	0	0
491	exit	0.0391	-0.1448	13	22	160	6	2019	0	0
492	exogenous variable	-0.9349	0.0979	3	34	93	6	2019	0.3333	0.491
493	exoskeleton	-0.5326	0.0385	6	4	42	6	2019	0	0
494	experimental data	0.6676	0.0582	18	137	410	22	2019	1.2727	1.8747
495	experimental design	0.2264	-0.2938	13	84	253	10	2019	0.5	0.7365
496	experimental study	0.2251	0.1532	17	129	408	22	2019	0.1364	0.2009
497	extract	1.0158	-0.3128	4	49	310	20	2019	0.9	1.3257
498	extraction	0.4627	-0.3052	4	234	1735	93	2019	0.7204	1.0612
499	extraction method	-0.1046	-0.2589	4	69	270	19	2019	0.9474	1.3955
500	extraction time	0.984	-0.4485	4	70	501	17	2019	0.5882	0.8665
501	eye	-0.532	-0.1833	15	54	116	7	2019	0	0
502	eye gaze accuracy	-0.7753	0.0749	3	10	72	6	2019	10.3333	15.2208
503	f measure	-0.9123	-0.1084	2	50	165	13	2019	0.6154	0.9065
504	f s	0.8175	-0.4109	4	30	126	5	2019	1	1.473
505	fabrication	0.7197	0.0321	1	100	304	22	2019	0.8636	1.2721
506	face image	-0.6179	-0.0633	2	15	62	8	2019	1	1.473
507	face recognition	-0.6482	-0.0903	2	15	69	10	2019	0.8	1.1784
508	faee	1.4532	-0.5137	4	19	390	10	2019	0	0
509	farmer	-0.3686	0.008	10	37	214	15	2019	0	0
510	fatty acid	1.2536	-0.3142	4	65	349	15	2019	0.1333	0.1964
511	fe co hzsm	1.238	-0.0211	4	37	147	5	2019	0	0
512	fe content	1.1248	0.0869	1	32	136	7	2019	0	0
513	fe2o3	1.0227	0.0936	1	72	219	11	2019	0.8182	1.2052
514	fe3o4	0.7334	0.2282	1	53	320	15	2019	1.4667	2.1604
515	fe3o4 ferrofluid	0.5925	0.1787	1	9	80	8	2019	0	0
516	feasibility study	-0.5592	0.1926	15	19	57	7	2019	0	0
517	feature extraction	-0.7958	-0.1364	2	75	299	24	2019	0.0833	0.1227
518	feature selection	-0.6918	-0.0611	3	69	427	34	2019	1.1176	1.6463
519	feature selection method	-0.9224	-0.0698	3	20	51	6	2019	0.1667	0.2455
520	feed	0.5723	-0.2597	4	66	214	12	2019	0.5833	0.8592
521	feed rate	0.0611	-0.0511	13	42	219	8	2019	3.125	4.6031
522	feedback	-0.7431	-0.0946	15	58	201	16	2019	0.4375	0.6444
523	fermentation	0.8671	-0.3088	9	59	421	20	2019	0	0
524	fermentation process	0.7278	-0.3904	9	52	228	9	2019	0.3333	0.491
525	fermentation time	0.6846	-0.302	9	37	179	9	2019	0.5556	0.8183
526	ferrofluid	0.2194	0.2665	7	19	127	13	2019	0	0
527	ferroresonance	0.0942	0.1872	12	18	107	12	2019	0.0833	0.1227
528	fes	-0.4783	-0.2865	2	30	117	8	2019	2.25	3.3142
529	ffa	1.1123	-0.4177	4	49	382	11	2019	0	0
530	ffnn	-0.8681	0.2181	3	20	230	9	2019	0	0
531	fft	-0.2058	0.0616	5	18	60	5	2019	0.4	0.5892
532	fgr	0.1827	0.532	12	10	144	6	2019	0	0
533	filler	0.9471	-0.0106	1	82	413	31	2019	0.6452	0.9503
534	film	0.7516	-0.1415	13	72	500	28	2019	1.6786	2.4725
535	fineness	0.2119	0.3961	12	18	163	8	2019	0	0
536	fingertip	-0.5565	-0.3939	2	5	55	5	2019	0	0
537	finite element method	0.1658	0.1408	7	30	70	6	2019	0.6667	0.982
538	firm performance	-0.8559	-0.2476	2	4	40	10	2019	0	0
539	first time	0.3153	-0.0784	2	33	67	5	2019	2.8	4.1244
540	fish	-0.0457	-0.1059	12	67	350	21	2019	0.7619	1.1223
541	fish quality	-0.0838	-0.1706	6	5	40	5	2019	0	0
542	fisherman	-0.1258	0.0371	12	14	54	8	2019	0.25	0.3682
543	flame pyrolysis	0.9943	0.0576	1	31	136	5	2019	2.4	3.5352
544	flat plate	0.0554	0.454	7	22	150	9	2019	1.1111	1.6366
545	flow velocity	-0.6654	0.8144	5	18	289	10	2019	0.1	0.1473
546	fluid flow	0.201	0.3858	7	47	145	12	2019	1	1.473
547	fly ash	0.8827	0.0279	1	68	398	21	2019	0.5714	0.8417
548	food safety	-1.6853	-0.254	2	8	148	21	2019	2.5238	3.7175
549	force	0.0341	0.2607	13	132	552	42	2019	0.9286	1.3678
550	force sensor	-0.7793	-0.0365	6	1	15	5	2019	0	0
551	forecast	-0.7705	0.1799	3	56	436	31	2019	0.1613	0.2376
552	formaldehyde	0.6333	-0.1308	9	24	114	7	2019	1.1429	1.6834
553	foundation	-0.4472	0.0625	3	16	65	12	2019	2.4167	3.5597
554	fourier	0.4222	0.0423	1	141	394	18	2019	1.7222	2.5368
555	fourier series	-1.1903	0.1534	3	15	53	5	2019	1.8	2.6514
556	fourier transform infrared	0.7915	0.0077	1	35	75	5	2019	0.2	0.2946
557	fraud	-0.5628	-0.188	2	11	48	5	2019	0	0
558	freundlich isotherm model	1.0873	-0.0936	11	34	97	5	2019	0.6	0.8838
559	friction	0.1614	0.3226	7	42	186	10	2019	1	1.473
560	front	-0.2885	0.5003	7	45	323	22	2019	1.1818	1.7408
561	fsc	-0.0578	0.2827	12	13	131	7	2019	0	0
562	fsmc	-0.1374	0.2484	6	8	48	6	2019	0.6667	0.982
563	ft ir	1.0789	-0.1356	1	75	180	7	2019	1.8571	2.7355
564	fti fspcm pattern	-2.9499	-6.4813	21	0	0	5	2019	0	0
565	ftir	0.9912	-0.0547	1	258	958	46	2019	0.6957	1.0247
566	ftir spectra	1.0181	-0.0822	1	79	210	9	2019	0.2222	0.3273
567	fuel consumption	0.0746	0.4078	14	60	312	26	2019	0.3077	0.4532
568	functional group	0.9121	-0.1276	1	138	438	22	2019	0.9091	1.3391
569	further analysis	0.0511	-0.2024	2	41	89	5	2019	0.6	0.8838
570	further investigation	0.668	-0.2528	9	58	127	6	2019	1.8333	2.7005
571	further study	0.2457	0.3537	12	29	69	5	2019	0	0
572	fuzzy controller	-0.3218	0.202	6	10	51	6	2019	0.6667	0.982
573	fuzzy regression	-0.8753	0.075	3	9	85	5	2019	2	2.946
574	fuzzy rule	-1.1625	-0.2935	2	5	29	5	2019	0	0
575	fuzzy signature	-1.1404	-0.1981	15	5	54	5	2019	0	0
576	g g	1.0093	-0.3222	9	59	144	8	2019	1	1.473
577	g l	0.877	-0.3769	9	84	453	20	2019	1.1	1.6203
578	g ml	0.7844	-0.4084	4	63	378	20	2019	0.7	1.0311
579	ga method	-0.2446	-0.1173	13	33	124	7	2019	2.2857	3.3668
580	game	-0.8417	-0.1157	15	59	535	44	2019	0.4091	0.6026
581	game controller	-0.7583	-0.0352	15	4	60	6	2019	0	0
582	gas chromatography	1.1607	-0.1021	18	44	110	6	2019	0.1667	0.2455
583	gas chromatography mass spectrometry	1.1852	-0.2369	4	51	125	5	2019	0.2	0.2946
584	gas sensor	0.0866	-0.158	6	25	61	10	2019	0.8	1.1784
585	gas source	0.0749	-0.1285	6	6	15	7	2019	1.4286	2.1043
586	gas station operator	-0.0081	0.0828	8	5	50	5	2019	0	0
587	gasoline	0.6269	0.1145	4	43	149	9	2019	3	4.419
588	gaussian kernel	-0.6662	0.0635	3	24	47	6	2019	0.8333	1.2275
589	gc ms	1.1272	-0.3058	4	46	129	5	2019	0.4	0.5892
590	gcp	-1.044	0.2885	3	3	21	6	2019	0	0
591	gcv	-1.2647	0.2036	3	25	145	8	2019	0.5	0.7365
592	gel	1.1651	-0.0178	11	83	515	26	2019	2.3077	3.3992
593	generalized poisson regression	-1.1674	0.1896	3	27	132	8	2019	0.125	0.1841
594	generator set	0.2108	0.2806	7	6	64	8	2019	0	0
595	geographic information system	-0.5612	0.0703	8	28	66	8	2019	0	0
596	geopolymer	1.1508	-0.0549	1	45	379	21	2019	1.2381	1.8237
597	geopolymer concrete	0.8014	0.026	1	39	188	12	2019	0.6667	0.982
598	geopolymer paste	1.1796	-0.0355	1	40	199	7	2019	0.8571	1.2626
599	gfdm	-0.6216	0.155	5	9	42	6	2019	0.1667	0.2455
600	ghz	0.2988	0.1147	1	25	76	7	2019	0	0
601	girder extension	0.1009	1.2954	13	3	35	5	2019	0	0
602	glcm	-0.73	-0.0983	2	26	53	7	2019	0.1429	0.2104
603	global method	-1.1017	0.196	3	6	46	7	2019	0.2857	0.4209
604	global positioning system	-0.4611	0.2036	6	16	61	6	2019	0	0
605	glucose	0.7502	-0.1871	9	98	344	16	2019	0.4375	0.6444
606	glycerol	0.7558	-0.2348	13	35	326	10	2019	0.8	1.1784
607	gmm	-0.7606	0.1285	17	23	111	9	2019	1	1.473
608	good agreement	0.7372	0.1168	1	59	113	7	2019	1.8571	2.7355
609	goodness	-1.031	0.1082	3	27	56	6	2019	1.3333	1.964
610	governance	-0.8045	-0.2493	2	32	127	19	2019	0.2105	0.3101
611	gpa	-1.0743	-0.1314	2	8	84	6	2019	0.6667	0.982
612	gpr	-1.1415	0.1865	3	24	76	5	2019	0.4	0.5892
613	gps	-0.4828	0.1742	6	22	94	17	2019	0.1176	0.1733
614	gra	-0.0197	-0.2186	13	26	102	6	2019	1.3333	1.964
615	grain size	0.4848	0.0637	1	48	136	8	2019	1.5	2.2095
616	gram	1.0725	-0.0685	1	47	175	11	2019	0.9091	1.3391
617	graph	-0.922	-0.4515	2	62	354	40	2019	1.725	2.5409
618	grease	0.3665	0.0958	16	24	61	5	2019	0.2	0.2946
619	grey fuzzy analysis	-0.045	-0.1384	13	20	112	5	2019	5.6	8.2487
620	habitus	0.2462	-0.1444	12	15	259	10	2019	0	0
621	halal	-1.6383	-0.2425	2	7	51	6	2019	1.8333	2.7005
622	halal food	-1.5883	-0.2234	2	11	123	9	2019	4.2222	6.2193
623	halal food consumption	-1.2556	-0.0827	3	5	63	7	2019	6	8.8379
624	hand gesture	-0.5823	-0.4014	2	7	40	6	2019	0	0
625	hardness	0.7783	0.0649	1	79	441	24	2019	0.2083	0.3069
626	harvested area	-0.6782	0.0798	8	13	53	6	2019	0	0
627	hcl	1.2688	-0.0624	18	89	298	14	2019	0.7143	1.0521
628	hdi	-1.2325	0.1298	3	24	145	12	2019	0.1667	0.2455
629	hdpe	0.4605	0.0075	12	15	63	5	2019	0	0
630	health service	-0.8176	-0.2278	2	17	96	8	2019	0.5	0.7365
631	heart rate	-0.9318	-0.2401	2	12	37	6	2019	0.3333	0.491
632	heat energy	-0.1272	0.3163	12	22	84	5	2019	0	0
633	heat exchanger	-0.2836	0.4956	7	44	292	35	2019	0.0286	0.0421
634	heat exchanger network	-0.3463	0.4993	7	5	46	6	2019	0.6667	0.982
635	heat release rate	0.181	0.672	14	39	194	7	2019	3.4286	5.0502
636	heat transfer	0.0332	0.4473	7	49	242	19	2019	0.0526	0.0775
637	heat treatment	0.8188	0.0025	1	81	409	19	2019	0	0
638	heavy metal	0.5536	-0.0166	10	44	124	6	2019	2.6667	3.928
639	heavy metal content	0.2639	0.0527	10	12	165	7	2019	6.1429	9.0483
640	hectare	-0.4282	0.1358	6	25	99	8	2019	0.125	0.1841
641	helical baffle	-0.2122	0.5502	7	10	96	7	2019	0	0
642	hemicellulose	1.0295	-0.2683	9	54	138	7	2019	0.2857	0.4209
643	hidden layer	-0.1883	-0.2035	13	72	397	19	2019	0.2105	0.3101
644	high concentration	0.7311	-0.0772	11	63	161	7	2019	0.4286	0.6313
645	high content	0.8332	-0.1401	4	54	116	6	2019	0	0
646	high frequency	-0.3104	0.056	5	21	42	6	2019	0.6667	0.982
647	high load	0.1748	0.6392	14	40	416	18	2019	1.2778	1.8821
648	high risk	-0.6108	0.2633	10	6	36	5	2019	0	0
649	high strength	0.5518	-0.0366	1	40	94	5	2019	2.2	3.2406
650	high temperature	0.4416	0.1866	1	61	141	11	2019	0.3636	0.5356
651	higher accuracy	-0.8868	-0.1262	2	26	70	5	2019	1.6	2.3568
652	higher concentration	0.9246	-0.1881	9	38	102	5	2019	0.4	0.5892
653	higher temperature	0.8657	-0.1027	1	60	128	8	2019	0.25	0.3682
654	higher yield	0.8281	-0.3933	4	50	134	5	2019	0.4	0.5892
655	highest accuracy	-0.7879	-0.1595	2	44	116	10	2019	1	1.473
656	highest number	-0.5563	-0.1666	3	16	55	5	2019	0.2	0.2946
657	histogram	-0.6217	0.0343	5	20	68	16	2019	0.1875	0.2762
658	hkust	1.1491	-0.0227	1	41	519	21	2019	0	0
659	holding time	0.4651	-0.1213	1	35	116	5	2019	0	0
660	hole entry	0.079	-0.2865	13	15	175	5	2019	0	0
661	hospital	-0.7662	-0.2064	2	38	294	37	2019	0.2703	0.3981
662	hotel aspect	-1.2391	-0.1795	2	16	162	6	2019	3	4.419
663	house connection	0.1676	0.046	10	8	54	6	2019	0.6667	0.982
664	household	-0.6431	0.1587	3	28	182	15	2019	0.1333	0.1964
665	hpa	-0.6724	0.1564	5	12	110	7	2019	0.8571	1.2626
666	hrv	-0.9578	-0.2368	2	9	36	5	2019	0.4	0.5892
667	human activity	-0.0299	0.0221	12	57	136	9	2019	0.1111	0.1637
668	human body	-0.3465	-0.1545	17	36	73	5	2019	0	0
669	human bone	0.6083	-0.0713	1	14	175	5	2019	0	0
670	human development index	-1.2305	0.1298	3	24	140	10	2019	0.2	0.2946
671	human resource	-0.933	-0.1582	2	46	147	12	2019	0.3333	0.491
672	hybrid	-0.8178	-0.3038	2	34	177	13	2019	1.8462	2.7194
673	hybrid method	-0.7706	0.0272	3	29	72	8	2019	0.25	0.3682
674	hybrid model	-0.8777	0.222	3	23	170	8	2019	1	1.473
675	hybrid system	-0.09	0.3376	7	8	28	6	2019	0.6667	0.982
676	hydrocarbon	0.9335	-0.186	11	95	389	15	2019	1.5333	2.2586
677	hydrocarbon biofuel	1.337	-0.1661	4	25	152	5	2019	0.8	1.1784
678	hydrocracking	1.2946	-0.1824	4	36	197	7	2019	0.7143	1.0521
679	hydrogen	0.711	0.0104	1	78	171	7	2019	2	2.946
680	hydrogen dilution	0.3081	-0.0001	6	15	170	7	2019	0	0
681	hydrolysis	1.1365	-0.3746	4	97	516	25	2019	0.56	0.8249
682	hydrophilicity	1.3142	-0.0807	1	12	100	5	2019	0	0
683	hydropower	-0.2353	0.1897	10	12	81	7	2019	0	0
684	hydrothermal process	1.0391	-0.2063	9	34	161	8	2019	0.875	1.2889
685	hypothesis testing	-1.1572	0.194	3	19	88	7	2019	0.2857	0.4209
686	hzsm	1.2604	-0.0831	4	57	865	32	2019	0.375	0.5524
687	ibuprofen	0.6808	-0.0778	1	27	96	5	2019	0	0
688	icaf	0.6116	-0.0823	11	22	146	6	2019	1.3333	1.964
689	ict	-0.8713	-0.1146	8	26	103	8	2019	0	0
690	idf	-0.455	0.1928	12	27	128	8	2019	1.25	1.8412
691	idr	-0.6943	-0.4178	19	25	76	17	2019	0.0588	0.0866
692	ignition delay	0.1841	0.65	14	33	118	5	2019	2.6	3.8298
693	ii pafinz	1.0008	-0.1026	11	15	156	6	2019	3	4.419
694	image quality	-0.623	0.0085	5	21	64	8	2019	0	0
695	image segmentation	-0.7209	0.0317	17	35	167	17	2019	0.3529	0.5199
696	imfs	-0.7226	-0.0351	3	8	90	5	2019	0	0
697	immobilized lipase	1.2073	-0.2706	4	24	174	12	2019	0	0
698	import value	-0.8957	0.1145	8	3	30	6	2019	9	13.2569
699	important element	-0.8894	-0.1401	8	18	47	6	2019	0.3333	0.491
700	important feature	-0.5123	-0.0728	2	16	59	7	2019	0.7143	1.0521
701	important parameter	0.14	0.022	13	44	97	5	2019	1.2	1.7676
702	impregnation	1.1528	-0.036	1	101	428	16	2019	0.5	0.7365
703	impregnation process	1.0609	-0.0208	1	65	140	5	2019	0	0
704	impurity	0.9452	-0.0723	4	71	251	9	2019	1	1.473
705	ina bwr	-0.5663	-0.17	16	6	100	5	2019	0	0
706	income inequality	-1.1381	0.2032	3	15	59	6	2019	0.1667	0.2455
707	incorporation	0.9368	0.0976	1	41	100	8	2019	0.25	0.3682
708	incubation	0.1127	-0.3887	9	61	217	13	2019	2.9231	4.3056
709	indian ocean	0.1172	-0.0405	7	20	85	7	2019	1.1429	1.6834
710	infant	-1.1581	0.1876	3	28	190	14	2019	0.2143	0.3156
711	inflow	-0.8551	0.1373	3	20	278	15	2019	0.8	1.1784
712	influence area	-1.1169	0.341	14	1	12	6	2019	0	0
713	information technology	-0.962	-0.2862	2	42	205	24	2019	0.0833	0.1227
714	inhibitor	1.0279	-0.1066	11	34	269	23	2019	1.6957	2.4977
715	initial concentration	1.0064	-0.1822	11	62	240	13	2019	1.2308	1.8129
716	injection	0.0197	0.4967	14	94	858	48	2019	0.875	1.2889
717	injection timing	0.1221	0.6252	14	39	339	15	2019	0.6667	0.982
718	inlet guide vane	-0.181	0.3988	12	10	80	5	2019	0	0
719	input feature	-0.862	-0.0647	2	25	63	5	2019	1.2	1.7676
720	input layer	0.0072	-0.3074	13	49	203	6	2019	0	0
721	insect	0.3536	-0.1158	12	21	244	11	2019	0	0
722	instagram	-0.8519	-0.1885	2	7	66	6	2019	2	2.946
723	instance	-0.8076	0.0857	8	57	158	12	2019	0.4167	0.6137
724	institut teknologi sepuluh nopember	-0.9259	-0.0739	5	25	74	8	2019	0.625	0.9206
725	interest rate	-0.7751	0.2125	8	10	37	6	2019	0	0
726	interrelationship	-0.7865	0.0411	3	17	60	5	2019	5.2	7.6595
727	intrusion detection system	-0.8956	-0.0806	3	19	42	6	2019	2	2.946
728	invisible task	-1.0476	-0.4403	2	13	354	16	2019	5.75	8.4697
729	involvement	-0.9335	-0.1531	8	28	127	8	2019	2	2.946
730	ion	0.9872	-0.0408	11	151	1061	57	2019	1.2632	1.8606
731	ionic liquid	0.8383	-0.1035	11	21	174	9	2019	1.3333	1.964
732	ipt	-2.0591	-0.338	20	2	30	5	2019	0	0
733	iron	1.01	-0.1351	4	160	759	35	2019	0.4571	0.6734
734	iron sand	0.969	0.1443	1	42	205	12	2019	0	0
735	irradiation	0.6856	-0.0368	1	77	409	24	2019	2.2083	3.2528
736	iso	-0.564	0.1374	15	15	69	7	2019	0.1429	0.2104
737	iso iec	-1.0692	-0.0579	5	14	79	6	2019	0	0
738	isolation	0.87	-0.3009	9	64	217	15	2019	1.1333	1.6694
739	isopropanol	1.0826	0.0907	18	18	123	7	2019	0	0
740	item	-0.9394	-0.1971	8	24	125	13	2019	0.4615	0.6798
741	java island	-0.4312	0.0935	6	32	100	7	2019	0	0
742	jci	-1.0217	0.237	8	5	84	7	2019	0	0
743	job performance	-0.7047	-0.3265	2	6	87	8	2019	3.875	5.7078
744	juvenile	-0.1991	-0.1377	12	21	177	7	2019	0	0
745	k nearest neighbor	-0.6211	-0.3438	2	25	90	10	2019	0.3	0.4419
746	k nn	-0.5372	-0.1518	2	20	53	6	2019	2.5	3.6825
747	kali surabaya river	-0.0753	0.128	10	16	104	5	2019	0	0
748	kampung	-0.8892	-0.0879	8	8	53	8	2019	0	0
749	kaolin	1.195	-0.1054	1	46	146	7	2019	2.2857	3.3668
750	kcal kg	0.2578	0.4813	12	26	129	6	2019	0.1667	0.2455
751	kcmp implementation	-0.6975	-0.0112	8	4	24	6	2019	1	1.473
752	kernel	-0.9437	0.0602	3	63	324	26	2019	0.8462	1.2464
753	kernel estimator	-1.324	0.2116	3	11	115	5	2019	0	0
754	kerosene	0.7993	-0.0056	4	32	93	6	2019	4.1667	6.1374
755	keyword	-1.1012	-0.227	2	30	78	7	2019	1	1.473
756	kg day	-0.0749	0.1592	10	13	195	13	2019	0	0
757	khz	-0.2915	0.0788	5	26	55	6	2019	0.1667	0.2455
758	killer whale algorithm	-0.2562	0.5035	7	15	50	5	2019	0.8	1.1784
759	kinetic	1.037	-0.0944	11	137	502	25	2019	1.88	2.7692
760	kinetic energy	-0.0241	0.2745	10	16	54	8	2019	0.75	1.1047
761	kl grade	-0.7441	-0.0957	2	6	108	9	2019	0	0
762	knot	-1.231	0.2008	3	25	161	11	2019	0.4545	0.6695
763	knot point	-1.2292	0.1819	3	23	75	6	2019	0.5	0.7365
764	knowledge representation	-0.9139	-0.2556	2	2	15	5	2019	0	0
765	koh	1.1862	-0.1913	4	45	341	9	2019	0	0
766	l valine	1.3399	-0.3319	9	7	85	5	2019	1	1.473
767	laboratory scale	0.5549	-0.0694	11	49	127	7	2019	0.2857	0.4209
768	laccase	0.9368	-0.2863	9	23	133	11	2019	1.3636	2.0086
769	lactic acid	0.7271	-0.2107	9	29	182	8	2019	0.25	0.3682
770	lactose	0.5482	-0.1708	9	19	105	5	2019	1.6	2.3568
771	land cover	-0.4261	0.1955	12	38	112	8	2019	0	0
772	land productivity	-0.6322	0.0595	8	23	57	5	2019	0	0
773	land use	-0.4723	0.1801	10	20	46	7	2019	0	0
774	land value	-2.0611	-0.3384	20	2	30	5	2019	0	0
775	lard adulteration	0.5713	0.0592	16	9	59	5	2019	0.6	0.8838
776	larona river	-0.2379	0.1936	10	16	72	7	2019	0	0
777	latent semantic analysis	-1.0164	-0.1618	2	37	276	12	2019	0.5	0.7365
778	lda	-1.0365	-0.1724	2	44	205	11	2019	1.5455	2.2764
779	ldpe	0.4078	0.0027	12	30	103	8	2019	0.5	0.7365
780	leaf nutrient	0.2533	-0.1467	12	15	129	5	2019	0	0
781	leafe	0.5065	-0.2904	4	107	669	45	2019	0.6222	0.9165
782	lecturer	-1.0296	-0.0839	5	19	105	9	2019	0	0
783	lettuce	-0.023	-0.0875	10	3	30	5	2019	0	0
784	lfp	0.8754	0.1102	1	27	112	5	2019	0	0
785	li16mn167o4	0.9201	0.0671	1	11	65	5	2019	0	0
786	lifepo4	0.8603	0.1063	1	34	174	8	2019	0	0
787	ligand	-0.1237	-0.2958	15	14	82	8	2019	0.25	0.3682
788	light naphtha	1.3871	-0.0939	18	4	35	5	2019	0	0
789	light source	0.573	0.0152	1	18	171	13	2019	2.6923	3.9657
790	lignin	1.0907	-0.4002	9	70	495	16	2019	0.875	1.2889
791	limestone	-0.12	0.0862	6	41	250	18	2019	0	0
792	linear vector quantization	-0.742	-0.1072	2	10	82	5	2019	0	0
793	lipid	1.2531	-0.5355	4	22	418	11	2019	0.9091	1.3391
794	liquid fuel	0.8194	0.0661	4	37	161	9	2019	1.4444	2.1276
795	liquid product	0.9386	0.129	1	23	87	5	2019	1.8	2.6514
796	literature review	-0.9095	-0.2152	2	39	141	21	2019	0.2857	0.4209
797	lithium ion battery	0.9072	0.146	1	37	155	14	2019	1	1.473
798	load demand	-0.1036	0.19	12	5	15	5	2019	0	0
799	load variation	0.0263	0.3606	12	36	107	6	2019	0.3333	0.491
800	loading	0.9763	-0.0918	4	146	646	33	2019	0.5152	0.7588
801	local community	0.1371	0.1176	12	17	77	7	2019	0	0
802	local government	-0.146	0.1639	12	20	53	7	2019	0	0
803	local ironstone	1.0964	0.1498	1	30	105	5	2019	0.6	0.8838
804	local method	-1.1089	0.2005	3	2	30	5	2019	0	0
805	log	-0.8835	-0.2661	2	41	229	15	2019	1.2	1.7676
806	longer time	0.3973	-0.2977	4	41	96	6	2019	0.1667	0.2455
807	longitudinal data	-1.2244	0.1956	3	25	242	13	2019	0.6154	0.9065
808	longitudinal distance	-0.6939	0.8443	5	7	185	5	2019	0	0
809	low frequency	-0.3052	0.0625	5	16	44	5	2019	0.4	0.5892
810	low load	0.1811	0.6459	14	36	170	6	2019	2.6667	3.928
811	low temperature	0.995	0.0416	1	52	125	6	2019	0.1667	0.2455
812	lrc	0.0802	0.591	12	25	176	6	2019	0	0
813	lsa	-0.9574	-0.153	2	24	242	12	2019	0	0
814	lscf	1.0902	0.1192	1	21	218	8	2019	1	1.473
815	lst	-0.3014	0.2313	12	10	126	12	2019	6	8.8379
816	lstm	-1.0119	0.0944	3	32	376	14	2019	1.0714	1.5782
817	lusi	-0.1476	0.0349	10	22	87	9	2019	0.1111	0.1637
818	machine learning	-0.9257	-0.0528	2	66	217	18	2019	0.2222	0.3273
819	machining process	0.0569	-0.158	13	34	160	9	2019	1.5556	2.2913
820	madura strait	-0.1087	0.0158	12	21	107	8	2019	1.5	2.2095
821	magnesium	0.8111	-0.0573	1	46	199	10	2019	0.1	0.1473
822	magnetic parameter	0.1791	0.3542	7	29	127	11	2019	2.8182	4.1511
823	magnetic property	0.52	0.1164	1	60	224	12	2019	1.8333	2.7005
824	magnetism	0.9401	0.017	1	10	78	5	2019	0.6	0.8838
825	magnetite nanoparticle	0.8101	0.1094	16	35	146	9	2019	5.3333	7.8559
826	mah g	0.8078	0.1175	1	49	154	10	2019	2.5	3.6825
827	main advantage	-0.3726	0.27	5	25	83	5	2019	1.2	1.7676
828	main component	0.4568	-0.1279	6	45	97	7	2019	0.7143	1.0521
829	main contribution	-0.7422	0.0637	5	17	43	6	2019	0.8333	1.2275
830	main object	-0.1402	0.8529	7	9	213	10	2019	0	0
831	main system	0.0403	-0.2409	17	11	172	6	2019	0	0
832	maintainability	-0.927	-0.0283	5	7	94	12	2019	0.3333	0.491
833	maintenance division	-0.9947	-0.1471	5	4	63	9	2019	0	0
834	makassar	-0.2997	0.2346	12	12	104	9	2019	0	0
835	malang city	0.2714	0.0172	10	23	108	9	2019	0	0
836	malang regency	-0.6642	-0.178	3	8	56	9	2019	0.5556	0.8183
837	manet	-0.8861	-0.3496	19	7	60	6	2019	0.5	0.7365
838	mangrofe	0.1767	-0.1807	12	26	240	10	2019	0	0
839	mangrove plant	1.1176	-0.1218	11	18	186	6	2019	2.5	3.6825
840	manihot esculenta crantz	0.3372	-0.6447	16	5	144	8	2019	0	0
841	mantis shrimp	0.0624	-0.2383	5	2	15	5	2019	4	5.8919
842	manufacturing industry	-0.0718	-0.2059	17	17	98	5	2019	0	0
843	marine environment	0.3401	-0.0314	11	37	75	5	2019	2.6	3.8298
844	mass imbalance	0.1116	-0.0145	17	6	144	6	2019	0	0
845	mass ratio	0.9751	-0.0519	18	100	541	22	2019	0.2727	0.4017
846	match	-0.3279	-0.0143	6	39	108	10	2019	0	0
847	mathematical model	-0.0867	0.3293	6	71	260	26	2019	0.2308	0.3399
848	mathematics	-0.621	-0.2562	15	20	67	8	2019	0.25	0.3682
849	maturity	-0.7314	-0.3061	2	20	167	13	2019	0.7692	1.1331
850	maturity level	-0.7416	-0.3145	2	12	118	11	2019	0.1818	0.2678
851	maximum output power	-0.004	0.1728	6	8	43	5	2019	1.6	2.3568
852	maximum power point tracking	-0.1906	0.1122	6	18	30	6	2019	0	0
853	maximum value	-0.3863	-0.0554	17	36	129	9	2019	1.1111	1.6366
854	maximum yield	0.877	-0.4281	4	37	106	5	2019	0.8	1.1784
855	mbf	0.0505	0.3086	10	5	97	15	2019	0	0
856	mcm	1.0569	0.0175	1	58	307	11	2019	0.1818	0.2678
857	mcr	0.157	0.5193	12	13	150	7	2019	0	0
858	mdea	1.3143	0.0028	18	13	81	6	2019	0	0
859	mean square error	-0.4632	-0.0376	13	54	162	11	2019	0.5455	0.8034
860	measurement data	-0.3168	0.088	6	26	78	9	2019	0.3333	0.491
861	measuring	-0.3067	-0.1145	16	23	82	5	2019	0	0
862	meat	-0.5078	-0.0592	8	28	73	8	2019	0.375	0.5524
863	mechanical activation	1.1821	0.1127	1	33	227	9	2019	0.6667	0.982
864	mechanical property	0.7029	-0.049	1	131	596	30	2019	0.5	0.7365
865	medan	-0.2914	0.2414	12	9	100	5	2019	0	0
866	medical image	-0.7336	0.0023	5	19	53	8	2019	0.75	1.1047
867	medium enterprise	-0.7411	-0.3559	2	23	95	10	2019	0	0
868	melanoma	-0.7986	-0.0278	2	5	31	6	2019	0	0
869	melt	0.6308	0.0367	1	12	90	5	2019	5	7.3649
870	membrane	1.1444	-0.0535	1	113	1424	96	2019	0.5417	0.7979
871	memory	-0.9427	0.0719	3	52	259	16	2019	1.0625	1.565
872	mesoporous carbon cmk	0.8966	-0.0678	1	25	119	7	2019	0	0
873	mesoporous silica	0.9877	0.0221	1	61	202	10	2019	0	0
874	mesoporous silica mcm	1.0705	0.0192	1	46	133	6	2019	0.5	0.7365
875	mesoporous structure	0.7035	-0.096	1	31	95	5	2019	0.6	0.8838
876	meta heuristic	-0.7954	0.0046	5	7	33	6	2019	0	0
877	metabolic product	0.5861	-0.5216	9	14	115	6	2019	3.3333	4.9099
878	metakaolin	1.3107	-0.0983	1	22	147	6	2019	0	0
879	metal ion	0.6245	-0.2087	9	33	106	7	2019	2.4286	3.5772
880	methane	0.7118	0.3006	14	35	80	5	2019	0	0
881	methane slip	0.2577	0.5719	14	18	135	5	2019	0	0
882	methanol	1.0546	-0.3532	4	92	407	21	2019	0.0952	0.1403
883	methyl orange	0.5902	-0.5056	9	5	102	6	2019	4	5.8919
884	methylene	0.9654	-0.0016	1	45	144	5	2019	0.8	1.1784
885	mg g	1.0351	-0.1263	11	77	241	11	2019	1.4545	2.1425
886	mg kg	0.5797	-0.3395	11	30	161	13	2019	1.1538	1.6996
887	mg l	0.3577	0.0112	10	133	863	49	2019	1.5102	2.2245
888	mgl	1.0189	-0.1098	11	21	142	7	2019	1	1.473
889	mhda	-0.8495	0.0131	3	7	189	15	2019	1	1.473
890	microalgae	0.9774	-0.4099	4	54	464	20	2019	0.25	0.3682
891	microorganism	0.6807	-0.3114	9	85	296	14	2019	1.1429	1.6834
892	microstructure	0.9161	0.0232	1	98	264	13	2019	1	1.473
893	microwave	1.1059	-0.3405	4	71	468	21	2019	0.2857	0.4209
894	microwave hydrodistillation	0.616	-0.4012	4	24	118	5	2019	1	1.473
895	microwave irradiation	1.2244	-0.2257	4	39	102	5	2019	0.2	0.2946
896	microwave power	1.0472	-0.4279	4	48	388	20	2019	0.6	0.8838
897	milk	0.2634	-0.1562	6	19	234	12	2019	0	0
898	mimo	-0.4288	0.2272	5	23	143	11	2019	0.7273	1.0713
899	mimo gfdm system	-0.6703	0.1595	5	7	90	5	2019	1	1.473
900	mimo radar	-0.4042	0.2492	5	11	114	7	2019	0.8571	1.2626
901	min	0.7506	-0.2201	4	304	1671	76	2019	0.9342	1.3761
902	minimum value	-0.4316	-0.0399	17	28	116	7	2019	0.1429	0.2104
903	missile	-0.3829	0.2543	6	2	21	9	2019	0	0
904	mitigation	-0.3851	0.1704	10	51	211	16	2019	0.4375	0.6444
905	mixed convection	0.1497	0.4568	7	8	46	5	2019	1.8	2.6514
906	mixed culture	0.7406	-0.5301	9	40	291	9	2019	2.3333	3.437
907	mle	-1.0521	0.1832	3	25	57	5	2019	1	1.473
908	mmol	0.9113	0.1483	1	11	48	5	2019	0	0
909	modality	-0.7991	-0.0965	2	33	95	8	2019	0.5	0.7365
910	moisture content	0.6633	-0.211	9	60	270	17	2019	0.3529	0.5199
911	mol	1.0962	0.111	1	46	172	7	2019	1.7143	2.5251
912	molar ratio	1.1381	-0.1552	4	74	344	12	2019	1.0833	1.5957
913	molass	0.6425	-0.1797	9	33	74	7	2019	1	1.473
914	mold pressure	0.0378	-0.3142	13	28	162	6	2019	0	0
915	mold temperature	0.0387	-0.3141	13	28	162	6	2019	0	0
916	molecular docking	-0.2255	-0.3004	15	6	96	9	2019	0	0
917	momentum	0.0923	0.4561	7	32	93	10	2019	1.2	1.7676
918	monorail	-0.9575	0.3991	14	3	20	5	2019	0	0
919	monte carlo simulation	-0.611	0.1591	15	6	37	5	2019	0	0
920	moora	-0.7685	-0.1779	2	26	148	13	2019	0.4615	0.6798
921	morphology	0.7547	0.0127	1	208	754	41	2019	1.3415	1.976
922	mortar	0.6207	0.0612	1	36	323	16	2019	1.375	2.0254
923	mother	-1.024	-0.0026	15	27	381	20	2019	0.25	0.3682
924	motor controller	-0.1894	0.1734	6	13	97	13	2019	0	0
925	motorcycle	-0.4106	-0.2772	15	19	61	6	2019	0.1667	0.2455
926	mpa	0.7453	-0.004	1	176	840	42	2019	0.7143	1.0521
927	mrc	0.0022	0.5462	12	28	179	6	2019	0	0
928	mri	-0.6812	0.1208	17	12	115	11	2019	0.7273	1.0713
929	msmes	-0.8155	-0.3452	2	5	80	8	2019	0	0
930	msnburr	-0.8206	-0.0224	3	5	40	5	2019	1	1.473
931	mud	-0.0305	0.0822	10	22	103	11	2019	0	0
932	multi	-0.1497	-0.127	16	18	130	8	2019	1.75	2.5777
933	multi objective optimization	-0.3824	-0.2288	13	60	215	11	2019	1.4545	2.1425
934	multilayer perceptron	-0.8486	-0.1683	2	24	97	6	2019	0.1667	0.2455
935	multiple performance characteristic	-0.0532	-0.1608	13	23	141	7	2019	3.7143	5.4711
936	multitouch interface	-0.758	-0.0338	15	4	55	5	2019	0	0
937	mutation	-0.4914	-0.1871	2	17	139	10	2019	0	0
938	mutual coupling reduction	-0.3665	0.2025	5	2	35	5	2019	0	0
939	mwcnt	0.7856	-0.0483	16	30	130	7	2019	0	0
940	mwcnts	0.6442	0.0442	16	18	86	6	2019	0	0
941	n hexane	1.312	-0.499	4	54	286	8	2019	0.25	0.3682
942	na2so3	0.7652	-0.3342	4	6	60	5	2019	0	0
943	naive baye	-0.8674	-0.1392	2	24	59	5	2019	0.4	0.5892
944	naive bayes	-0.8747	-0.151	2	59	196	19	2019	0.6316	0.9303
945	nano	1.1363	0.0418	1	25	80	7	2019	0.5714	0.8417
946	nanocomposite	0.866	0.0355	1	51	431	18	2019	3.1111	4.5826
947	nanoparticle	0.8874	0.0515	1	174	1042	61	2019	0.9836	1.4488
948	nanorod	0.6843	0.2044	16	26	87	7	2019	0.1429	0.2104
949	naoh	1.1929	-0.0361	18	127	712	31	2019	0.9355	1.378
950	natural gas	-0.0087	0.4987	14	54	274	16	2019	0.5	0.7365
951	ndvi	-0.5425	0.1783	12	30	99	7	2019	2.2857	3.3668
952	negative impact	-0.4211	0.0673	8	32	89	9	2019	0.1111	0.1637
953	negotiation	-0.8595	-0.1618	8	15	248	10	2019	1.8	2.6514
954	neuron	-0.0204	-0.2856	13	54	607	24	2019	0	0
955	new approach	-0.8294	-0.0416	5	43	137	14	2019	0.8571	1.2626
956	nh2ohhcl	0.7657	-0.3344	4	6	60	5	2019	0	0
957	ni fe hzsm	1.3052	-0.1686	4	32	272	9	2019	0.8889	1.3093
958	nihl	-0.5313	-0.1425	17	8	232	8	2019	0	0
959	nitrogen	0.4547	-0.1369	12	76	306	13	2019	0	0
960	nitrogen dioxide	-0.5702	0.2517	3	14	57	6	2019	0.1667	0.2455
961	no2	-0.7037	0.2582	3	36	184	16	2019	0.0625	0.0921
962	no3	1.2684	-0.0555	11	43	304	14	2019	1.8571	2.7355
963	noise ratio	-0.4588	0.0531	5	18	54	5	2019	0	0
964	non apnea event	-0.9662	-0.2459	2	5	50	5	2019	1	1.473
965	non atomic requirement	-0.9704	-0.2036	2	8	50	5	2019	0	0
966	non dimensional equation	0.1478	0.4567	7	9	45	5	2019	1.4	2.0622
967	non free choice	-1.0775	-0.4646	2	10	178	8	2019	3.75	5.5237
968	nonlinear distortion	-0.6585	0.1594	5	9	116	8	2019	0.75	1.1047
969	nonlinear pattern	-0.8837	0.22	3	23	110	5	2019	0	0
970	nonparametric regression	-1.222	0.1787	3	40	249	16	2019	1.4375	2.1174
971	nonparametric regression model	-1.2448	0.189	3	23	145	10	2019	2.2	3.2406
972	normal condition	-0.5467	-0.0482	2	14	37	5	2019	0.2	0.2946
973	north	-0.0135	0.1076	10	14	35	7	2019	1.4286	2.1043
974	northern part	-0.4186	0.1692	6	16	44	5	2019	0.2	0.2946
975	novelty	-0.2805	-0.1379	2	21	62	5	2019	1.4	2.0622
976	nox	-0.2903	0.4116	14	42	141	9	2019	0.7778	1.1457
977	npc	-0.8782	-0.1538	15	7	80	5	2019	1	1.473
978	nrtl	1.3777	-0.0907	18	10	76	6	2019	0.5	0.7365
979	numerical method	-0.3357	0.4028	7	38	93	7	2019	0.2857	0.4209
980	numerical result	-0.3906	0.307	8	41	86	7	2019	0.5714	0.8417
981	numerical simulation	-0.049	0.4017	7	84	331	22	2019	0.9091	1.3391
982	numerical study	0.0309	0.606	7	109	487	28	2019	0.5714	0.8417
983	nutrient	0.6379	-0.2371	9	45	81	6	2019	0.1667	0.2455
984	nwp	-0.7455	0.1824	3	10	76	7	2019	0	0
985	ofdm	-0.5114	0.1206	5	14	60	8	2019	0.625	0.9206
986	oil insulation	-0.0522	0.1911	12	10	39	5	2019	0.2	0.2946
987	olive oil	0.5735	0.0535	16	7	65	5	2019	1	1.473
988	online game	-1.0461	-0.0136	5	4	70	7	2019	0	0
989	opening	-0.0566	0.4295	12	37	194	11	2019	0.1818	0.2678
990	opinion	-0.893	-0.1967	2	53	273	18	2019	0.2222	0.3273
991	optical property	0.853	0.1511	1	38	105	8	2019	0.125	0.1841
992	optimal condition	0.691	-0.1951	9	76	208	7	2019	0	0
993	optimal knot	-1.2606	0.2137	3	14	129	7	2019	0	0
994	optimal solution	-0.874	0.103	8	21	60	9	2019	1.1111	1.6366
995	optimization problem	-0.7127	0.1906	8	45	140	15	2019	0.8	1.1784
996	optimization process	-0.4583	0.1616	6	28	89	7	2019	0.2857	0.4209
997	optimum condition	0.8347	-0.1201	4	119	365	17	2019	0.2353	0.3466
998	orc	-0.328	0.319	17	8	38	8	2019	0	0
999	organic material	0.5946	-0.1743	9	38	87	5	2019	1	1.473
1000	organic rankine cycle	-0.337	0.3185	17	8	38	7	2019	0	0
1001	organosolv pretreatment	1.057	-0.4996	9	32	206	6	2019	0	0
1002	origin	-0.8318	0.1034	8	25	66	7	2019	3.8571	5.6815
1003	oryzanol	1.1335	-0.4382	4	26	507	15	2019	0	0
1004	osteoarthritis	-0.7344	-0.1099	2	10	116	8	2019	0	0
1005	outflow	-0.8299	0.1381	3	20	181	9	2019	0.2222	0.3273
1006	outlier	-1.0122	0.1233	3	17	78	10	2019	0.3	0.4419
1007	output layer	0.0148	-0.3068	13	49	259	8	2019	0	0
1008	output power	0.2589	0.1653	16	45	131	12	2019	0.0833	0.1227
1009	output voltage	-0.0262	0.145	6	19	37	7	2019	0.2857	0.4209
1010	oven	1.0679	0.0335	1	33	81	5	2019	0.6	0.8838
1011	overdispersion	-1.1329	0.1831	3	29	99	7	2019	0.4286	0.6313
1012	oxidation zone	0.5992	0.3861	14	11	76	7	2019	0	0
1013	pacitan	-0.4706	0.0672	6	13	38	5	2019	0	0
1014	packet delivery ratio	-0.8658	-0.3366	19	11	63	8	2019	0.5	0.7365
1015	packet loss	-0.8893	-0.3442	19	10	75	8	2019	0.75	1.1047
1016	paddy production	-0.7579	0.0973	8	7	39	7	2019	0	0
1017	palm	-0.2809	-0.4052	2	39	104	6	2019	0.1667	0.2455
1018	palmyra sap	0.9481	-0.3389	9	24	110	6	2019	0	0
1019	pani	0.5831	0.1118	1	40	159	8	2019	0	0
1020	parallel configuration	-0.4285	0.4262	7	3	30	5	2019	0	0
1021	parameter estimation	-1.0128	0.1174	3	35	107	13	2019	0.0769	0.1133
1022	parameter value	-0.332	0.1642	6	52	110	7	2019	0	0
1023	partial comparison optimization	-0.9301	0.1893	8	11	102	6	2019	0	0
1024	participant	-0.7532	-0.1029	15	61	221	20	2019	0.9	1.3257
1025	particle size	0.8092	0.0802	1	162	804	47	2019	1.1702	1.7237
1026	particle size analyzer	0.9835	0.0271	1	45	110	5	2019	1.6	2.3568
1027	passenger	-1.0736	0.3191	14	9	100	8	2019	0	0
1028	passive control	-0.1353	0.8215	7	21	404	25	2019	0.2	0.2946
1029	pca	-0.7473	-0.0583	2	19	64	9	2019	0.5556	0.8183
1030	pco	-0.9208	0.187	8	11	170	11	2019	0	0
1031	pdm	-0.859	0.0136	3	7	150	10	2019	1	1.473
1032	pdr	-0.8774	-0.3464	19	9	64	7	2019	0.8571	1.2626
1033	peak	0.4865	0.0295	1	273	1017	52	2019	0.9615	1.4163
1034	peak load hour	-0.4901	0.1213	2	6	35	5	2019	1	1.473
1035	pedestrian way	-0.7787	0.0838	8	2	24	8	2019	0	0
1036	peg	1.125	-0.1782	1	106	737	35	2019	1	1.473
1037	perception	-0.9508	0.0101	3	60	402	33	2019	0.8485	1.2498
1038	performance analysis	-0.7452	-0.1786	2	47	329	15	2019	0.2667	0.3928
1039	permanent surface water	-0.4153	0.0745	10	11	84	6	2019	0.6667	0.982
1040	permeability	1.2262	-0.1014	1	40	229	14	2019	0.1429	0.2104
1041	pert	-0.796	-0.4541	19	5	55	7	2019	0.2857	0.4209
1042	petung bamboo	0.9618	0.1365	1	23	123	5	2019	0	0
1043	phenolic compound	1.1595	-0.4226	4	14	166	8	2019	1.5	2.2095
1044	photoanode	0.9941	0.1505	1	32	137	7	2019	0	0
1045	photocatalytic activity	0.9751	0.0524	1	39	205	7	2019	3.7143	5.4711
1046	photovoltaic	-0.0244	0.1618	6	30	99	11	2019	1.0909	1.6069
1047	phylogenetic tree	-0.4998	-0.215	2	5	46	6	2019	0	0
1048	pid	-0.2568	0.2124	6	25	75	9	2019	0	0
1049	pid controller	-0.1693	0.1444	6	22	189	22	2019	0	0
1050	pig iron	1.0916	0.0862	1	9	96	6	2019	0	0
1051	pile	0.7343	-0.0123	12	21	112	27	2019	0.8889	1.3093
1052	pilot injection	0.2116	0.7121	14	26	158	6	2019	2.1667	3.1915
1053	pilot injection timing	0.1897	0.656	14	36	389	15	2019	4.6	6.7757
1054	pla	0.7065	-0.2046	9	15	85	5	2019	0	0
1055	planner	-0.7668	-0.1099	8	29	121	7	2019	1.1429	1.6834
1056	plastic	0.4081	-0.027	12	32	105	7	2019	0.1429	0.2104
1057	plastic debris	0.1916	0.0061	12	14	102	8	2019	2.5	3.6825
1058	plastic optical fiber	0.5674	0.067	16	9	37	5	2019	0.2	0.2946
1059	plastic waste	0.3679	0.0222	12	56	267	21	2019	0.9524	1.4028
1060	player	-0.9806	-0.0568	5	18	140	16	2019	0.0625	0.0921
1061	pm aunps cpe	0.8275	-0.0974	16	5	78	6	2019	0	0
1062	pm10	-0.8401	0.2362	3	28	71	5	2019	0	0
1063	pmma microfiber	0.6602	0.2108	16	6	55	5	2019	0	0
1064	poisson regression	-1.1513	0.1868	3	25	167	11	2019	0.1818	0.2678
1065	poisson regression model	-1.0616	0.179	3	22	72	7	2019	0.1429	0.2104
1066	polewali mandar district	-1.2571	0.127	3	2	54	6	2019	0	0
1067	pollution reduction	-0.5979	-0.3536	2	8	29	5	2019	0.4	0.5892
1068	poly	0.9854	-0.0972	11	54	251	21	2019	1.619	2.3848
1069	polyaniline	0.667	0.1118	1	40	137	8	2019	0	0
1070	polyethylene	0.5772	0.0328	12	29	159	10	2019	0.4	0.5892
1071	polymer	0.5036	-0.1443	13	167	545	24	2019	1.4583	2.1481
1072	polypropylene	0.4646	0.0136	12	31	96	6	2019	4	5.8919
1073	polyvinyl alcohol	0.743	0.0668	1	43	168	7	2019	0.7143	1.0521
1074	poor person	-1.2198	0.1576	3	22	96	6	2019	2.1667	3.1915
1075	popularity	-0.9574	-0.2671	2	31	73	5	2019	0.6	0.8838
1076	pore	1.1655	-0.0445	1	80	214	8	2019	0.75	1.1047
1077	pore diameter	1.0753	0.0746	1	65	178	7	2019	0	0
1078	porosity	0.7719	0.1314	7	115	413	25	2019	0.6	0.8838
1079	port container terminal	-0.7322	-0.1715	2	15	57	5	2019	0.2	0.2946
1080	portland cement	0.6666	0.0359	1	24	89	6	2019	1.5	2.2095
1081	position error	-0.401	0.1863	6	11	69	10	2019	0.6	0.8838
1082	potassium	0.6369	-0.1747	12	44	232	8	2019	0	0
1083	poverty	-1.168	0.108	3	21	171	22	2019	0.7727	1.1382
1084	powder	0.9442	0.0673	1	251	1737	97	2019	0.3918	0.577
1085	power density	-0.0346	0.1097	12	25	176	12	2019	0.4167	0.6137
1086	power generation	-0.258	0.1085	12	42	146	15	2019	0.2667	0.3928
1087	power plant service company	-0.9476	-0.0186	15	3	15	5	2019	0	0
1088	power spectral density	-0.5006	0.103	5	17	141	7	2019	0	0
1089	pre processing method	-0.7199	-0.2011	5	4	18	6	2019	1.6667	2.455
1090	precipitation	0.604	-0.0335	11	22	81	7	2019	1.1429	1.6834
1091	precursor	0.9068	0.0545	1	159	499	21	2019	1	1.473
1092	predictor	-0.9126	0.0812	3	108	626	40	2019	2.725	4.0139
1093	predictor variable	-1.1457	0.174	3	59	281	24	2019	1.125	1.6571
1094	preference	-0.7188	-0.1615	8	57	240	15	2019	2.0667	3.0442
1095	present study	0.2546	-0.2552	13	165	474	26	2019	0.5385	0.7931
1096	present work	0.6147	0.021	1	74	161	10	2019	2.6	3.8298
1097	pressure distribution	-0.0266	0.5516	7	12	121	5	2019	0	0
1098	pressure drop	-0.1229	0.6067	7	34	347	26	2019	0.2308	0.3399
1099	pretreatment	1.057	-0.3845	9	80	531	18	2019	1.0556	1.5548
1100	previous method	-0.8046	-0.0427	5	23	51	6	2019	2.1667	3.1915
1101	previous work	-0.487	-0.1613	8	30	78	7	2019	0.4286	0.6313
1102	primary data	-0.3511	0.1048	10	26	119	6	2019	0	0
1103	private vehicle	-0.9046	0.3987	14	7	58	6	2019	0.6667	0.982
1104	process discovery	-0.9332	-0.3992	2	23	105	8	2019	1.5	2.2095
1105	process industry	-0.3498	0.4786	7	10	41	6	2019	0.1667	0.2455
1106	process mining	-0.7448	-0.3306	2	18	168	16	2019	1.625	2.3936
1107	process model	-0.9703	-0.3713	2	41	528	33	2019	1.6061	2.3657
1108	process parameter	0.1683	-0.2647	13	80	474	24	2019	1.625	2.3936
1109	processor	-0.1743	-0.1406	6	10	23	5	2019	0.2	0.2946
1110	product design	-0.943	-0.1302	5	15	59	6	2019	2	2.946
1111	product review	-1.1759	-0.224	2	33	249	12	2019	1.5	2.2095
1112	production cost	-0.0507	0.1923	10	50	142	9	2019	0	0
1113	promoter	1.3106	0.0033	18	24	136	10	2019	0	0
1114	propanol	1.3307	-0.0811	18	20	45	6	2019	0.8333	1.2275
1115	propeller	0.1422	0.3496	7	10	53	7	2019	0	0
1116	proposal	-0.8256	-0.1451	8	16	283	11	2019	0.7273	1.0713
1117	prosthesis	-0.418	-0.2922	15	1	9	9	2019	0	0
1118	protein	-0.0624	-0.296	15	39	176	16	2019	0.0625	0.0921
1119	protein content	0.3189	-0.1688	6	23	174	8	2019	0	0
1120	protocol	-0.7465	-0.2913	19	39	183	18	2019	0.2222	0.3273
1121	psa	0.8742	0.0531	1	65	154	10	2019	0.6	0.8838
1122	psc	-0.2098	-0.017	10	7	182	7	2019	0	0
1123	pseudomonas	0.7596	-0.2462	11	30	95	5	2019	1.6	2.3568
1124	psi	-0.3345	0.406	7	8	82	9	2019	0	0
1125	pt vale indonesia	-0.1887	0.1629	2	27	87	10	2019	0	0
1126	public	-0.6397	-0.2145	15	17	42	5	2019	0.6	0.8838
1127	public service	-0.7359	-0.1262	2	28	67	5	2019	0.6	0.8838
1128	public space	-0.7186	0.0794	7	6	80	11	2019	0	0
1129	public speaking	-0.6578	-0.1723	15	4	25	5	2019	1	1.473
1130	public transportation	-0.8965	0.3771	14	11	75	8	2019	0.75	1.1047
1131	pulverizer	0.2202	0.4119	12	14	168	9	2019	0	0
1132	purity	0.5266	-0.0135	1	83	232	11	2019	0.6364	0.9374
1133	pva	0.8507	0.0792	1	58	449	21	2019	0.5714	0.8417
1134	pvp	0.453	0.0329	6	41	97	6	2019	1	1.473
1135	pyrene	0.8558	-0.414	9	12	43	5	2019	6.6	9.7217
1136	pyrolysis	0.919	0.1025	1	41	116	7	2019	1.2857	1.8938
1137	q sio2	1.0972	-0.0212	1	20	151	8	2019	0.75	1.1047
1138	qos	-0.8791	-0.3168	19	18	97	8	2019	0.5	0.7365
1139	qr code	-0.6909	-0.0682	2	11	113	7	2019	1.7143	2.5251
1140	qualitative analysis	1.0099	-0.2211	4	43	93	5	2019	0.4	0.5892
1141	quality characteristic	-0.1705	-0.2215	13	59	225	11	2019	0.8182	1.2052
1142	quality model	-1.0304	-0.0129	5	10	69	6	2019	0	0
1143	query	-1.0116	-0.2076	6	9	74	8	2019	0.125	0.1841
1144	question	-0.8622	-0.1753	15	53	293	30	2019	0.0667	0.0982
1145	r2 value	-0.918	0.1909	3	31	88	8	2019	1.125	1.6571
1146	radar	-0.3135	0.2163	5	38	213	13	2019	0.8462	1.2464
1147	radiation parameter	0.1731	0.3654	7	11	66	6	2019	3.3333	4.9099
1148	railroad crossing	-0.4803	0.1873	10	1	10	5	2019	0	0
1149	random forest	-0.8195	-0.0769	2	58	259	19	2019	1.3158	1.9381
1150	rank	-0.7625	-0.1742	2	32	148	16	2019	0.5	0.7365
1151	raspberry pi	0.1807	-0.1252	6	22	130	9	2019	0.2222	0.3273
1152	ratio analysis	-0.7883	-0.1844	2	26	90	6	2019	0.3333	0.491
1153	raw water	0.2826	0.0298	10	27	72	5	2019	2.6	3.8298
1154	rbo	1.3114	-0.4827	4	41	524	14	2019	0	0
1155	rde	-0.737	-0.002	5	15	63	6	2019	0	0
1156	reactant	1.2183	-0.0077	18	61	267	11	2019	0.1818	0.2678
1157	reaction	1.0063	-0.0323	4	253	1213	67	2019	0.3433	0.5057
1158	reaction temperature	1.2587	-0.1432	4	35	164	6	2019	0.6667	0.982
1159	reaction time	1.2682	-0.2787	4	80	433	21	2019	0.5238	0.7716
1160	reactor	0.626	0.1068	11	222	1438	79	2019	1.0759	1.5849
1161	real case	-1.1276	0.1722	3	32	103	6	2019	1	1.473
1162	real data	-0.8293	0.0682	3	50	217	14	2019	0.3571	0.5261
1163	rear	-0.1096	0.8221	7	26	164	7	2019	0	0
1164	recall	-0.9865	-0.1485	2	42	142	14	2019	0.5	0.7365
1165	receiver	-0.4569	0.1076	5	60	332	33	2019	0.3636	0.5356
1166	recognition	-0.6048	-0.1692	2	78	340	43	2019	0.3721	0.5481
1167	reconstruction	-0.6148	-0.0017	6	35	131	14	2019	0.2857	0.4209
1168	rectification process	-1.0417	0.2873	3	3	25	5	2019	0	0
1169	red mud	1.3021	0.1228	1	11	161	7	2019	0	0
1170	reduced difference expansion	-0.7201	0.0017	5	14	54	5	2019	0	0
1171	reduced model	-0.361	0.0884	10	6	65	8	2019	0	0
1172	refractive index	0.4473	0.1252	16	22	54	5	2019	0	0
1173	regional bank	-1.0505	-0.3328	2	1	5	5	2019	0	0
1174	regression function	-1.2982	0.2083	3	14	84	6	2019	1.6667	2.455
1175	regression model	-0.9786	0.1233	3	86	441	41	2019	0.439	0.6467
1176	regression parameter	-1.0882	0.1828	3	20	54	6	2019	0.1667	0.2455
1177	rehabilitation	-0.6299	-0.0251	6	42	166	17	2019	0.2353	0.3466
1178	reinforcement	0.5732	0.1478	7	64	207	15	2019	1.4	2.0622
1179	removal	0.7798	-0.1345	11	242	1913	99	2019	2.3636	3.4816
1180	replacement	0.1939	0.1176	1	56	252	18	2019	0.2778	0.4092
1181	replacement analysis	-0.573	0.2032	15	1	5	5	2019	0	0
1182	representation	-0.7974	-0.2472	2	38	110	10	2019	0.2	0.2946
1183	research point	-0.2177	-0.1257	5	3	18	6	2019	0	0
1184	residual	-0.9203	0.1317	3	38	168	13	2019	0.1538	0.2266
1185	resnet	-0.7528	-0.1591	2	4	18	6	2019	0.1667	0.2455
1186	resonance frequency	3.0798	6.983	22	0	0	5	2019	0	0
1187	response surface methodology	0.8822	-0.414	4	78	303	16	2019	0.5625	0.8286
1188	response time	-0.8204	-0.2134	8	22	84	13	2019	0	0
1189	response variable	-1.1227	0.1636	3	67	352	29	2019	0.4828	0.7111
1190	rest	0.335	0.0363	1	50	116	7	2019	1.7143	2.5251
1191	reverberation time	-0.8475	-0.1102	5	4	29	7	2019	0	0
1192	review	-0.8366	-0.1498	2	124	484	47	2019	0.8085	1.1909
1193	reynolds number	-0.0026	0.65	7	43	189	11	2019	0.0909	0.1339
1194	rfd	-0.7768	0.0632	3	8	95	5	2019	13	19.1488
1195	rgo	0.828	0.0265	1	63	596	25	2019	0.32	0.4714
1196	rhizophora mucronata	0.927	-0.0624	11	25	365	15	2019	2.1333	3.1424
1197	rhodamine b	0.6804	-0.0596	15	29	202	6	2019	0.1667	0.2455
1198	rice	-0.3343	0.0527	3	31	82	15	2019	0.0667	0.0982
1199	rice bran	1.3328	-0.468	4	36	376	13	2019	0.3846	0.5665
1200	rice husk	0.9433	0.0139	1	39	258	13	2019	0.6923	1.0198
1201	rice husk ash	1.0154	0.0211	1	44	245	12	2019	0.3333	0.491
1202	rice production	-0.6865	0.0864	8	23	51	6	2019	0	0
1203	rice straw	0.9511	-0.1079	16	17	84	6	2019	0.6667	0.982
1204	rise time	-0.111	0.2091	6	27	60	6	2019	1.1667	1.7185
1205	risk agent	-2.0056	-0.3161	2	1	15	5	2019	0	0
1206	risk event	-1.9908	-0.3134	2	3	30	6	2019	0	0
1207	risk level	-0.7537	0.1808	8	12	44	6	2019	0.5	0.7365
1208	river	0.0388	0.0715	10	138	690	46	2019	1.4348	2.1134
1209	river estuary	-0.2254	0.0873	10	29	218	13	2019	0.9231	1.3597
1210	robotic arm	-0.1619	0.0215	6	6	75	12	2019	0.4167	0.6137
1211	rock	-0.2313	0.1027	6	26	127	12	2019	0.5	0.7365
1212	roi	-0.6385	0.1724	17	14	53	7	2019	0.4286	0.6313
1213	room temperature	0.6116	-0.0089	1	98	245	17	2019	0.1176	0.1733
1214	root mean square error	-0.8223	0.2291	3	39	91	9	2019	0	0
1215	ros level	-0.5338	-0.1451	17	8	186	6	2019	0	0
1216	rotary kiln	0.1191	0.613	12	5	40	7	2019	0.5714	0.8417
1217	rotation	0.0519	0.261	7	54	179	16	2019	0.0625	0.0921
1218	rotor	0.0949	0.4267	7	51	184	10	2019	0.1	0.1473
1219	rsa	0.2059	-0.0116	17	11	132	12	2019	0	0
1220	rsm	0.922	-0.4397	4	63	229	11	2019	0.6364	0.9374
1221	rubber material	-0.075	-0.2282	13	26	75	5	2019	0	0
1222	s cm	0.8359	0.0907	1	38	148	9	2019	0	0
1223	s m	0.6015	0.11	1	37	108	6	2019	0	0
1224	s ovata backer	0.7738	-0.4212	4	5	35	5	2019	0	0
1225	saccharomyces cerevisiae	0.8344	-0.3609	9	40	182	8	2019	0.125	0.1841
1226	safe city	-0.8874	-0.1313	2	5	25	5	2019	0	0
1227	saline water	1.0477	-0.1828	9	31	275	9	2019	0.8889	1.3093
1228	salinity	0.8512	-0.1078	11	45	350	15	2019	1.2667	1.8658
1229	saliva	0.9437	-0.191	4	8	63	9	2019	0	0
1230	salt	1.1292	-0.0499	18	61	249	16	2019	0.25	0.3682
1231	sand	0.9514	0.0426	1	115	439	22	2019	1.4545	2.1425
1232	savonius turbine	-0.0254	0.522	7	29	251	12	2019	1.8333	2.7005
1233	savonius wind turbine	-0.036	0.5665	7	21	140	7	2019	0	0
1234	sba	0.6956	-0.0989	1	39	244	16	2019	0.625	0.9206
1235	scanning electron microscope	1.0773	-0.0124	1	68	166	8	2019	0.125	0.1841
1236	scanning electron microscopy	1.1001	-0.0714	1	120	298	15	2019	1.3333	1.964
1237	scatterer	-0.4313	0.115	5	22	189	11	2019	0	0
1238	school	-1.0035	-0.0626	15	47	207	14	2019	0.7143	1.0521
1239	scirpus grossus	0.5876	-0.2691	11	14	84	5	2019	6.4	9.4271
1240	seawater	0.5103	-0.1219	11	37	157	8	2019	4.375	6.4443
1241	sec	-0.2346	0.1675	10	18	105	10	2019	0	0
1242	second order	-0.0883	-0.0726	2	37	103	5	2019	0.8	1.1784
1243	second phase	-0.5387	-0.1207	8	33	70	5	2019	1.8	2.6514
1244	secondary data	-0.3089	0.1375	10	27	117	7	2019	0	0
1245	secondary settlement	-0.5243	-0.0792	8	4	72	8	2019	0	0
1246	secret data	-0.7301	-0.0051	5	29	131	15	2019	1.3333	1.964
1247	secret key	-0.7231	-0.2037	5	5	15	6	2019	1.1667	1.7185
1248	secret message	-0.7031	-0.0017	5	12	76	11	2019	0.1818	0.2678
1249	sedimentation	-0.1443	0.1412	10	22	57	5	2019	0	0
1250	seed	0.5246	-0.1306	10	64	231	13	2019	0.6923	1.0198
1251	seeding	-0.2088	-0.0162	10	7	200	8	2019	0	0
1252	selective reduction	1.3395	-0.3778	4	2	10	5	2019	3	4.419
1253	self cleaning material	0.9777	0.0807	1	14	86	5	2019	0	0
1254	sem analysis	0.758	-0.1338	13	54	111	8	2019	0.625	0.9206
1255	sem edx	1.1094	-0.0715	1	86	201	8	2019	0.5	0.7365
1256	sem image	1.0344	0.0532	1	71	165	8	2019	0.375	0.5524
1257	semantic similarity	-1.2515	-0.1828	2	18	127	5	2019	2.4	3.5352
1258	semester	-1.0553	-0.1161	2	24	175	9	2019	0	0
1259	semiconductor material	0.7598	0.1249	1	48	110	5	2019	1.2	1.7676
1260	sensitivity distribution	-0.1835	0.0469	5	8	36	6	2019	0	0
1261	sensor fault	-0.2207	0.205	6	7	33	8	2019	0	0
1262	sensor node	-0.8675	-0.3177	19	9	77	12	2019	0.25	0.3682
1263	sentence	-0.9391	-0.1836	2	40	220	15	2019	0.6667	0.982
1264	senticircle	-1.1445	-0.2361	2	17	72	7	2019	1	1.473
1265	sentiment	-1.1082	-0.1924	2	52	454	18	2019	1.3333	1.964
1266	sentiment analysis	-1.0937	-0.2041	2	50	552	32	2019	2	2.946
1267	sentinel	-0.4239	0.0625	10	17	120	12	2019	2	2.946
1268	september	-0.4237	0.2152	6	16	40	5	2019	0.8	1.1784
1269	serious game	-0.755	-0.2349	15	13	73	5	2019	0	0
1270	server	-0.4307	0.0174	2	16	50	16	2019	0.6875	1.0127
1271	service quality	-1.1086	-0.1535	2	17	46	10	2019	1.1	1.6203
1272	service reliability	-0.9635	0.1967	14	7	155	15	2019	0	0
1273	set point	0.0836	0.2983	7	18	42	5	2019	0	0
1274	settlement	-0.5706	-0.0541	8	36	275	30	2019	0.0333	0.0491
1275	shear strength	0.3124	0.0435	1	15	106	14	2019	0	0
1276	shoreline	-0.3457	0.1623	6	10	89	6	2019	0.3333	0.491
1277	shortest route	-0.8998	0.1102	8	11	37	6	2019	0	0
1278	shrinkage	0.5304	0.0265	1	47	229	13	2019	0.5385	0.7931
1279	si al ratio	1.1549	-0.0493	1	29	78	5	2019	0.6	0.8838
1280	sidoarjo mud	1.0101	0.176	1	23	139	7	2019	0	0
1281	sidoarjo regency	-0.5688	0.0845	8	13	99	13	2019	0	0
1282	sift	-0.4794	-0.0122	6	10	75	10	2019	0	0
1283	sign language	-0.8134	-0.2194	2	7	30	6	2019	0.5	0.7365
1284	significant increase	-0.5908	-0.1424	5	43	93	7	2019	1	1.473
1285	sih	0.3402	-0.0113	6	18	96	6	2019	0	0
1286	silica	1.0126	0.0675	1	154	881	42	2019	1.3095	1.9289
1287	silver nanoparticle	0.8536	-0.0349	1	23	109	5	2019	6.2	9.1325
1288	similarity equation	0.1527	0.4517	7	11	57	7	2019	1.1429	1.6834
1289	simple icaf system	0.6209	-0.0869	11	22	227	10	2019	1.5	2.2095
1290	simulation game	-1.0342	-0.0956	15	3	35	7	2019	1	1.473
1291	simulation study	-0.9017	0.1365	3	43	245	15	2019	0.8667	1.2766
1292	single phase	0.8658	0.1405	1	74	176	9	2019	0.6667	0.982
1293	sio2	1.0484	0.1345	1	97	575	28	2019	0.5357	0.7891
1294	skewness	-0.7807	-0.0577	3	13	52	5	2019	1	1.473
1295	skill	-0.834	-0.0928	15	23	213	15	2019	0.0667	0.0982
1296	skull	-0.6598	-0.0146	6	6	57	9	2019	0	0
1297	sla	-0.8588	-0.266	19	8	77	7	2019	0	0
1298	slip resistance	0.026	-0.3185	13	24	142	6	2019	0	0
1299	sludge	0.3375	0.0907	10	26	199	11	2019	2	2.946
1300	small number	-0.9102	0.0161	8	12	37	5	2019	1.2	1.7676
1301	sme	-0.719	-0.3523	2	11	67	9	2019	0	0
1302	smes	-0.7991	-0.3254	2	18	195	21	2019	0	0
1303	smib	-1.0819	-0.4452	19	1	3	5	2019	0	0
1304	smoke	-0.4439	-0.2615	15	6	42	6	2019	0	0
1305	smote	-0.8581	-0.0307	8	26	161	20	2019	1.6	2.3568
1306	sms fiber structure	0.2979	0.0874	16	23	81	9	2019	0	0
1307	sno	0.3541	-0.0889	6	8	50	5	2019	2	2.946
1308	snr	-0.4445	0.0928	5	14	92	12	2019	0.3333	0.491
1309	so2	-0.8559	0.2887	3	24	103	5	2019	0.2	0.2946
1310	soc	0.2276	-0.0045	17	22	66	6	2019	1.5	2.2095
1311	socah	-0.0343	0.1483	10	3	55	5	2019	0	0
1312	social medium	-0.8878	-0.2528	2	53	336	28	2019	0.1786	0.263
1313	social software	-0.8186	-0.2904	2	8	66	10	2019	0.4	0.5892
1314	sodalite	1.1503	-0.0425	1	19	138	6	2019	1	1.473
1315	sodium silicate	0.9106	0.0771	1	49	124	6	2019	2	2.946
1316	soil	0.7869	-0.3658	11	91	1059	68	2019	0.8971	1.3214
1317	soil moisture content	0.6046	-0.2288	11	20	48	5	2019	0	0
1318	sol gel method	1.047	0.0959	1	81	310	13	2019	0.8462	1.2464
1319	solar cell	0.3253	-0.0129	6	52	198	14	2019	0.3571	0.5261
1320	solar panel	-0.174	0.1999	6	22	98	15	2019	0.5333	0.7856
1321	solar radiation	-0.0589	0.1364	6	36	141	18	2019	0.3889	0.5728
1322	solar tracker	-0.1542	0.2116	6	17	92	10	2019	1.3	1.9149
1323	solid	0.7627	-0.0025	10	86	226	11	2019	1.0909	1.6069
1324	solid state fermentation	0.7583	-0.3403	9	28	120	5	2019	0.2	0.2946
1325	solid state method	0.869	0.118	1	59	195	9	2019	0.4444	0.6547
1326	solid state reaction	0.8802	0.0291	1	46	80	5	2019	1	1.473
1327	solid state reaction method	0.8942	0.1218	1	47	83	6	2019	0.1667	0.2455
1328	solubility	0.879	-0.2876	4	60	175	11	2019	1.6364	2.4103
1329	solvent	1.0141	-0.1902	4	145	808	39	2019	0.4872	0.7176
1330	something	-0.9004	-0.0955	15	35	81	5	2019	0.4	0.5892
1331	song	-0.6108	-0.2389	2	3	70	10	2019	1	1.473
1332	southern part	-0.5001	0.0768	6	15	44	5	2019	0.4	0.5892
1333	soy milk	0.4967	-0.2671	9	8	112	8	2019	0	0
1334	spatial correlation	-0.6287	0.1303	3	15	59	5	2019	0	0
1335	spatial information	-0.6658	0.0999	3	27	59	8	2019	1.25	1.8412
1336	species	0.2234	-0.1231	12	152	797	50	2019	1.06	1.5614
1337	specific surface area	1.0211	0.0082	1	79	179	6	2019	1.3333	1.964
1338	specificity	-0.7327	-0.0009	3	37	116	10	2019	0.3	0.4419
1339	speciman	0.8489	-0.0554	1	66	274	13	2019	0.3846	0.5665
1340	specimen	0.5938	-0.0112	1	83	535	35	2019	0.1714	0.2525
1341	spectrophotometer	0.4948	-0.1016	6	63	234	11	2019	0.1818	0.2678
1342	spectrum	0.2244	-0.0212	5	120	419	25	2019	0.64	0.9427
1343	speech	-0.9511	-0.1266	2	15	84	6	2019	1.3333	1.964
1344	spindle speed	0.0237	-0.2614	13	42	526	15	2019	0.8667	1.2766
1345	spline	-1.2308	0.1928	3	52	520	34	2019	1.0882	1.603
1346	spline estimator	-1.3256	0.2138	3	4	56	7	2019	0	0
1347	split injection strategy	-0.0784	0.5401	14	23	124	6	2019	1.5	2.2095
1348	spray	0.7877	0.0359	7	27	156	9	2019	1.6667	2.455
1349	square duct	-0.0244	0.7247	7	16	106	5	2019	0.8	1.1784
1350	square elbow	-0.0505	0.712	7	15	114	6	2019	0.6667	0.982
1351	squid pens waste	1.4148	-0.1246	18	13	117	6	2019	1	1.473
1352	srb	0.917	-0.283	11	6	168	7	2019	0	0
1353	stainless steel	0.5839	-0.0379	1	38	219	12	2019	0.9167	1.3502
1354	stakeholder	-0.7842	-0.098	8	83	506	35	2019	1.3143	1.9359
1355	standard deviation value	-0.8606	-0.0735	3	19	83	6	2019	0.3333	0.491
1356	starch	1.1339	-0.2206	9	71	401	21	2019	1.7619	2.5953
1357	statistic	-1.0381	0.0986	3	79	335	25	2019	1.32	1.9443
1358	statistical method	-0.9082	0.1695	3	51	179	10	2019	0	0
1359	statistical test	-0.3874	0.0061	3	51	108	7	2019	0.1429	0.2104
1360	status	-1.1049	-0.1564	2	54	325	29	2019	0.4828	0.7111
1361	steam	-0.1043	0.3244	12	46	285	18	2019	0.0556	0.0818
1362	steam power plant	-0.0368	0.3389	12	57	281	14	2019	0.1429	0.2104
1363	steel	0.6522	-0.0692	11	99	549	39	2019	0.2308	0.3399
1364	steganography	-0.7441	-0.0203	5	15	89	10	2019	5.3	7.8068
1365	stego image	-0.6914	-0.0023	5	22	72	8	2019	0.875	1.2889
1366	stilling basin	-0.6932	0.8449	5	7	185	5	2019	0	0
1367	store	-0.6683	-0.0324	2	20	57	8	2019	0.25	0.3682
1368	street vendor	-0.7497	0.1065	8	1	12	12	2019	0	0
1369	string	0.1047	-0.0072	17	37	130	8	2019	0.375	0.5524
1370	stroke	-0.6073	-0.0483	6	32	144	13	2019	0	0
1371	stroke patient	-0.7528	-0.0346	6	18	87	11	2019	0	0
1372	structural equation modeling	-0.9308	-0.0022	3	32	126	9	2019	1.7778	2.6186
1373	structural similarity	-1.0541	-0.3788	2	11	45	5	2019	0.2	0.2946
1374	student	-0.8285	-0.156	15	94	1121	101	2019	0.505	0.7438
1375	subarray	-0.2852	0.2099	5	11	87	7	2019	1	1.473
1376	subcritical water	1.2261	-0.5197	4	30	245	7	2019	1.5714	2.3147
1377	subcritical water ethanol mixture	1.3796	-0.5022	4	27	190	5	2019	0.8	1.1784
1378	subcritical water methanol mixture	1.3947	-0.4637	4	23	157	5	2019	0	0
1379	substitution	0.7012	0.2034	18	73	255	12	2019	0.1667	0.2455
1380	substrate	0.828	-0.2031	9	128	669	36	2019	0.3056	0.4501
1381	suc	0.1013	1.2934	13	3	35	5	2019	0	0
1382	sucrose	0.6586	-0.1504	9	38	111	5	2019	0.8	1.1784
1383	suf	-0.8812	0.2233	3	18	123	6	2019	0	0
1384	sugar	1.0397	-0.3872	9	96	1035	45	2019	0.8222	1.2111
1385	sugar concentration	1.0724	-0.4174	9	68	211	7	2019	0.7143	1.0521
1386	sugar production	1.0745	-0.4018	9	50	216	9	2019	2	2.946
1387	suggestion	-0.8029	-0.1332	8	54	145	9	2019	0.6667	0.982
1388	sulfur	1.0455	-0.1576	4	44	126	7	2019	0.7143	1.0521
1389	sun	-0.0998	0.1951	6	34	99	11	2019	1.7273	2.5442
1390	sunlight	0.1227	0.1075	6	40	95	7	2019	0.5714	0.8417
1391	superconductivity	0.9531	0.0309	1	4	10	5	2019	0	0
1392	supervised approach	-1.1432	-0.2252	2	18	126	6	2019	0.3333	0.491
1393	supply chain complexity	-1.0186	-0.2967	2	2	50	5	2019	0	0
1394	support vector machine	-0.7379	-0.0671	2	119	539	40	2019	0.675	0.9943
1395	support vector regression	-0.9156	0.1054	3	33	124	9	2019	2.6667	3.928
1396	surabaya river	0.1114	0.1211	10	24	115	6	2019	0.1667	0.2455
1397	surface area	0.6865	0.0998	1	159	536	25	2019	0.52	0.766
1398	surface morphology	1.1281	-0.1053	1	90	221	9	2019	0.7778	1.1457
1399	surface roughness	0.1736	-0.1855	13	67	513	31	2019	0.8387	1.2354
1400	surface sediment	0.2599	0.0521	10	18	199	14	2019	3.7857	5.5763
1401	surface water	-0.2849	0.0457	10	36	101	8	2019	2.625	3.8666
1402	surfactant	0.9778	-0.3229	9	94	569	19	2019	0.6842	1.0078
1403	surls svm	-0.9803	0.0755	3	13	235	10	2019	0.5	0.7365
1404	survival	-0.6361	0.0467	3	28	167	9	2019	1	1.473
1405	suza	-1.0552	-0.0988	5	9	115	5	2019	0	0
1406	svm	-0.6828	-0.0823	2	113	587	55	2019	1.3818	2.0354
1407	svr	-0.9387	0.1181	3	33	226	17	2019	1.5882	2.3394
1408	swarm agent	-0.9237	0.0442	8	2	15	5	2019	0	0
1409	symptom	-0.7128	0.0733	3	26	162	12	2019	8.6667	12.7659
1410	syn gas	0.4064	0.553	14	9	126	7	2019	1	1.473
1411	syngas	0.7675	0.3209	14	38	86	6	2019	0	0
1412	synthesis	1.1181	-0.03	1	283	1787	82	2019	0.5976	0.8802
1413	synthesis process	0.5645	-0.1218	1	51	91	5	2019	0.4	0.5892
1414	systematic literature review	-0.865	-0.2381	2	25	85	7	2019	0	0
1415	tar content	0.6912	0.4136	14	17	66	5	2019	0.2	0.2946
1416	teacher	-0.8991	-0.1446	15	21	88	8	2019	1	1.473
1417	teeth	-0.6359	0.0658	3	9	14	8	2019	0.875	1.2889
1418	tem	1.0959	0.0345	1	67	176	9	2019	0.7778	1.1457
1419	temperature distribution	-0.0358	0.3606	12	40	147	12	2019	0	0
1420	temperature increase	0.3277	0.3907	7	47	99	7	2019	0.7143	1.0521
1421	temperature profile	0.169	0.4018	7	17	50	5	2019	2.8	4.1244
1422	temperature variation	0.7115	0.2009	14	63	160	8	2019	0.375	0.5524
1423	tensile	0.5853	-0.0091	1	35	96	10	2019	2.1	3.0933
1424	tensile strength	0.4546	-0.1724	13	96	470	26	2019	0.8462	1.2464
1425	teos	0.9988	0.164	1	48	143	6	2019	1.3333	1.964
1426	term list	-1.2513	-0.1796	2	16	151	5	2019	3	4.419
1427	text	-0.781	-0.1141	2	39	236	22	2019	1.2727	1.8747
1428	text feature	-1.1047	-0.1976	2	25	125	6	2019	0.5	0.7365
1429	texture	-0.6809	-0.1986	2	31	148	12	2019	0.4167	0.6137
1430	texture feature	-0.6782	-0.125	2	17	75	8	2019	0	0
1431	tf icf	-1.2359	-0.1842	2	19	127	5	2019	2.6	3.8298
1432	tga	1.103	0.0159	1	37	113	5	2019	1	1.473
1433	theme	-0.8537	-0.2254	2	15	45	6	2019	0	0
1434	thermal efficiency	0.188	0.5037	14	59	203	11	2019	1.7273	2.5442
1435	thermal stability	1.1176	-0.1144	1	88	218	12	2019	1	1.473
1436	thermogravimetric analysis	0.986	0.0763	1	64	128	7	2019	0.5714	0.8417
1437	thin film	0.4316	-0.0428	6	37	272	24	2019	0	0
1438	threshold graph	-1.0529	-0.5598	2	1	45	9	2019	0	0
1439	throughput	-0.8677	-0.3447	19	11	55	6	2019	0.8333	1.2275
1440	tide station	-0.3968	0.084	6	7	60	5	2019	0	0
1441	time complexity	-1.0762	-0.5	2	9	81	5	2019	4.4	6.4811
1442	time series	-0.7803	0.099	3	47	217	20	2019	0.65	0.9574
1443	time series data	-0.8007	0.1008	3	41	97	12	2019	1.9167	2.8232
1444	tio2	0.948	0.0512	1	99	506	22	2019	0.2273	0.3348
1445	tissue	-0.043	-0.1118	5	65	405	37	2019	0.4595	0.6768
1446	titanium	0.7447	0.0629	1	28	71	6	2019	1	1.473
1447	tmva	0.0398	-0.2294	17	11	442	13	2019	0	0
1448	tomato	-0.5311	-0.3269	2	11	59	8	2019	1	1.473
1449	ton day	0.0807	0.2005	10	9	104	7	2019	0	0
1450	top level process model	-1.0133	-0.38	2	9	228	6	2019	0	0
1451	topic	-0.8835	-0.1205	2	118	584	40	2019	0.55	0.8101
1452	topsi	-0.7926	-0.2118	2	18	69	5	2019	1.4	2.0622
1453	torque	-0.1384	0.3161	6	81	226	16	2019	1	1.473
1454	torque coefficient	-0.0806	0.4601	7	29	112	7	2019	1.8571	2.7355
1455	torque density	-0.2782	0.1842	6	5	22	5	2019	0	0
1456	torrefaction	0.2253	0.2666	14	6	60	5	2019	0	0
1457	total area	-0.5545	0.2149	10	11	46	6	2019	0	0
1458	total petroleum hydrocarbon	0.8769	-0.4002	11	30	133	5	2019	0.4	0.5892
1459	tourism destination	-0.9081	-0.0773	8	7	28	8	2019	0	0
1460	toxicity	0.0864	-0.0786	2	27	79	5	2019	0.8	1.1784
1461	tph	0.907	-0.4079	11	25	226	9	2019	0	0
1462	traffic congestion	-1.0218	0.2124	14	9	166	14	2019	0.5	0.7365
1463	training data	-0.788	-0.1501	2	68	222	18	2019	0.2778	0.4092
1464	trajectory	-0.367	0.2357	6	21	85	17	2019	0.1765	0.2599
1465	transesterification	1.3198	-0.3752	4	56	355	13	2019	0.0769	0.1133
1466	transfer learning	-0.6085	-0.1288	2	15	50	7	2019	0.1429	0.2104
1467	transformation	0.2423	-0.1281	9	93	351	29	2019	1.8966	2.7936
1468	transformer	-0.0225	0.1886	12	31	183	21	2019	0.1429	0.2104
1469	transmission electron microscopy	1.0717	0.0522	1	91	225	9	2019	1.6667	2.455
1470	transmitter	-0.4495	0.1325	5	47	211	18	2019	0.1667	0.2455
1471	transportation system	-0.9505	0.1481	14	30	132	12	2019	0.5833	0.8592
1472	travel time	-0.9948	0.1995	14	12	94	10	2019	0.4	0.5892
1473	tree	-0.2126	-0.1551	12	54	337	21	2019	0	0
1474	triglyceride	1.2761	-0.3057	4	46	191	8	2019	0.5	0.7365
1475	trust	-1.0383	-0.112	8	21	125	12	2019	0.5	0.7365
1476	tsp	-0.9516	0.2049	8	9	188	22	2019	0	0
1477	tsr	-0.5694	0.3444	3	45	396	18	2019	1.2778	1.8821
1478	tss	0.3246	0.0689	10	38	166	13	2019	0	0
1479	tsunami	-0.3395	0.1518	6	14	156	18	2019	0.4444	0.6547
1480	tuban	0.3166	-0.052	17	14	78	5	2019	0	0
1481	tuban regency	-0.3741	0.1336	6	7	90	6	2019	0	0
1482	tumor	-0.7189	0.0961	17	15	57	5	2019	0.8	1.1784
1483	turbine	-0.0212	0.3412	7	94	698	55	2019	0.5455	0.8034
1484	turbine blade	-0.034	0.4763	7	35	244	12	2019	0.1667	0.2455
1485	turbulence model	0.081	0.5179	7	43	143	10	2019	1.1	1.6203
1486	tw depth condition	-0.6926	0.8424	5	7	216	6	2019	0	0
1487	tween	1.0015	-0.4692	9	52	300	10	2019	1.7	2.5041
1488	tweet	-0.8971	-0.2011	2	25	109	9	2019	0.8889	1.3093
1489	twitter	-0.9422	-0.2015	2	26	72	5	2019	0.2	0.2946
1490	type cylinder	-0.0831	0.5839	7	16	148	8	2019	0.5	0.7365
1491	uav	-0.3639	0.2212	6	36	267	27	2019	0	0
1492	ultrasound	0.4778	-0.14	4	26	113	7	2019	0.2857	0.4209
1493	ultrasound treatment	1.2614	-0.3174	9	12	95	5	2019	2	2.946
1494	unda river basin	-0.3032	0.181	10	3	30	5	2019	0	0
1495	unemployment rate	-1.1186	0.1548	3	27	99	9	2019	2	2.946
1496	university	-0.9509	-0.1145	5	48	320	30	2019	0.1333	0.1964
1497	unmanned aerial vehicle	-0.3298	0.212	6	32	94	7	2019	0	0
1498	urban area	-0.7028	0.0886	8	28	160	19	2019	0.3158	0.4652
1499	urine	0.0244	0.0782	8	10	60	6	2019	0.1667	0.2455
1500	usability	-1.0688	-0.1281	5	14	123	10	2019	1	1.473
1501	usefulness	-0.8757	-0.0155	8	26	51	6	2019	0	0
1502	user perception	-1.1709	-0.0058	3	2	15	5	2019	0	0
1503	user story	-0.9576	-0.2133	8	4	24	6	2019	0	0
1504	uv vis	0.9955	0.0369	1	67	150	8	2019	0.375	0.5524
1505	v alginolyticus	0.8986	-0.2804	11	24	214	9	2019	7.7778	11.4565
1506	v v	0.9827	-0.3885	9	129	820	29	2019	1.931	2.8444
1507	value stream mapping	0.1621	0.4802	7	4	27	5	2019	0.4	0.5892
1508	vegetable	-0.1607	-0.0294	10	19	231	12	2019	0	0
1509	vegetable oil	1.0797	-0.1753	4	20	64	5	2019	0	0
1510	vegetation	-0.2613	0.0141	12	34	117	8	2019	1.5	2.2095
1511	vehicle routing problem	-0.8477	0.1478	8	11	50	6	2019	0	0
1512	vehicle suspension	0.1165	0.0729	17	7	38	6	2019	0	0
1513	verification	-0.1215	0.3148	7	33	104	11	2019	1.5455	2.2764
1514	vibration	0.168	-0.0815	17	69	574	31	2019	0.0645	0.095
1515	vibration amplitude	0.2829	-0.3121	13	7	78	6	2019	0	0
1516	vibrio	0.9554	-0.2123	11	36	178	7	2019	4.2857	6.3128
1517	vibrio alginolyticus	0.9071	-0.1552	11	45	403	16	2019	3.625	5.3396
1518	virtual reality	-0.7492	-0.1119	15	22	91	6	2019	0.3333	0.491
1519	virus	-0.4838	-0.1597	2	15	184	23	2019	0	0
1520	viscosity	0.3958	-0.1227	16	48	153	12	2019	0.75	1.1047
1521	visualization	-0.6768	-0.1619	3	30	104	11	2019	0.7273	1.0713
1522	volatility	-0.9048	0.2222	8	15	83	8	2019	0	0
1523	voltage sag	0.2797	-0.1814	9	1	5	5	2019	0	0
1524	volume fraction	0.4545	0.2626	7	24	113	9	2019	3.8889	5.7283
1525	volume ratio	1.151	-0.1554	11	73	236	10	2019	0.3	0.4419
1526	volumetric property	1.1031	0.0314	1	8	120	8	2019	0	0
1527	vrp	-0.8721	0.1586	8	9	85	10	2019	0	0
1528	vsm	0.334	0.4462	7	32	112	9	2019	0.4444	0.6547
1529	vulcanization process	0.0473	-0.3067	13	28	212	8	2019	0	0
1530	w v	1.0557	-0.2559	9	54	164	8	2019	0.375	0.5524
1531	w w	0.9836	-0.2921	9	123	485	18	2019	0.6111	0.9002
1532	wac	0.2833	0.002	10	9	114	6	2019	0	0
1533	wall	0.0748	0.4128	7	72	168	11	2019	0.2727	0.4017
1534	waste heat	-0.0419	0.3728	12	16	175	11	2019	0.0909	0.1339
1535	waste volume	-0.0561	0.1012	12	10	234	9	2019	1	1.473
1536	wastewater	0.6769	-0.0489	11	97	791	44	2019	2.2955	3.3812
1537	water availability	-0.3252	0.1729	10	22	70	6	2019	0	0
1538	water body	0.2801	-0.0191	10	39	187	10	2019	1.5	2.2095
1539	water content	0.6061	-0.0221	12	80	292	17	2019	0.0588	0.0866
1540	water level	-0.2743	0.0961	10	40	143	10	2019	0.1	0.1473
1541	water pollution	-0.0921	0.0693	10	40	84	6	2019	0.3333	0.491
1542	water resource	-0.3064	0.1193	10	43	237	13	2019	0.0769	0.1133
1543	water soluble chitosan	1.4147	-0.1255	18	18	112	6	2019	0.6667	0.982
1544	watermelon	-0.7222	-0.2335	2	6	84	6	2019	1	1.473
1545	wave	-0.4025	0.0988	6	40	241	36	2019	0.2222	0.3273
1546	wavelength	0.5219	-0.0062	16	76	254	17	2019	0.4706	0.6932
1547	wax	1.0241	-0.1842	9	13	102	6	2019	0	0
1548	way anova	0.1309	-0.1174	12	23	96	5	2019	0.6	0.8838
1549	weakness	-0.8647	0.0842	5	26	61	7	2019	1	1.473
1550	web	-0.7924	0.0554	8	25	61	7	2019	0	0
1551	website quality	-1.1309	-0.2143	2	4	19	5	2019	0	0
1552	welding	1.1099	0.0849	18	14	79	9	2019	0	0
1553	wheelchair	-0.4108	0.0421	6	5	44	8	2019	0	0
1554	whereas	-0.0854	0.0542	3	61	120	7	2019	0.4286	0.6313
1555	wind speed	-0.1967	0.3272	7	47	142	10	2019	0.3	0.4419
1556	wind turbine	-0.0411	0.364	7	37	159	20	2019	0.1	0.1473
1557	wing	-0.1741	0.3866	7	17	159	12	2019	0	0
1558	winglet	-0.0758	0.4472	7	20	118	8	2019	0	0
1559	wire	-0.0317	0.4443	7	35	295	14	2019	0	0
1560	wire mesh sensor	-0.2751	0.0513	5	7	220	11	2019	0	0
1561	wireless sensor network	-0.8674	-0.3055	19	19	87	14	2019	0.3571	0.5261
1562	woman	-0.9788	0.0052	3	20	69	7	2019	1.8571	2.7355
1563	wonocolo public oilfield	0.8917	-0.4075	11	15	107	5	2019	0.6	0.8838
1564	word	-0.8959	-0.1983	2	73	557	37	2019	0.2432	0.3583
1565	word embedding	-1.1126	-0.1682	2	25	228	10	2019	2.1	3.0933
1566	wrong indirect relationship	-1.1015	-0.4905	2	4	48	6	2019	0	0
1567	wsc	1.4049	-0.125	18	18	114	7	2019	0.5714	0.8417
1568	wsn	-0.8817	-0.3234	19	12	60	7	2019	0.7143	1.0521
1569	x power plant	-0.4491	7.5976	23	0	0	6	2019	0	0
1570	x ray diffraction	1.0272	0.0041	1	274	1140	50	2019	1.04	1.5319
1571	xrd	1.0013	0.0272	1	366	2122	97	2019	0.6392	0.9415
1572	xrd analysis	0.851	-0.0006	1	84	189	8	2019	0.875	1.2889
1573	xrd data	1.1186	0.0225	1	47	109	6	2019	0.8333	1.2275
1574	xrd pattern	0.97	0.0389	1	77	164	8	2019	0	0
1575	xrd result	1.0878	0.0117	1	92	200	8	2019	1	1.473
1576	xrf	1.0869	0.0305	1	80	245	10	2019	0	0
1577	xylanase	1.0191	-0.5152	9	34	186	6	2019	0.6667	0.982
1578	yard waste	0.8658	-0.3939	11	12	125	5	2019	1	1.473
1579	yield	0.9391	-0.325	4	271	2379	112	2019	0.8393	1.2363
1580	zanzibar	-1.0552	-0.0988	5	9	115	5	2019	0	0
1581	zeolite	1.1079	-0.1057	11	42	224	11	2019	2.0909	3.0799
1582	zinc oxide sheet	0.6624	-0.0288	1	11	90	6	2019	0	0
1583	zircon	1.165	0.1342	1	34	408	15	2019	1.8667	2.7496
1584	zirconia	1.1671	0.1267	1	55	415	16	2019	1.3125	1.9333
1585	zirconium	1.1326	-0.0162	11	32	161	8	2019	4.5	6.6284
1586	zno	0.741	0.151	16	56	277	15	2019	0.8	1.1784
1587	zro2	1.0495	0.0689	1	66	390	19	2019	0.2632	0.3876
1588	zsm	1.1334	-0.0571	1	53	325	19	2019	1.0526	1.5505
