id	label	x	y	cluster	weight<Links>	weight<Total link strength>	weight<Occurrences>	score<Avg. pub. year>	score<Avg. citations>	score<Avg. norm. citations>
1	abs	0.9638	0.1612	1	1	20	5	2019	0	0
2	acacia	-0.061	-0.0335	9	25	124	5	2019	0.6	0.752
3	acanthuridae	1.1972	0.2129	12	12	182	6	2019	0	0
4	accession	-0.1922	0.1133	10	62	661	46	2019	0.5	0.6267
5	ace	-0.9332	0.5453	13	11	280	10	2019	0	0
6	aceh cattle	-0.7281	0.5319	15	22	276	14	2019	2.2857	2.8648
7	aceh province	-0.218	-0.1162	4	22	68	6	2019	1.6667	2.0889
8	acepa	0.1686	0.5555	7	10	138	6	2019	1	1.2534
9	acetic acid	-0.7011	-0.3466	2	30	135	6	2019	0.8333	1.0445
10	acetone	-1.1958	-0.0359	4	26	147	5	2019	1.2	1.504
11	actinomycete	-0.842	0.3661	13	31	311	13	2019	1.2308	1.5426
12	actinomycetes	-0.9025	0.3695	13	27	155	7	2019	1.7143	2.1486
13	actinomycetes isolate	-0.9145	0.4168	13	22	129	6	2019	1.5	1.88
14	activated carbon	-0.3243	-0.4905	2	12	69	6	2019	0	0
15	activation energy	0.0243	-0.2733	2	7	30	6	2019	0.8333	1.0445
16	adf	-1.078	-0.1802	9	36	213	6	2019	0	0
17	adi	-0.3322	0.0361	10	11	245	7	2019	0	0
18	administration	-0.6144	0.3516	6	98	472	19	2019	0.4737	0.5937
19	adsorbent	-0.3496	-0.4941	2	21	144	12	2019	0.4167	0.5222
20	adult	0.369	0.2221	1	42	177	12	2019	0.5	0.6267
21	advance	-0.2472	-0.0829	15	56	185	10	2019	4.6	5.7654
22	affective design	0.7231	0.0085	3	9	71	7	2019	0	0
23	agar medium	-0.7575	0.4533	13	25	106	6	2019	0.8333	1.0445
24	age group	-0.2867	0.1192	10	22	179	7	2019	0	0
25	agribusiness	0.4294	0.1001	14	30	159	15	2019	0	0
26	agricultural landscape	1.1343	0.3738	12	23	70	5	2019	0.6	0.752
27	agroforestry	0.6242	-0.4976	8	20	70	6	2019	0	0
28	agronomic character	0.2509	0.3204	12	29	99	9	2019	0.4444	0.557
29	al2o3	-0.4659	-0.4629	15	3	72	8	2019	0	0
30	alkaline	-0.6655	-0.4058	2	39	69	5	2019	0.2	0.2507
31	alkaloid	-0.919	-0.0829	4	80	295	10	2019	0.9	1.128
32	allele	0.2932	0.6372	7	64	423	25	2019	1.16	1.4539
33	aloe vera	-0.586	-0.3471	11	17	119	5	2019	0	0
34	alteration	-0.3803	0.4435	7	45	118	7	2019	1.5714	1.9696
35	alternative livelihood	0.8953	0.0367	12	15	64	6	2019	0.3333	0.4178
36	alternative source	-0.3503	-0.3374	3	53	124	7	2019	5.1429	6.4458
37	altitude	0.5084	-0.1782	5	27	301	30	2019	0.0667	0.0836
38	aluminum	-0.2017	0.4011	7	40	94	6	2019	0.1667	0.2089
39	amf	0.1098	-0.062	16	26	126	11	2019	1.1818	1.4812
40	ammonium	-0.0878	-0.0848	16	24	141	6	2019	0	0
41	anatomical characteristic	0.3451	-0.635	8	14	72	7	2019	2.5714	3.2229
42	anatomy	-0.0906	0.0356	12	50	181	19	2019	0	0
43	anemic pregnant woman	-0.1729	-0.0444	17	11	186	6	2019	0	0
44	angelina	1.262	-0.1944	19	11	102	6	2019	0.6667	0.8356
45	animal feed	-0.225	-0.0815	3	37	141	6	2019	0.1667	0.2089
46	animal waste	-0.3735	-0.3796	3	1	5	5	2019	31	38.8541
47	annealing temperature	-0.5828	-0.6253	2	26	94	8	2019	0.375	0.47
48	anthocephalus cadamba	-0.0207	-0.3589	8	62	185	7	2019	0.5714	0.7162
49	anthropogenic pressure	1.0246	0.0978	1	14	50	5	2019	0.8	1.0027
50	anti	-0.6427	-0.2048	4	27	70	5	2019	0	0
51	antibacterial activity	-0.7439	0.1622	13	120	481	27	2019	0.4815	0.6035
52	antibiotic	-0.6909	0.5157	13	54	224	10	2019	0.2	0.2507
53	antibody	-0.5707	-0.1846	2	33	154	14	2019	1.0714	1.3429
54	antifungal activity	-0.8407	0.1244	13	42	263	11	2019	1.9091	2.3928
55	antiglycation	-0.9593	-0.1214	4	34	167	8	2019	1.75	2.1934
56	antiglycation activity	-0.8367	-0.059	4	46	136	6	2019	1.5	1.88
57	antimicrobial activity	-0.8652	0.2322	13	39	157	10	2019	0.2	0.2507
58	antioxidant	-0.8279	-0.0232	4	144	550	24	2019	0.625	0.7833
59	antioxidant activity	-0.8292	-0.0731	4	265	2189	92	2019	1.163	1.4577
60	antioxidant agent	-0.8672	-0.1663	4	55	118	5	2019	2	2.5067
61	antioxidant capacity	-1.0863	-0.0704	4	67	368	11	2019	0.2727	0.3418
62	antioxidant property	-0.8134	0.2628	6	52	131	5	2019	0.8	1.0027
63	apidae	0.8206	0.1924	1	19	94	6	2019	0.5	0.6267
64	arbuscular mycorrhizal fungi	0.0499	-0.0461	16	16	68	6	2019	1	1.2534
65	arfak rainbowfish	1.2079	0.1733	1	2	15	5	2019	0	0
66	arginase	-1.0954	0.6458	6	18	112	5	2019	0.8	1.0027
67	arj	-0.825	0.3484	13	24	164	6	2019	1.3333	1.6711
68	artemia	-0.4953	0.3129	6	17	99	5	2019	3.4	4.2614
69	artocarpus species	0.4079	-0.6738	8	9	128	8	2019	0	0
70	ascorbic acid	-0.9201	-0.109	4	53	127	7	2019	0.4286	0.5372
71	asd	1.0494	0.5996	17	7	180	6	2019	1	1.2534
72	ash content	-0.6987	-0.3049	11	66	209	10	2019	0.1	0.1253
73	assay	-0.7801	0.267	4	193	977	38	2019	1.1316	1.4183
74	association	0.1915	0.2266	17	124	769	38	2019	0.2368	0.2968
75	atc processing	-1.0513	-0.4364	4	6	114	6	2019	0	0
76	atmosphere	0.2677	-0.4101	8	46	109	10	2019	1.7	2.1307
77	authentication	-0.337	-0.2913	2	27	134	11	2019	1.2727	1.5952
78	authority	1.0924	-0.0372	1	53	248	20	2019	0.3	0.376
79	avian coronavirus	0.0903	0.6554	12	15	231	7	2019	2	2.5067
80	avocado	-0.186	-0.6002	8	18	122	10	2019	1.2	1.504
81	aya	0.4725	0.0525	14	3	78	6	2019	0	0
82	bacillus	-0.7619	0.3185	13	61	207	8	2019	1.5	1.88
83	bacterial isolate	-0.3515	0.1966	16	48	345	12	2019	0.6667	0.8356
84	bacteriocin	-0.4273	0.1662	13	42	199	13	2019	0.2308	0.2892
85	bacterium	-0.5932	0.2786	13	243	1574	86	2019	0.8721	1.093
86	bali cattle	0.404	0.8067	7	29	330	16	2019	0.5	0.6267
87	bamboo	-0.3443	-0.6681	8	34	241	17	2019	0.7059	0.8847
88	bamboo culm	0.3764	-0.4011	8	7	114	6	2019	2	2.5067
89	banteng	0.6577	0.4041	7	33	168	10	2019	2.9	3.6347
90	bap	-0.5177	0.3709	10	16	128	10	2019	1.5	1.88
91	barium strontium titanate	-0.4858	-0.62	2	23	124	6	2019	1.3333	1.6711
92	basal area	0.8817	-0.4843	5	23	104	7	2019	1	1.2534
93	base classifier	0.705	-0.3939	5	7	48	9	2019	0.4444	0.557
94	baseline	0.9033	0.029	1	46	213	11	2019	0.4545	0.5697
95	basic density	0.3716	-0.6692	8	17	84	5	2019	0.4	0.5013
96	batang toru	1.0102	-0.3264	5	4	18	9	2019	0	0
97	bcr abl	-0.026	0.3375	10	12	180	9	2019	0	0
98	bedtime	0.1737	0.2505	17	11	162	6	2019	0	0
99	beginning	0.5816	-0.1591	5	58	256	15	2019	0.3333	0.4178
100	bengkalis regency	1.045	-0.3108	5	6	30	6	2019	1.3333	1.6711
101	bengkulu	-0.0507	0.0488	9	23	106	5	2019	1.2	1.504
102	bengkulu province	0.7875	0.231	1	36	208	7	2019	1.2857	1.6115
103	berau	1.03	-0.3929	5	16	145	9	2019	0.2222	0.2785
104	best treatment	-0.6062	-0.3391	2	60	126	7	2019	0.1429	0.1791
105	best type	0.2631	-0.1246	8	30	60	5	2019	0.4	0.5013
106	better performance	0.4326	-0.4842	5	27	64	6	2019	0.6667	0.8356
107	bio oil	-0.4871	-0.4583	15	8	84	12	2019	0	0
108	bioactive compound	-0.8069	0.0422	4	201	1068	42	2019	1.2143	1.5219
109	bioactive peptide	-0.5797	0.3354	13	45	253	11	2019	1.7273	2.1649
110	bioactivity	-0.9012	-0.2906	4	62	311	13	2019	1	1.2534
111	biocontrol agent	-0.6331	0.446	13	46	234	7	2019	1.5714	1.9696
112	biocultural approach	1.9301	0.6334	12	2	43	7	2019	14.5714	18.2632
113	biodiesel agroindustry	1.4248	0.5033	1	1	5	5	2019	0	0
114	biodiversity loss	1.1286	-0.0709	1	28	130	9	2019	1.4444	1.8104
115	bioethanol	0.1265	-0.3002	3	26	100	8	2019	1.5	1.88
116	biofertilizer	-0.5375	0.1281	13	22	125	8	2019	0	0
117	biofloc	-0.4267	0.0163	6	24	116	7	2019	4.4286	5.5506
118	biofloc meal	-0.4076	0.1989	6	15	200	8	2019	1	1.2534
119	biofloc system	-0.5808	0.2871	6	7	85	5	2019	5	6.2668
120	bird community	1.1151	-0.0565	1	8	32	7	2019	0	0
121	bird species	1.1901	0.0455	1	29	355	17	2019	0	0
122	bisdemethoxycurcumin content	-0.4113	0.133	10	7	189	7	2019	1	1.2534
123	bit	-0.0311	-0.4031	11	9	80	10	2019	0.2	0.2507
124	black rice bran	-0.9857	-0.0456	4	18	222	11	2019	0	0
125	blade	0.2073	-0.043	1	8	48	8	2019	0	0
126	blood glucose level	-0.4723	0.3704	6	55	201	9	2019	0.4444	0.557
127	blood glucose status	0.9038	0.173	3	8	168	8	2019	0	0
128	blood plasma	-0.6048	0.1433	13	19	299	11	2019	0	0
129	blood pressure	-0.6055	0.3797	6	63	274	11	2019	0.3636	0.4558
130	blood sample	0.0503	0.4128	6	40	138	8	2019	0.25	0.3133
131	blood vessel	-1.5136	0.4176	15	19	125	7	2019	0.2857	0.3581
132	blue	0.12	-0.4047	2	49	171	13	2019	0.3846	0.4821
133	blue swimming crab	0.7532	0.2202	1	26	126	6	2019	1.3333	1.6711
134	boat	0.8205	0.0129	1	34	147	11	2019	2.6364	3.3043
135	body	0.2665	0.0162	6	138	430	27	2019	0.3333	0.4178
136	body measurement	0.6699	0.8495	7	5	72	6	2019	0	0
137	body weight	-0.6057	0.4203	6	111	520	29	2019	0.5862	0.7347
138	bogor city	0.7594	-0.1389	1	23	135	14	2019	0.2857	0.3581
139	bogor district	0.1009	0.2858	11	21	125	6	2019	0.1667	0.2089
140	bone	-0.7535	-0.3099	2	93	421	18	2019	0.3333	0.4178
141	bontang	1.0502	-0.3868	5	6	68	6	2019	0	0
142	bornean orangutan	1.0207	-0.0508	1	9	47	7	2019	0	0
143	bos indicus	0.2111	0.7798	7	30	153	5	2019	0	0
144	bos javanicus	0.5414	0.6981	7	38	169	8	2019	0.75	0.94
145	bosb	-0.4312	-0.7603	8	16	190	10	2019	1	1.2534
146	brandis method	1.3703	-0.2746	3	1	5	5	2019	0	0
147	brebes regency	0.2031	0.043	16	4	17	5	2019	0.6	0.752
148	breed	0.1795	0.6564	7	62	522	18	2019	2.0556	2.5763
149	brewing	-0.5271	-0.0652	10	24	141	9	2019	1.2222	1.5319
150	brine shrimp lethality test	-1.2887	0.1021	4	52	168	5	2019	1	1.2534
151	broiler farm	0.1909	0.3769	14	14	92	8	2019	0	0
152	bryophyte	0.2761	-0.5016	8	3	42	6	2019	14	17.547
153	bsf	-0.6606	0.1171	9	40	263	12	2019	0.25	0.3133
154	bsf larvae	-0.7178	0.1175	9	36	188	8	2019	0	0
155	buffalo	0.0987	0.4863	8	24	167	7	2019	0.5714	0.7162
156	bulb	-0.5492	-0.047	11	36	159	12	2019	0.3333	0.4178
157	bulk density	0.3478	-0.325	5	37	111	9	2019	1	1.2534
158	business process	1.0143	-0.0693	3	15	65	6	2019	0.5	0.6267
159	butanol	-1.1052	-0.1413	9	44	152	6	2019	0.5	0.6267
160	butet	1.2719	-0.1908	19	11	88	5	2019	0.8	1.0027
161	buton forest onion	-0.2792	0.3682	6	10	180	9	2019	2	2.5067
162	butterfly	1.1095	0.0607	1	35	375	27	2019	0.3333	0.4178
163	butterfly diversity	1.4472	0.0238	1	7	75	5	2019	0	0
164	butterfly species	1.2095	0.0321	1	22	153	6	2019	0	0
165	buyan	1.0508	0.2576	12	5	95	5	2019	0	0
166	c aeruginosa	-0.9627	0.1958	4	16	170	5	2019	1	1.2534
167	c odorata	0.5032	0.2219	12	9	127	11	2019	0	0
168	calcium	-0.516	-0.1571	17	72	164	8	2019	0.375	0.47
169	calcium hydroxide	-0.7842	-0.7173	2	40	153	6	2019	0	0
170	calibration model	0.0532	-0.3097	10	20	145	9	2019	0	0
171	callus	-0.5588	0.3604	10	18	228	16	2019	1.5	1.88
172	cancer	-0.903	0.1934	4	78	369	18	2019	2.4444	3.0638
173	canopy cover	0.7689	-0.4715	8	9	71	9	2019	0.4444	0.557
174	capita	1.343	0.4673	1	14	124	7	2019	1.1429	1.4324
175	capsicum	-0.2019	0.4288	7	23	74	5	2019	1.6	2.0054
176	capsule	-0.7238	-0.3	15	20	164	12	2019	0.0833	0.1044
177	capture fishery	1.0086	0.0929	1	32	131	12	2019	0.9167	1.1489
178	carbohydrate	-0.3136	-0.0317	3	92	218	11	2019	1.2727	1.5952
179	carbon deposit	0.3058	-0.3572	8	10	78	8	2019	0	0
180	carbon source	-0.5339	0.25	6	30	185	9	2019	3	3.7601
181	carbon storage	0.3302	-0.3648	8	18	92	12	2019	0.5	0.6267
182	carotenoid	-0.3204	-0.2289	17	22	151	9	2019	1.2222	1.5319
183	carrageenan	-0.5731	-0.332	4	44	298	18	2019	0	0
184	cassava leaf silage	-1.2015	0.1477	9	18	185	5	2019	0	0
185	cassava leafe	-0.4899	-0.3399	2	35	177	8	2019	1.125	1.41
186	cassava mealybug	0.4883	0.2979	7	16	66	5	2019	1	1.2534
187	cassia spp	-0.8946	0.0549	4	18	125	5	2019	0	0
188	catalyst	-0.479	-0.4383	15	24	226	21	2019	0.1429	0.1791
189	catch	0.907	0.1134	1	76	491	33	2019	0.3636	0.4558
190	catechin	-0.9686	-0.3114	4	9	114	6	2019	1	1.2534
191	catfish	-0.4684	0.0591	15	70	521	27	2019	0.1481	0.1857
192	cattle	0.2051	0.6239	7	99	792	37	2019	1.2162	1.5244
193	cbe	0.8255	-0.4088	5	11	207	9	2019	0	0
194	cca	0.8694	-0.053	3	13	76	8	2019	3	3.7601
195	ccew	0.7199	-0.4111	14	14	95	5	2019	0.4	0.5013
196	ccl7	-0.0674	1.2152	7	6	112	8	2019	1	1.2534
197	cec	0.1833	-0.3704	16	17	89	12	2019	0.8333	1.0445
198	cell	-0.7168	0.2832	4	289	2374	144	2019.0069	0.7153	0.8947
199	cell migration	-0.8565	0.2335	4	16	117	5	2019	0.2	0.2507
200	cellular microencapsulation	-0.7175	-0.3254	15	9	115	5	2019	0	0
201	cellulose	-0.8019	-0.5317	2	127	1008	43	2019	1.0698	1.3408
202	cellulose nanofiber	-0.8529	-0.4177	2	35	126	5	2019	0.8	1.0027
203	central part	0.7673	-0.1481	14	9	34	8	2019	0	0
204	central sulawesi	0.8656	-0.1667	12	9	48	6	2019	0	0
205	cfu g	-0.3997	-0.1479	10	20	77	7	2019	0	0
206	cfu ml	-0.5627	0.1913	6	50	193	12	2019	1.0833	1.3578
207	challenge test	-0.4932	0.3315	6	34	115	5	2019	2.6	3.2587
208	chemical characteristic	-0.0281	-0.1635	1	26	66	7	2019	0.1429	0.1791
209	chemical component	-0.5638	-0.4589	8	65	226	10	2019	0.7	0.8774
210	chemical composition	-0.7322	0.0145	9	181	771	31	2019	0.9032	1.1321
211	chemical compound	-0.3293	-0.2779	6	73	158	8	2019	0.75	0.94
212	chemical content	-0.2465	-0.2011	10	38	93	6	2019	1.1667	1.4623
213	chemical solution deposition	-0.6497	-0.6493	2	19	57	6	2019	0.1667	0.2089
214	chicken	-0.2454	0.5382	12	79	708	42	2019	0.7619	0.9549
215	chicken feet	-0.8203	-0.4612	2	10	100	5	2019	0	0
216	child	0.5478	0.3748	17	62	591	29	2019	0.7241	0.9076
217	chili plant	-0.6483	0.1698	13	11	75	5	2019	0	0
218	chinese violet	-0.817	-0.0176	10	10	105	5	2019	1	1.2534
219	chitin	-0.8249	0.0669	9	23	257	12	2019	1.75	2.1934
220	chitosan	-0.3396	-0.3049	18	70	794	45	2019	0.2667	0.3342
221	chitosan collagen membrane	-1.5426	0.4199	15	7	108	6	2019	0	0
222	chl	0.5569	-0.2399	14	13	45	5	2019	0.4	0.5013
223	chlorophyll	-0.0413	-0.3353	2	80	431	36	2019	0.7778	0.9748
224	chlorophyll content	-0.2977	0.1815	16	26	98	8	2019	0	0
225	choice	-0.3921	0.8507	17	32	127	9	2019	1.1111	1.3926
226	cholesterol	-0.265	0.2348	6	45	223	16	2019	0.3125	0.3917
227	chromosome	0.4384	0.6393	7	56	268	15	2019	0.0667	0.0836
228	cianjur regency	0.8738	-0.1673	3	32	123	5	2019	0	0
229	ciherang	-0.0313	0.61	7	35	328	15	2019	0.6667	0.8356
230	ciletuh mangrove forest	0.0386	-0.4936	8	2	9	6	2019	0	0
231	clade	0.3499	0.4629	12	38	148	11	2019	0.8182	1.0255
232	cloud	0.8916	-0.3757	5	29	74	6	2019	0.5	0.6267
233	clove bud	-0.651	0.1112	11	26	183	10	2019	1.3	1.6294
234	clustering	0.5711	0.0087	11	38	135	11	2019	0.4545	0.5697
235	cnfs	-0.711	-0.4645	2	27	297	10	2019	2.1	2.6321
236	co2 emission	0.5646	-0.2983	5	16	28	7	2019	4	5.0134
237	coastal water	0.7283	0.0941	12	35	178	13	2019	0.3077	0.3856
238	coating	-0.572	-0.4393	2	90	297	20	2019	0.1	0.1253
239	coconut milk	-0.1028	0.0216	4	5	55	5	2019	0	0
240	coffee bean	-0.281	-0.2093	10	29	327	26	2019	0.8462	1.0605
241	coffee brew	-0.5935	-0.0765	10	13	198	12	2019	0	0
242	coi	0.4282	0.6253	7	12	81	5	2019	0.8	1.0027
243	collagen	-0.7417	-0.297	2	105	1231	73	2019	0.8767	1.0988
244	collagen extraction	-0.7958	-0.4211	2	21	107	5	2019	0.4	0.5013
245	collembola	0.6934	-0.2199	5	15	132	9	2019	0.1111	0.1393
246	colony	0.8014	0.0578	1	44	186	18	2019	0.3333	0.4178
247	colour	-0.3015	-0.4055	8	47	167	17	2019	1.1176	1.4008
248	comity	1.1985	-0.4077	3	8	135	5	2019	0	0
249	commercial feed	-0.468	0.4101	6	33	148	7	2019	0.1429	0.1791
250	commitment	0.9055	-0.1422	3	21	90	6	2019	1	1.2534
251	communication technology	1.2471	-0.0959	3	23	105	6	2019	1.5	1.88
252	community forest	0.2684	-0.2089	8	37	136	9	2019	0.6667	0.8356
253	community structure	0.7622	0.1828	1	31	110	13	2019	1.8462	2.3139
254	complete block design	-0.2685	0.2811	7	47	105	6	2019	0.8333	1.0445
255	completely randomized design	-0.3809	0.1472	6	47	130	8	2019	0.125	0.1567
256	composite	-0.1952	-0.5308	2	85	332	27	2019	0.8889	1.1141
257	compost	0.0247	-0.0821	16	28	95	6	2019	1.5	1.88
258	compressive strength	0.3805	-0.536	8	16	144	8	2019	1.5	1.88
259	concave coastline	0.4883	-0.5633	14	5	99	9	2019	6	7.5201
260	concentrate	-1.0218	0.0782	9	43	340	14	2019	0.5714	0.7162
261	conservation status	0.9774	0.1384	1	24	57	5	2019	0.6	0.752
262	contig	-0.1096	0.2545	11	30	197	16	2019	1.5625	1.9584
263	control group	-1.0157	0.3431	15	75	302	15	2019	1.6667	2.0889
264	convection pipe	-0.1502	-0.1185	16	4	36	6	2019	7	8.7735
265	conventional goat milk	-0.4164	0.5067	11	10	546	14	2019	0	0
266	copper	-0.6296	-0.1617	17	39	95	5	2019	1.2	1.504
267	coral	0.9977	-0.0716	1	46	223	18	2019	0.2222	0.2785
268	coral cover	1.0466	0.1547	1	23	140	12	2019	1.4167	1.7756
269	coral reef ecosystem	1.1529	0.1972	12	22	130	12	2019	0.3333	0.4178
270	coral reef fish	1.2664	0.2025	12	3	15	5	2019	0	0
271	corn noodle	-0.0432	-0.5496	3	4	45	5	2019	0	0
272	corridor	0.9007	-0.2444	5	16	73	10	2019	0	0
273	cos	-0.5023	0.4613	6	12	132	6	2019	0	0
274	cow	-0.8421	0.1817	15	20	95	6	2019	4.3333	5.4312
275	cpue	0.921	0.137	1	22	119	6	2019	0.8333	1.0445
276	crab	0.6192	0.2418	1	32	147	13	2019	0.9231	1.1569
277	crd	-0.5019	0.261	10	51	160	9	2019	0.4444	0.557
278	cream	-0.5783	-0.1534	4	66	434	26	2019	2.5769	3.2298
279	cream preparation	-0.8236	-0.1846	4	30	136	5	2019	1.8	2.256
280	creation	0.1728	-0.4056	18	14	49	5	2019	0.4	0.5013
281	cricket meal	-0.4413	0.2296	9	21	373	17	2019	0.4118	0.5161
282	crispy noodle	-0.4183	0.0966	17	11	72	6	2019	1	1.2534
283	critical land	1.0339	-0.3484	5	8	25	5	2019	0	0
284	cross	0.1823	0.2878	7	75	349	19	2019	0.5263	0.6597
285	crude	-0.787	0.2588	13	60	206	8	2019	0.375	0.47
286	crude extract	-0.9834	0.1754	4	59	171	6	2019	2.3333	2.9245
287	crude fiber	-0.5357	-0.0219	9	68	213	13	2019	0.2308	0.2892
288	crude protein	-0.6975	0.0239	9	67	260	13	2019	0.6154	0.7713
289	crustacea	0.3942	0.3543	1	24	78	7	2019	0	0
290	cryopreservation	-0.7442	0.183	15	32	250	14	2019	3.5714	4.4763
291	crystallinity	-0.7899	-0.6063	2	115	508	21	2019	0.6667	0.8356
292	crystallite size	-0.8099	-0.7262	2	51	281	11	2019	0.1818	0.2279
293	csd	-0.8062	-0.5718	2	24	100	7	2019	0.1429	0.1791
294	cucumber	0.4062	0.4193	12	52	243	12	2019	0.1667	0.2089
295	cultivar	0.1388	0.3306	7	53	286	29	2019	0	0
296	cuprac	-0.9378	-0.1624	4	27	119	5	2019	3	3.7601
297	curcuma aeruginosa	-1.0282	0.1391	4	37	161	5	2019	1.2	1.504
298	curcuma aeruginosa roxb	-0.6681	0.132	10	33	131	5	2019	0.8	1.0027
299	curcumin	-0.4622	0.0991	10	30	219	12	2019	0.4167	0.5222
300	current state	0.6958	0.1361	1	30	70	5	2019	1.8	2.256
301	customer	1.1371	-0.0868	3	36	517	19	2019	0.6316	0.7916
302	customer satisfaction	1.3022	-0.1029	3	16	256	11	2019	0.9091	1.1394
303	customer trust	1.3663	-0.1398	3	15	265	5	2019	1	1.2534
304	cyanobacterium	0.146	-0.1762	16	21	88	6	2019	0	0
305	cynomolgus macaque	-0.0816	1.2239	7	11	121	7	2019	0.7143	0.8953
306	cytotoxic activity	-0.9593	0.2223	4	37	234	8	2019	0.5	0.6267
307	cytotoxicity	-1.3317	0.086	4	49	370	12	2019	0.5	0.6267
308	d oblongifolia	0.7007	-0.0372	12	7	75	5	2019	0	0
309	d optimal design	-0.4923	0.8676	17	8	79	11	2019	0	0
310	dadih product	0.6933	0.0196	3	7	65	5	2019	0	0
311	dairy farmer	0.6305	0.334	1	5	33	9	2019	0	0
312	dbh	0.5057	-0.1753	12	14	32	7	2019	0.5714	0.7162
313	dce	-0.4499	0.9129	17	3	64	8	2019	0	0
314	dead coral	1.1627	0.2189	1	12	30	6	2019	0.1667	0.2089
315	death	-0.5538	0.2463	4	64	191	10	2019	0.8	1.0027
316	decision making	0.7234	0.0536	1	36	97	8	2019	2.25	2.8201
317	decolorization	-0.3969	-0.2543	15	9	108	9	2019	0	0
318	decreasing	0.3002	-0.1646	3	48	181	9	2019	0.5556	0.6963
319	demethoxycurcumin	-0.4125	0.1296	10	10	175	7	2019	0.8571	1.0743
320	department	0.4314	-0.2879	3	66	223	10	2019	0.1	0.1253
321	desma	1.2599	-0.197	19	11	87	5	2019	0.6	0.752
322	determinant	0.775	0.0693	11	31	109	8	2019	1.375	1.7234
323	device	0.3436	-0.1179	6	91	369	31	2019	0.4839	0.6065
324	dextranase	-0.5851	0.1508	11	9	84	6	2019	0	0
325	dh line	0.1557	0.3072	7	17	82	7	2019	0.7143	0.8953
326	dhikr	0.1725	0.2485	17	11	182	7	2019	0	0
327	diabetes	-0.4807	0.3141	6	30	104	7	2019	0.2857	0.3581
328	diabetes mellitus	-0.0655	0.208	6	49	218	15	2019	0.8	1.0027
329	diabetic rat	-0.8286	0.4183	6	36	254	10	2019	0.3	0.376
330	diagnosis	-0.2789	0.1631	10	28	79	7	2019	2.2857	2.8648
331	dichromat	0.7098	1.0137	7	4	45	5	2019	1	1.2534
332	diet	-0.6262	0.2778	6	172	2007	88	2019	0.4091	0.5127
333	dietary diversity	-0.1581	-0.0404	17	19	270	11	2019	0.2727	0.3418
334	dietary quantity	-0.1735	-0.0451	17	11	160	5	2019	0	0
335	dietary treatment	-0.5322	0.2519	9	59	167	6	2019	0.3333	0.4178
336	digestibility	-0.9245	0.1788	9	118	807	28	2019	0.9286	1.1638
337	digestive tract	-0.594	0.1108	9	59	198	9	2019	2.1111	2.646
338	digital number	0.7569	-0.339	5	29	77	5	2019	0.2	0.2507
339	dimensional stability	-0.2701	-0.6171	8	43	334	15	2019	2.4667	3.0916
340	diphenyl	-0.9493	-0.0648	4	104	305	10	2019	0.6	0.752
341	distilled water	-0.4523	-0.2528	16	67	131	8	2019	0.125	0.1567
342	disturbed area	0.6953	-0.09	5	12	100	8	2019	6	7.5201
343	dna	0.0645	0.5268	7	118	605	36	2019	0.2222	0.2785
344	dna isolation	-0.0412	0.3128	13	14	59	5	2019	0.8	1.0027
345	dog	0.4643	0.2616	8	14	97	7	2019	0	0
346	dosage	-0.2988	0.0512	16	74	322	18	2019	0.1111	0.1393
347	dose	-0.6962	0.2213	6	157	883	46	2019	0.3261	0.4087
348	dpph	-0.9061	-0.126	4	115	487	17	2019	1.0588	1.3271
349	dpph method	-1.1477	-0.1199	4	44	131	5	2019	0.2	0.2507
350	drought stress	-0.0573	0.4561	7	20	131	8	2019	0	0
351	drought tolerance	-0.0447	0.433	7	20	81	7	2019	0	0
352	drug target interaction	0.4454	-0.4024	5	11	37	5	2019	5.4	6.7681
353	drum	-0.0678	-0.0765	16	20	60	5	2019	2.8	3.5094
354	dry matter	-0.9197	0.068	9	103	334	12	2019	1.3333	1.6711
355	dual customer	1.366	-0.1401	3	15	265	5	2019	1	1.2534
356	duplicate epistasis	0.4411	0.3302	7	12	99	6	2019	0	0
357	durability	-0.1675	-0.6526	8	19	131	9	2019	0.4444	0.557
358	duration	0.0188	0.0035	17	71	332	21	2019	0.7143	0.8953
359	dye	-0.6442	-0.2185	15	44	424	28	2019	2.1429	2.6858
360	e acoroide	-0.3452	-0.1283	5	11	80	5	2019	1	1.2534
361	e coli	-0.7131	0.6692	13	51	335	13	2019	0.0769	0.0964
362	e50	-1.0331	-0.0381	4	22	78	5	2019	2.2	2.7574
363	east kalimantan	0.8971	-0.3747	5	35	175	14	2019	0.1429	0.1791
364	east lampung	0.5081	0.0938	14	19	93	7	2019	0.1429	0.1791
365	east lombok regency	1.0087	-0.2913	5	8	60	5	2019	0.4	0.5013
366	eastern indian ocean	0.7646	-0.4058	14	22	120	8	2019	0.5	0.6267
367	eastern part	0.6937	-0.2177	14	28	79	5	2019	0.6	0.752
368	economic benefit	0.5835	0.3729	1	18	69	6	2019	0.1667	0.2089
369	economic growth	0.9872	-0.0958	1	38	117	15	2019	0.0667	0.0836
370	economic loss	0.7453	-0.059	5	32	121	7	2019	1.1429	1.4324
371	ecosystem function	0.9814	-0.2155	8	26	96	6	2019	3.8333	4.8045
372	ecotourism	1.0391	0.0206	1	17	91	10	2019	0.2	0.2507
373	edible film	-0.6725	-0.5765	2	31	424	19	2019	0.3684	0.4618
374	education	0.9099	0.1139	3	84	567	34	2019	1.1471	1.4377
375	edx	-0.7267	-0.689	2	36	108	5	2019	0	0
376	edx result	-0.6717	-0.6807	2	42	108	5	2019	0	0
377	effectivity	0.854	-0.1405	3	30	149	11	2019	0	0
378	efficacy	-0.6328	0.2478	6	98	349	16	2019	0.5	0.6267
379	el nino	0.7639	-0.1574	5	48	149	10	2019	0.1	0.1253
380	el nino event	0.8198	-0.209	12	11	88	9	2019	0.1111	0.1393
381	el nino southern oscillation	0.7774	-0.268	14	25	112	6	2019	0.3333	0.4178
382	electric sprayer	-0.1241	0.0107	16	2	25	5	2019	0	0
383	electrical property	-0.6484	-0.5958	2	19	72	7	2019	0.4286	0.5372
384	electrode	-0.6227	-0.4541	2	40	139	11	2019	0.1818	0.2279
385	electron microscopy	-0.7407	-0.5244	2	91	238	13	2019	1.3077	1.639
386	electroporation	-0.081	1.2011	10	18	256	9	2019	2.8889	3.6208
387	elephant	1.2029	-0.2032	19	11	127	13	2019	0.2308	0.2892
388	elephant grass	-0.9056	-0.3312	2	17	316	14	2019	0	0
389	elongation	-0.2154	-0.4859	18	45	178	9	2019	0.1111	0.1393
390	employee	1.0989	-0.1064	3	11	79	10	2019	0	0
391	encapsulation	-0.5107	0.0456	6	35	208	17	2019	1.2941	1.622
392	endophytic bacterial consortium	-0.2461	0.1414	16	16	238	7	2019	1	1.2534
393	endophytic bacterium	-0.8452	0.1683	13	19	180	10	2019	0	0
394	endophytic fungi	-0.4056	-0.0589	10	22	118	13	2019	0.1538	0.1928
395	enggano island	1.168	0.3717	1	18	298	10	2019	1.8	2.256
396	engraulid fish	0.2819	0.4257	1	3	25	5	2019	0	0
397	enrichment	0.0171	0.1392	16	59	211	13	2019	1	1.2534
398	enso	0.7077	-0.2396	14	32	304	19	2019	0.1053	0.1319
399	entrepreneurial capacity	1.3633	-0.1107	3	6	90	6	2019	3	3.7601
400	environmental damage	0.8426	-0.2579	5	28	101	8	2019	0.5	0.6267
401	environmental impact	0.6063	-0.1451	3	29	66	9	2019	1	1.2534
402	environmental management	0.9393	-0.161	3	12	110	9	2019	0	0
403	enzymatic hydrolysis	-0.5575	-0.0906	11	47	124	8	2019	0.125	0.1567
404	enzyme	-0.5578	0.093	13	226	1228	65	2019	1.0154	1.2726
405	eof	0.7514	-0.4288	14	15	80	5	2019	0	0
406	equatorial wave	0.7209	-0.3916	14	14	95	5	2019	0.6	0.752
407	era interim	0.8685	-0.6374	14	5	114	6	2019	0	0
408	eruption	0.8607	-0.6326	14	7	138	11	2019	0	0
409	esa model	1.0202	-0.3297	5	5	17	5	2019	0	0
410	escherichia coli	-0.7347	0.3136	13	107	390	16	2019	0.3125	0.3917
411	essential oil	-0.7511	0.1057	4	67	422	21	2019	0.9048	1.134
412	establishment	1.0624	-0.027	1	79	397	24	2019	0.6667	0.8356
413	estradiol	-0.3684	0.3723	6	29	104	6	2019	1.1667	1.4623
414	ethanol	-1.0665	0.0184	4	166	1521	60	2019	1.1	1.3787
415	ethanol extract	-0.9566	-0.1006	4	52	134	5	2019	0.8	1.0027
416	ethanol fraction	-1.6658	0.0617	4	19	148	6	2019	0	0
417	ethyl acetate	-0.9252	-0.1183	4	67	269	9	2019	0.6667	0.8356
418	ethyl acetate fraction	-1.5391	0.137	4	42	299	12	2019	0.3333	0.4178
419	eucheuma cottonii	-0.8352	-0.2876	4	42	149	7	2019	2.5714	3.2229
420	evaluation criterium	0.8582	-0.0195	3	3	18	6	2019	1	1.2534
421	evapotranspiration	0.986	-0.3544	5	23	102	6	2019	0.1667	0.2089
422	evenness	0.9281	0.1342	1	34	80	5	2019	0	0
423	evi	0.8725	-0.3219	5	27	167	6	2019	0	0
424	evolution	0.5286	0.1008	14	24	82	6	2019	1	1.2534
425	ex limestone	-0.7869	0.0311	15	4	31	5	2019	0	0
426	excavator	0.4915	-0.4133	5	7	60	5	2019	0	0
427	exergy analysis	-0.5977	-0.4821	2	7	36	5	2019	0	0
428	exon	0.0018	0.8261	7	53	247	9	2019	0.3333	0.4178
429	experimental design	-0.137	0.3808	17	87	187	10	2019	0.9	1.128
430	experimental result	0.4662	-0.2057	11	25	69	7	2019	0.2857	0.3581
431	exposed area	1.0265	0.0805	1	5	96	6	2019	0	0
432	exposure	-0.2487	-0.0196	10	95	599	31	2019	1.1935	1.4959
433	expression	-0.4833	0.5466	6	127	907	52	2019	0.6346	0.7954
434	extender	-0.7241	0.2517	15	13	102	7	2019	1.4286	1.7905
435	extension agent	1.1122	-0.0701	3	13	153	15	2019	0.2667	0.3342
436	extract	-0.939	0.0656	4	203	1432	66	2019	2.6364	3.3043
437	extraction	-0.693	-0.2383	4	243	1314	67	2019	0.6866	0.8605
438	extraction method	-0.7176	-0.3342	2	51	157	8	2019	0.25	0.3133
439	extraction process	-0.9014	-0.1351	4	88	318	14	2019	1	1.2534
440	extraction time	-0.8217	-0.2802	4	47	151	8	2019	0.375	0.47
441	f recombinant	-0.8486	0.4468	6	20	222	6	2019	0	0
442	face mask	-1.0394	0.1115	4	11	75	5	2019	0	0
443	facility	0.8766	-0.0464	3	46	223	26	2019	0.3846	0.4821
444	faculty	0.0545	-0.2675	18	42	141	8	2019	0	0
445	falcataria moluccana	-0.1609	-0.3198	8	68	232	13	2019	0.6154	0.7713
446	fat content	-0.2967	0.3977	9	75	234	11	2019	1.3636	1.7091
447	fat quality	-0.5406	0.8776	9	14	155	5	2019	1	1.2534
448	fatty acid	-0.4646	0.276	9	177	959	42	2019	0.9048	1.134
449	fatty acids composition	-0.7528	0.4317	9	25	115	5	2019	1	1.2534
450	fauna	0.6991	-0.2248	5	29	138	13	2019	0.5385	0.6749
451	faunus ater	0.0174	0.0832	6	10	114	8	2019	0	0
452	fcd	1.0287	-0.4966	5	14	258	15	2019	0.7333	0.9191
453	fct	-1.2068	-0.3087	9	18	552	12	2019	0	0
454	fe toxicity stress	-0.4096	0.409	7	9	75	5	2019	0	0
455	feasibility	0.18	0.0351	10	30	129	10	2019	0.1	0.1253
456	feed conversion ratio	-0.3911	0.4539	6	51	175	7	2019	0.7143	0.8953
457	fermentation	-0.8608	0.1848	9	115	581	33	2019	0.3939	0.4937
458	fermented food	-0.8867	0.5043	13	20	219	8	2019	0.375	0.47
459	fertilization	-0.2724	0.0153	16	41	191	13	2019	0.1538	0.1928
460	fertilization rate	-0.9715	0.4734	6	15	187	6	2019	0	0
461	ffb	0.0669	-0.2837	10	10	106	7	2019	0	0
462	fiber	-0.4964	-0.4481	2	143	1058	43	2019	1.1395	1.4282
463	fibre	-1.2088	-0.4414	9	5	80	10	2020	1	1
464	fibroblast	-1.4875	0.3824	15	14	173	8	2019	0	0
465	film	-0.578	-0.5165	2	110	1113	70	2019	1.6143	2.0233
466	first factor	-0.7784	0.1242	9	78	266	11	2019	1	1.2534
467	first time	0.4509	0.1882	1	32	45	7	2019	1.2857	1.6115
468	fish matrix	-0.3815	-0.0912	11	7	40	5	2019	0	0
469	fish meal	-0.5358	0.2466	9	36	232	9	2019	0	0
470	fish species	0.9322	0.2127	12	56	269	17	2019	0.6471	0.811
471	fisher	0.9904	0.1226	1	34	234	15	2019	1.7333	2.1725
472	fisheries management	0.8813	0.0973	1	24	178	16	2019	1.3125	1.645
473	fisherman	0.941	0.2556	1	46	592	32	2019	0.6875	0.8617
474	fishing	0.9272	0.1113	1	65	278	22	2019	1.9091	2.3928
475	fishing effort	1.1259	0.1337	1	16	174	13	2019	0	0
476	fishing gear	0.855	0.0517	1	46	275	15	2019	1.0667	1.3369
477	fishing ground	0.5636	0.0028	1	21	88	7	2019	0.1429	0.1791
478	fishpond sediment	-0.3702	-0.1411	16	9	78	6	2019	0	0
479	flavonoid	-0.8855	-0.0815	4	139	619	24	2019	0.875	1.0967
480	flavonoid content	-0.9435	0.0657	4	54	154	6	2019	0.6667	0.8356
481	flavour	-0.5409	0.878	9	14	155	5	2019	1	1.2534
482	flour	-0.4427	0.0343	4	59	387	27	2019	0.8148	1.0213
483	flux	0.778	-0.253	8	52	411	25	2019	3.64	4.5622
484	fma roi	0.8469	0.1502	1	5	40	5	2019	0	0
485	fmu	0.6831	-0.1535	3	8	41	7	2019	0	0
486	folic acid content	0.2593	0.3146	7	5	60	5	2019	0	0
487	food product	-0.3156	-0.0434	10	73	273	11	2019	0.4545	0.5697
488	food waste	0.188	-0.1051	3	3	35	7	2019	0	0
489	forage	-0.9366	0.1281	9	91	612	26	2019	0.6923	0.8677
490	forest clofe	0.2571	-0.2592	8	13	59	8	2019	1	1.2534
491	forest degradation	0.9299	-0.1808	12	48	246	28	2019	0.7143	0.8953
492	forest fire	0.8827	-0.2379	5	12	162	20	2019	0	0
493	forest loss	0.9316	-0.3611	5	9	60	11	2019	0.9091	1.1394
494	forum	0.9389	-0.0632	3	21	98	9	2019	1.6667	2.0889
495	fossil fuel	0.3819	-0.2586	3	19	44	6	2019	1.1667	1.4623
496	fourier	-0.5381	-0.4456	2	87	198	10	2019	0.3	0.376
497	foxtail millet genotype	-0.0992	0.7793	7	9	63	6	2019	0.5	0.6267
498	fph	-0.5375	-0.0854	11	19	192	11	2019	0	0
499	fraction	-1.0007	-0.0616	15	198	1547	77	2019	0.7143	0.8953
500	frap	-0.8261	-0.1927	4	32	137	5	2019	2.4	3.0081
501	freeze	-0.5481	-0.1657	11	46	113	6	2019	0.1667	0.2089
502	freeze thaw cycle	-0.9443	0.2777	15	11	115	7	2019	7	8.7735
503	fresh vegetable salad	0.7165	-0.0153	1	5	66	6	2019	0	0
504	frond	-0.1265	-0.0578	7	20	76	11	2019	1.1818	1.4812
505	fruit diameter	0.3923	0.3239	7	14	98	5	2019	0	0
506	fruit length	0.3291	0.2756	7	22	131	8	2019	0.125	0.1567
507	fruit weight	0.3478	0.2943	7	27	224	13	2019	0.0769	0.0964
508	ftir	-0.7403	-0.5013	2	137	532	26	2019	0.5385	0.6749
509	ftir spectra	-0.6159	-0.4332	2	80	186	9	2019	0.4444	0.557
510	functional food	0.0496	0.0478	3	35	76	5	2019	0.4	0.5013
511	functional group	-0.6619	-0.5246	2	148	565	27	2019	0.8519	1.0677
512	fungi	-0.359	-0.1753	4	84	446	26	2019	1.6538	2.0729
513	fungus	-0.3215	-0.1401	15	44	215	17	2019	0.5882	0.7373
514	furnace	-0.7046	-0.6474	2	13	29	6	2019	0	0
515	further research	-0.3664	0.1748	4	82	212	11	2019	0.5455	0.6836
516	future study	0.4284	0.0071	11	27	67	5	2019	1	1.2534
517	g l	-0.3821	0.1464	7	15	61	5	2019	0.6	0.752
518	g ml	-1.0908	-0.0117	4	161	1263	50	2019	1.42	1.7798
519	gain	1.0215	0.061	1	96	638	29	2019	0.069	0.0864
520	gall rust disease	-0.152	-0.0083	8	24	222	9	2019	0	0
521	gambir	-1.0573	-0.1136	9	18	244	12	2019	0.3333	0.4178
522	gamma irradiation	-0.7984	-0.2097	18	27	208	16	2019	0.5	0.6267
523	garcinia mangostana l	-0.293	-0.0384	11	24	92	5	2019	1.2	1.504
524	garlic	-0.5009	-0.1554	11	11	94	8	2019	0	0
525	garut	0.5429	-0.1351	8	24	72	6	2019	0	0
526	garut district	0.5181	-0.0506	8	10	60	6	2019	0	0
527	gas chromatography	-0.704	0.0427	11	49	152	6	2019	0.3333	0.4178
528	gas production	-1.051	0.0875	9	72	313	10	2019	0.1	0.1253
529	gc ms	-0.6227	0.0669	4	89	189	9	2019	0.3333	0.4178
530	gel strength	-0.8743	-0.419	4	38	170	7	2019	0	0
531	gelatin	-0.7821	-0.242	2	47	324	19	2019	0.4737	0.5937
532	genbank	-0.071	0.4995	7	48	132	7	2019	0.2857	0.3581
533	gender	0.8696	0.4711	7	17	151	14	2019	0.9286	1.1638
534	gene	-0.1245	0.5802	7	283	3398	162	2019	0.784	0.9826
535	genetic algorithm	0.6931	-0.393	5	16	57	5	2019	0	0
536	genetic distance	0.4227	0.3885	7	51	239	15	2019	0.3333	0.4178
537	genetic diversity analysis	0.3104	0.3813	7	25	137	5	2019	1.6	2.0054
538	genetic variation	0.3415	0.3877	7	41	138	8	2019	1	1.2534
539	genome	0.155	0.5271	11	61	234	10	2019	2.1	2.6321
540	geographic information system	0.8636	0.0057	1	34	84	7	2019	0.4286	0.5372
541	ghg	0.6659	-0.3202	5	21	52	5	2019	1.6	2.0054
542	gia13a	-0.0171	-0.1048	16	11	162	6	2019	0	0
543	giant clam	1.0568	0.1422	1	4	20	5	2019	0	0
544	global production network	1.0245	0.1183	1	6	23	5	2019	0	0
545	glucose	-0.5708	0.1016	6	88	312	16	2019	1.0625	1.3317
546	glucosidase	-0.5514	-0.0262	10	22	121	6	2019	2	2.5067
547	glulam	-0.2851	-0.5486	8	27	244	9	2019	1.5556	1.9497
548	glycerol	-0.6241	0.1794	15	33	204	12	2019	0	0
549	go molecular function	0.5623	-0.0585	11	6	72	6	2019	0	0
550	goat	0.0641	0.1604	9	37	220	13	2019	0.1538	0.1928
551	goat manure	-0.7412	0.0349	15	16	92	14	2019	0	0
552	golden apple snail egg	-0.7092	-0.2171	17	19	148	6	2019	0.6667	0.8356
553	gonad	-0.2225	0.2337	6	24	123	10	2019	0.2	0.2507
554	gorontalo regency	1.1147	-0.3044	1	2	65	5	2019	0	0
555	government policy	0.8479	-0.1773	3	25	83	7	2019	3	3.7601
556	government policy focus	1.0064	0.101	1	5	54	6	2019	0	0
557	gpns	1.0419	0.1157	1	5	20	6	2019	0	0
558	grain yield	0.1052	0.304	7	42	153	10	2019	0.3	0.376
559	graphene	-0.634	-0.5443	2	23	136	9	2019	0	0
560	graphene oxide	-0.405	-0.4123	2	22	90	10	2019	4.2	5.2641
561	grass	-0.6633	0.156	9	89	355	18	2019	0.3889	0.4874
562	green spinach	-0.4638	-0.6263	2	12	125	5	2019	1	1.2534
563	greenhouse	-0.0506	-0.0041	16	49	174	11	2019	0.1818	0.2279
564	grna	-0.0816	1.3186	10	15	261	8	2019	1.75	2.1934
565	groundwater level	0.6397	-0.3096	5	18	77	8	2019	2.75	3.4467
566	growth performance	-0.327	0.2584	6	97	592	28	2019	1.25	1.5667
567	growth phase	0.7373	-0.2685	5	18	131	5	2019	0	0
568	growth rate	-0.1328	0.1883	16	89	242	19	2019	0	0
569	growth stage	0.5597	-0.3589	5	39	149	9	2019	1.3333	1.6711
570	grp	2.4726	-0.6669	3	2	30	5	2019	0	0
571	gulf	0.7011	-0.1964	14	5	25	5	2019	0	0
572	guludan	0.5297	-0.4733	5	6	40	6	2019	0	0
573	guludan technique	0.5315	-0.4756	5	6	36	5	2019	0	0
574	gunung dahu research forest	1.0171	-0.4209	5	4	47	5	2019	0	0
575	gunung halimun salak national park	0.7751	-0.1979	5	20	102	9	2019	0	0
576	gunung kidul	-0.3235	0.1041	10	11	138	7	2019	0.5714	0.7162
577	gwp	0.5024	-0.3184	3	25	79	5	2019	0.8	1.0027
578	h5n1	0.2238	0.6485	12	14	92	6	2019	1.3333	1.6711
579	ha addition	-0.4191	0.1694	6	13	140	5	2019	0	0
580	habitat condition	1.1795	0.1556	1	23	59	5	2019	0	0
581	habitat preference	1.1807	-0.1065	19	22	83	6	2019	1	1.2534
582	habitat transformation	1.1097	0.189	1	15	119	5	2019	0	0
583	habitat type	1.1253	0.0169	1	30	122	7	2019	0	0
584	half	0.0746	-0.1695	17	33	66	5	2019	3.6	4.5121
585	hand tractor	0.5828	-0.1588	1	13	165	15	2019	0.6667	0.8356
586	handline	0.9111	0.1105	1	18	153	7	2019	0.7143	0.8953
587	haploid line	0.0639	0.3052	7	27	138	8	2019	1.75	2.1934
588	haplotype	0.412	0.5103	7	38	297	18	2019	0.8889	1.1141
589	hardin	1.1952	-0.4061	3	8	156	6	2019	0	0
590	hardwood	-0.188	-0.5858	8	16	143	5	2019	5.2	6.5175
591	harvest time	0.4746	0.1211	7	26	93	5	2019	0	0
592	haze dispersion	1.0082	-0.3766	5	5	55	5	2019	0	0
593	hbcag	-0.7085	0.5376	13	13	102	6	2019	0	0
594	health benefit	-0.5233	0.1306	4	60	170	9	2019	1.6667	2.0889
595	health status	0.0829	0.1613	6	53	208	11	2019	2.5455	3.1904
596	heat	-0.0983	-0.4081	8	49	144	7	2019	1.7143	2.1486
597	heat treatment	-0.2171	-0.537	8	35	317	13	2019	3.4615	4.3385
598	heavy metal	-0.2979	0.0907	6	56	226	18	2019	0	0
599	hectare	1.1486	-0.293	3	62	302	25	2019	0.32	0.4011
600	hed	-0.818	0.5344	6	16	258	6	2019	0	0
601	hemicellulose	-0.4703	-0.4859	2	65	233	10	2019	1.5	1.88
602	hemiptera	0.466	0.4344	7	22	100	6	2019	1	1.2534
603	hemoglobin	-0.1452	0.1645	6	35	129	7	2019	0.8571	1.0743
604	herbivore	0.7317	0.2031	12	22	135	7	2019	0.1429	0.1791
605	hermetia	-0.9443	0.0786	9	29	118	6	2019	1	1.2534
606	herpetofauna	1.112	0.0201	1	20	252	13	2019	0.2308	0.2892
607	hexane fraction	-1.5462	0.0602	4	40	216	7	2019	0.5714	0.7162
608	hif	-0.3133	0.8713	9	4	140	14	2019	2	2.5067
609	high category	0.9281	0.3089	1	31	166	8	2019	0.5	0.6267
610	high concentration	-0.3423	0.2438	6	27	93	7	2019	1.5714	1.9696
611	high palmitic acid	-0.58	0.6468	6	7	85	5	2019	0	0
612	high potential	-0.2315	-0.0726	10	22	53	5	2019	0.8	1.0027
613	high rate	0.1442	-0.1731	16	36	77	5	2019	1.8	2.256
614	high value	0.794	0.0468	1	22	57	5	2019	1.2	1.504
615	high yield	-0.1236	0.227	7	47	147	7	2019	0.1429	0.1791
616	higher percentage	0.1647	0.0083	12	21	48	6	2019	1	1.2534
617	highest abundance	0.4828	0.0895	1	47	131	8	2019	0.125	0.1567
618	highest rate	1.0438	-0.1494	1	6	26	7	2019	0.1429	0.1791
619	highest yield	-0.2723	-0.3356	2	53	131	5	2019	0.2	0.2507
620	hil	-0.9414	0.0827	9	17	132	12	2019	1.3333	1.6711
621	homology	-0.0666	0.5146	12	55	307	15	2019	0.4667	0.5849
622	homosexual man	1.1778	0.1457	3	4	75	5	2019	4	5.0134
623	honey	-0.1306	0.1681	6	26	210	13	2019	3.2308	4.0493
624	hornbill	1.1158	-0.0961	1	5	11	6	2019	0	0
625	horseshoe crab	0.656	0.1857	1	20	225	12	2019	1.1667	1.4623
626	household	0.9009	0.1956	1	74	453	36	2019	1.1667	1.4623
627	hpai	0.2297	0.6311	12	14	83	5	2019	2.4	3.0081
628	http	-0.0592	0.3871	11	44	248	12	2019	1.5833	1.9845
629	humic substance	0.032	-0.25	16	15	188	10	2019	0	0
630	hydraulic conductivity	0.6394	-0.2028	5	15	72	9	2019	2.2222	2.7852
631	hydrogel	-0.955	-0.3502	18	17	94	8	2019	0.375	0.47
632	hydrogen peroxide	-0.5059	-0.1238	8	36	109	6	2019	0.8333	1.0445
633	hydrogenation	-0.1283	-0.1218	8	6	152	8	2019	0	0
634	hydrolysis	-0.5785	-0.361	2	82	438	23	2019	1.2609	1.5803
635	hydroxyapatite	-0.8012	-0.7199	2	42	516	18	2019	0.5	0.6267
636	hydroxyl group	-0.7406	-0.4721	2	38	78	5	2019	1.6	2.0054
637	hymenoptera	0.9001	0.1848	1	27	139	8	2019	0.375	0.47
638	iaa	-0.832	0.2898	13	28	177	9	2019	1.1111	1.3926
639	ibv	-0.0172	0.6848	12	21	273	9	2019	1.3333	1.6711
640	ic50	-0.9711	-0.0224	4	82	372	13	2019	1.5385	1.9282
641	ic50 value	-1.1338	0.0586	4	55	132	5	2019	1.4	1.7547
642	iceri	-0.0991	0.7749	7	9	76	8	2019	0.5	0.6267
643	icpl	0.1106	0.4029	7	8	78	6	2019	0	0
644	ict project	1.2326	-0.1518	3	5	60	5	2019	0	0
645	idr kg	0.6565	0.5069	1	3	54	6	2019	0	0
646	igf	0.0816	0.7394	7	32	408	14	2019	0	0
647	igy anti comd s mutan	-0.1976	-0.3502	18	4	39	6	2019	0	0
648	illegal logging	0.8723	-0.1181	12	22	53	6	2019	0.1667	0.2089
649	immune response	-0.5755	0.3358	6	27	169	9	2019	3.6667	4.5956
650	implant	-0.7183	-0.148	17	28	249	21	2019	1.2381	1.5518
651	import	0.0495	0.3584	11	23	72	6	2019	0.3333	0.4178
652	important trait	0.4783	0.1485	11	16	130	5	2019	4	5.0134
653	inclusion	-0.1983	0.0211	6	67	176	9	2019	5.4444	6.8238
654	incorporation	-0.5839	-0.5422	2	41	104	5	2019	0.2	0.2507
655	incubation	-0.6718	0.0514	9	90	289	14	2019	0.1429	0.1791
656	incubation time	-0.6672	0.0148	16	63	213	10	2019	0	0
657	ind	0.379	0.3282	1	30	99	6	2019	0.1667	0.2089
658	ind l	1.0848	0.3511	1	5	55	7	2019	0.7143	0.8953
659	indah kapuk beach	0.5498	0.0272	14	3	70	5	2019	0	0
660	indian ocean dipole	0.7306	-0.3271	14	22	148	6	2019	0.3333	0.4178
661	indicator species	1.0422	-0.0157	1	9	32	5	2019	0	0
662	indigenous person	1.1495	-0.011	1	15	117	7	2019	0	0
663	indigofera	-1.1731	0.0977	9	39	379	11	2019	2.1818	2.7346
664	indonesian	-0.2662	0.1178	10	53	147	10	2019	0.4	0.5013
665	indonesian government	0.7039	-0.1031	3	14	45	5	2019	2	2.5067
666	indonesian peatland	0.7352	-0.29	3	10	36	5	2019	4.2	5.2641
667	indonesian person	0.8657	-0.241	5	21	76	5	2019	0.2	0.2507
668	indonesian throughflow	0.6939	-0.1432	14	8	39	6	2019	0.6667	0.8356
669	indonesian water	0.5692	0.2653	1	24	55	6	2019	1.3333	1.6711
670	induction	-0.1749	0.5047	10	41	190	13	2019	0.8462	1.0605
671	industrial plantation forest	0.5924	-0.4025	5	11	60	5	2019	0	0
672	infection	-0.0907	0.4445	8	146	884	40	2019	0.75	0.94
673	infested area	0.9976	-0.4086	5	5	30	5	2019	0	0
674	inheritance	0.4502	0.4235	7	20	96	7	2019	0	0
675	inhibition	-0.7058	-0.0171	4	192	720	35	2019	0.9714	1.2175
676	inhibitor	-0.5411	0.1376	15	93	508	25	2019	1.52	1.9051
677	inhibitory activity	-0.8699	0.0135	4	129	816	36	2019	1.0278	1.2882
678	inoculation	-0.0765	0.064	16	41	178	11	2019	0.2727	0.3418
679	inpari	-0.2789	0.2798	7	44	145	7	2019	0.1429	0.1791
680	insect	0.5239	0.3352	12	89	498	35	2019	0.4286	0.5372
681	insect pollinator	1.0741	0.5001	12	18	99	6	2019	0.6667	0.8356
682	insulin	-0.2738	0.5221	6	38	242	12	2019	0.0833	0.1044
683	insulin resistance	-0.3735	0.4029	6	12	56	5	2019	0	0
684	int1c	-0.6286	0.5457	13	10	144	8	2019	0	0
685	internet	1.1649	-0.1029	3	10	120	7	2019	0	0
686	intravenous glucose tolerance test	-0.3823	0.4366	6	12	49	5	2019	0.4	0.5013
687	intron	0.0834	0.7802	7	28	196	5	2019	0	0
688	iod	0.7182	-0.3223	14	25	360	17	2019	0.3529	0.4424
689	irblta2 re	-0.0599	0.7727	7	13	200	8	2019	0.5	0.6267
690	iron	-0.6132	-0.2209	17	45	285	15	2019	0.7333	0.9191
691	irradiation power	-0.7854	-0.7122	2	38	172	6	2019	0	0
692	irradiation time	-0.7364	-0.6129	2	42	177	8	2019	1.25	1.5667
693	islamic bank	1.3443	-0.1375	3	15	480	10	2019	1	1.2534
694	isolate	-0.4884	0.4153	13	189	2729	131	2019	0.7023	0.8802
695	isolation	-0.4478	0.067	2	181	742	35	2019	0.8286	1.0385
696	itf	0.6972	-0.1437	14	8	61	9	2019	0.5556	0.6963
697	j curcas	0.76	0.5539	7	8	115	10	2019	0	0
698	jabodetabek	0.8998	-0.1638	3	19	49	5	2019	0.4	0.5013
699	jabon	-0.1856	-0.5162	8	52	195	8	2019	1.625	2.0367
700	jamu	0.412	-0.3886	5	9	32	5	2019	0	0
701	java island	-0.2133	0.3345	6	46	198	11	2019	0.1818	0.2279
702	jayapura city	0.9752	0.0545	1	8	40	5	2019	0.8	1.0027
703	jember	0.8516	-0.1333	5	29	99	7	2019	0	0
704	jengkol gajah	-0.4828	0.0043	9	15	252	6	2019	3	3.7601
705	jengkol padi	-0.4829	0.0046	9	15	252	6	2019	3	3.7601
706	jor bay	0.9862	-0.197	5	4	122	11	2019	0.5455	0.6836
707	jungle rubber	0.9364	-0.2178	8	18	125	5	2019	3.4	4.2614
708	juvenile	-0.0891	0.1845	6	49	271	16	2019	0.8125	1.0184
709	k alvarezii	-0.5998	-0.0595	4	47	164	7	2019	0.2857	0.3581
710	kda	-0.6321	0.1758	13	94	353	15	2019	0.5333	0.6685
711	kelvin	0.7697	-0.3669	14	16	183	11	2019	0.9091	1.1394
712	kepulauan seribu	1.0342	0.0859	1	17	111	9	2019	0.4444	0.557
713	key role	-0.0683	0.3195	11	47	112	5	2019	0.2	0.2507
714	kgp	1.3716	0.0178	1	17	101	5	2019	0	0
715	kidney	-0.8219	0.3634	6	38	152	6	2019	0.5	0.6267
716	kkmb	1.3577	-0.4242	5	1	10	5	2019	0	0
717	l citrulline supplementation	-1.0803	0.6447	6	11	150	6	2019	0	0
718	l lactis	-0.9257	0.5789	13	18	97	6	2019	0.8333	1.0445
719	l plantarum	-0.8972	0.4916	13	28	110	6	2019	1	1.2534
720	lab	-0.8589	0.5401	13	30	283	14	2019	0.3571	0.4476
721	laccase	-0.3913	-0.2523	15	9	104	8	2019	0	0
722	lactic acid bacterium	-0.836	0.5133	13	38	291	15	2019	0.2667	0.3342
723	lactococcus lactis	-0.8212	0.5308	13	38	155	6	2019	0.3333	0.4178
724	lake	0.9067	0.1816	12	23	162	18	2019	0	0
725	laminated wood	-0.2909	-0.851	8	3	25	5	2019	0	0
726	lampung province	0.9606	0.0224	3	27	124	9	2019	0.6667	0.8356
727	land change	1.0993	-0.1971	3	11	61	8	2019	0.5	0.6267
728	land cover	1.1013	-0.1448	1	95	820	51	2019	0.5098	0.639
729	land cover change	0.8309	-0.2843	5	50	170	14	2019	2.4286	3.0439
730	land cover type	0.8854	-0.1564	5	23	102	5	2019	1.6	2.0054
731	land fire	0.9673	-0.2775	5	32	123	21	2019	0.7143	0.8953
732	land occupation	0.9533	-0.0769	12	5	65	5	2019	0	0
733	land suitability	0.6342	0.0479	1	24	106	12	2019	0.1667	0.2089
734	land surface temperature	0.962	-0.2255	5	22	112	7	2019	0.1429	0.1791
735	land use change	0.9299	-0.1926	3	84	366	28	2019	0.8929	1.1191
736	land use system	0.696	-0.2327	8	30	141	8	2019	4.125	5.1701
737	landsat	0.905	-0.3387	5	77	584	47	2019	0.0851	0.1067
738	landscape composition	1.1478	0.5137	12	11	66	5	2019	2.6	3.2587
739	lapan a3 ipb	0.8256	-0.49	5	9	105	5	2019	0	0
740	large scale	0.4749	0.1681	6	16	57	5	2019	0	0
741	lattice parameter	-0.7471	-0.7104	2	51	142	7	2019	0.1429	0.1791
742	law	0.9016	0.1414	1	33	115	15	2019	1.1333	1.4205
743	lca	0.6854	-0.1105	3	23	138	15	2019	1.7333	2.1725
744	leaf	-0.8813	0.0259	4	98	521	19	2019	0.4737	0.5937
745	leaf area	0.072	-0.063	16	24	62	5	2019	0.6	0.752
746	leaf length	0.0025	0.1668	7	35	71	6	2019	0.3333	0.4178
747	leafe	-0.5545	0.0393	9	285	2084	104	2019	0.9519	1.1931
748	leather	-0.1986	-0.4899	2	7	32	6	2019	0	0
749	lecithin	-0.5777	0.6434	6	7	96	6	2019	0	0
750	legume	-0.7734	0.2607	9	21	118	5	2019	1	1.2534
751	lemuru catch	0.6376	-0.2377	14	6	50	5	2019	0	0
752	lepidopteran pest	1.1506	0.5141	12	9	53	5	2019	1.8	2.256
753	leptin	-1.1253	0.4496	6	17	197	6	2019	0	0
754	lerak	-1.2014	0.1476	9	18	185	5	2019	0	0
755	lesson study	0.794	0.1089	3	9	204	12	2019	0	0
756	lignin	-0.5611	-0.4439	2	104	425	24	2019	1.0833	1.3578
757	lignin content	-0.8414	-0.3837	9	73	366	15	2019	2.1333	2.6738
758	limit	-0.3366	-0.1406	10	54	198	16	2019	0.1875	0.235
759	lindu subdistrict	0.2868	0.6091	8	9	125	5	2019	0	0
760	liner paper	-0.4717	-0.6251	8	14	105	5	2019	0	0
761	lipase	-0.4355	0.332	6	29	163	11	2019	1	1.2534
762	lipid	-0.4494	0.3017	6	55	237	16	2019	1.875	2.35
763	lipid peroxidation	-0.4642	0.4135	6	54	146	6	2019	0.1667	0.2089
764	liquica	0.8277	0.1861	12	4	24	6	2019	1	1.2534
765	liter	0.1323	-0.2195	16	19	73	7	2019	0	0
766	litopenaeus vannamei	-0.0854	0.3076	6	32	119	8	2019	1.125	1.41
767	live body weight	0.6718	0.8525	7	5	65	5	2019	0	0
768	live weight	-0.0114	0.8324	9	13	88	6	2019	0.6667	0.8356
769	liver	-0.6992	0.4401	6	56	252	9	2019	0.3333	0.4178
770	liver tissue	-0.6168	0.4099	6	38	120	5	2019	0.6	0.752
771	llnp	0.9834	-0.1234	3	15	80	11	2019	0.5455	0.6836
772	load	0.3045	-0.3302	8	40	188	16	2019	0.75	0.94
773	local fisherman	0.8585	0.1481	1	23	67	5	2019	0.6	0.752
774	local network	1.2294	-0.1513	3	5	66	6	2019	0	0
775	local politic	1.0233	-0.2759	5	8	38	5	2019	1	1.2534
776	logistic regression	0.6421	-0.2448	5	25	51	6	2019	0.1667	0.2089
777	lore lindu national park	1.0299	-0.1485	3	21	80	8	2019	0.625	0.7833
778	low temperature	-0.4652	-0.2618	11	42	85	5	2019	0.2	0.2507
779	lowland	0.4013	0.1685	7	47	140	11	2019	0.8182	1.0255
780	loyalty	1.3154	-0.1084	3	16	252	8	2019	0.5	0.6267
781	lst	0.9636	-0.2267	5	15	91	5	2019	0	0
782	lulcc	0.6892	-0.2931	5	5	36	6	2019	8	10.0269
783	lumbu kuning	-0.5549	-0.1807	11	9	97	7	2019	0	0
784	lutjanidae	1.1686	0.2172	12	10	175	5	2019	0	0
785	lytic phage	-0.3242	0.2916	11	4	36	6	2019	1	1.2534
786	m depth	0.8609	0.1985	1	19	125	7	2019	1.4286	1.7905
787	maceration	-0.8968	-0.213	4	34	91	6	2019	0	0
788	macroalgae	-0.6999	-0.2222	4	51	141	9	2019	5	6.2668
789	macrozoobenthos	0.6116	0.2649	1	8	78	6	2019	0	0
790	madura	0.0591	0.6026	7	36	182	6	2019	1.5	1.88
791	magnesium	-0.6036	-0.264	17	51	116	7	2019	0.8571	1.0743
792	mahogany	-0.1307	-0.7092	8	13	84	7	2019	0.4286	0.5372
793	main factor	0.5572	-0.3905	3	29	91	6	2019	0.8333	1.0445
794	main source	-0.467	-0.0053	9	34	80	5	2019	1.2	1.504
795	maize silage	-1.0687	-0.4402	2	6	132	6	2019	0	0
796	makassar strait	0.6457	0.0763	14	22	122	8	2019	0.5	0.6267
797	mammal	0.5274	0.2764	8	45	178	8	2019	0.5	0.6267
798	man	1.0714	0.1657	3	19	224	14	2019	1.5714	1.9696
799	mangium	-0.1036	-0.5272	8	42	350	12	2019	1.6667	2.0889
800	mangosteen	-0.3823	-0.0492	11	24	218	13	2019	0.9231	1.1569
801	mangrove ecosystem	0.8807	-0.0445	5	55	496	39	2019	1.2564	1.5747
802	mangrove leafe	-0.7373	0.0421	13	22	122	8	2019	0.5	0.6267
803	manure	-0.6367	0.0701	15	19	112	13	2019	0	0
804	marine debris	0.2311	-0.319	3	2	15	5	2019	0	0
805	marine tourism	0.9195	0.1798	12	18	38	7	2019	0.5714	0.7162
806	marker	0.101	0.4965	7	149	893	56	2019	0.8214	1.0295
807	marketing strategy	1.2247	-0.1117	3	19	350	10	2019	0.5	0.6267
808	masl	0.7069	-0.2162	5	7	76	6	2019	0	0
809	massoia lactone	-1.02	0.3249	6	10	100	5	2019	0	0
810	maximum	0.1456	0.0986	10	42	115	7	2019	0.2857	0.3581
811	mcr	-0.7231	0.7968	13	12	279	9	2019	0	0
812	mda	-0.668	0.3484	6	56	140	6	2019	0	0
813	mda mb	-1.1741	0.4237	4	11	168	6	2019	1	1.2534
814	mechanical property	-0.2738	-0.651	8	119	799	36	2019	0.75	0.94
815	medan city	0.8932	-0.2817	5	1	6	6	2019	0	0
816	mekarbuana village	0.6801	-0.0105	1	3	24	6	2019	0	0
817	melia azedarach	-0.3179	0.0181	8	36	95	6	2019	0.3333	0.4178
818	meliponiculture	0.6571	0.067	1	9	90	6	2019	0	0
819	membrane	-0.9451	0.1762	15	97	607	25	2019	3.36	4.2113
820	merauke	0.081	-0.4197	2	11	27	5	2019	0	0
821	mercury	-0.1329	0.1019	16	26	76	6	2019	0.5	0.6267
822	meru betiri national park	0.8074	0.3284	12	14	83	9	2019	0	0
823	mesocarp	-0.9451	-0.6569	2	17	161	5	2019	0	0
824	metabolism	-0.075	0.2467	8	107	400	17	2019	1	1.2534
825	metabolite	-0.3942	0.1812	7	57	288	19	2019	0.6842	0.8576
826	metformin	-0.3583	0.4643	6	8	108	6	2019	0	0
827	methane emission	-0.948	0.032	9	63	283	10	2019	1.8	2.256
828	methane production	-0.9083	0.2678	9	34	130	6	2019	0.1667	0.2089
829	methanol	-1.0407	-0.0097	4	66	331	14	2019	1.0714	1.3429
830	methylene	-0.1988	-0.2304	15	17	53	5	2019	0.4	0.5013
831	mfc	-0.7496	-0.6073	2	28	242	13	2019	0.9231	1.1569
832	mfh model	0.2065	-0.7441	8	4	24	6	2019	1	1.2534
833	mfp	-1.0532	-0.0283	4	15	125	5	2019	1	1.2534
834	mg c	0.8044	-0.3552	5	27	214	14	2019	4.2143	5.282
835	mg c ha	0.9018	-0.3951	5	23	112	5	2019	3	3.7601
836	mg dl	-0.1154	0.0658	6	23	59	5	2019	0	0
837	mg g	-0.6871	-0.1468	15	55	230	12	2019	2.1667	2.7156
838	mg gae	-1.0269	0.0623	4	38	247	5	2019	0	0
839	mg kg	-0.4569	0.2822	6	47	352	18	2019	2.0556	2.5763
840	mg kg body weight	-0.8434	0.4227	6	59	298	9	2019	0	0
841	mg kgbw day	-0.3335	0.0363	10	11	216	6	2019	0	0
842	mg ml	-0.9059	0.0341	4	90	352	13	2019	0.9231	1.1569
843	mg qe g	-1.1535	-0.0767	4	33	114	5	2019	0.6	0.752
844	mgkg	-0.4166	0.1663	6	16	104	5	2019	0	0
845	mhp	1.0847	0.0954	3	7	72	5	2019	3.4	4.2614
846	micro raman spectroscopy	-0.4923	-0.6183	2	23	99	5	2019	1.4	1.7547
847	microbial population	-1.0263	0.1662	9	63	307	12	2019	0.1667	0.2089
848	microcapsule	-0.7318	-0.3384	15	25	187	11	2019	0	0
849	microplastic	0.099	-0.2635	3	11	135	9	2019	6	7.5201
850	microsatellite marker	0.1734	0.3334	7	22	150	7	2019	1.2857	1.6115
851	microwave	-0.6755	-0.4995	2	71	292	15	2019	0.3333	0.4178
852	microwave irradiation	-0.7378	-0.6349	2	61	346	15	2019	0.1333	0.1671
853	microwave irradiation method	-0.788	-0.7599	2	26	131	5	2019	0	0
854	microwave method	-0.5616	-0.1869	6	9	38	5	2019	0	0
855	middle	0.5574	-0.2128	14	23	54	8	2019	0	0
856	milk	-0.0815	0.1979	11	75	396	17	2019	0.3529	0.4424
857	milkfish	-0.5997	-0.1895	15	26	186	9	2019	0.2222	0.2785
858	milling	-0.0469	-0.3535	11	19	88	9	2019	0	0
859	mindi	0.1479	-0.1962	8	25	162	13	2019	0	0
860	mineral	-0.3728	-0.2418	17	92	313	13	2019	0.6923	0.8677
861	mineral content	-0.575	-0.2474	17	25	209	9	2019	0.3333	0.4178
862	minimum inhibitory concentration	-0.988	0.3168	13	31	103	6	2019	0.6667	0.8356
863	mitochondria	-0.1316	0.3704	11	27	114	6	2019	1.1667	1.4623
864	mitochondrial gene	-0.0089	0.4942	11	15	120	7	2019	0	0
865	mixture	-0.2502	-0.2231	2	157	466	21	2019	0.4762	0.5968
866	mixture experiment	-0.5094	0.8399	17	5	32	6	2019	0	0
867	mmol	-0.1582	-0.2674	15	15	88	6	2019	0.5	0.6267
868	mode	0.3413	-0.4438	14	92	361	31	2019	0.2903	0.3639
869	modulus	-0.0804	-0.6562	8	49	180	10	2019	0.9	1.128
870	moef	0.9979	-0.0604	3	15	55	5	2019	1.2	1.504
871	moisture absorber	-0.5872	-0.474	2	6	72	6	2019	2	2.5067
872	moisture content	-0.3448	-0.3721	11	143	562	30	2019	0.3333	0.4178
873	mol	-0.5099	-0.338	2	40	254	14	2019	0.5	0.6267
874	mol l	-0.6023	-0.0754	10	29	148	8	2019	0.375	0.47
875	mol trolox g	-1.0668	-0.1785	4	32	223	9	2019	1.3333	1.6711
876	molass	-0.247	0.0985	6	38	173	8	2019	0.875	1.0967
877	mold	-0.6012	-0.0924	10	27	113	7	2019	0	0
878	molecular analysis	-0.3943	0.7565	7	30	120	6	2019	0.3333	0.4178
879	molecular marker	0.0288	0.5292	7	36	199	13	2019	0.6154	0.7713
880	molecular weight	-0.5018	-0.1186	13	52	132	8	2019	0.625	0.7833
881	mollusc	0.4139	0.1765	13	11	44	6	2019	0.1667	0.2089
882	mollusca	0.4341	0.4693	1	24	104	7	2019	0	0
883	monoculture plantation	0.7057	-0.1233	8	29	167	10	2019	2.2	2.7574
884	monsoon	0.5154	-0.1697	14	30	111	12	2019	0.8333	1.0445
885	moringa	-1.2391	0.1039	9	31	254	7	2019	2.2857	2.8648
886	moringa seed	-0.3638	-0.2361	4	12	102	6	2019	0	0
887	moringa silage	-1.281	0.1524	9	19	264	6	2019	3	3.7601
888	morphological characteristic	0.0181	0.2216	11	63	146	8	2019	1.125	1.41
889	mother	0.5479	0.2194	3	26	263	19	2019	0	0
890	motivation	1.1588	-0.1975	3	26	140	12	2019	0.75	0.94
891	mouse	-0.6489	0.1589	6	59	372	23	2019	0.2609	0.327
892	mouth	0.6766	-0.1979	14	21	92	9	2019	0.3333	0.4178
893	mpci	2.4727	-0.6666	3	2	30	5	2019	0	0
894	mqis	0.6969	-0.0887	5	9	85	5	2019	8	10.0269
895	mrna expression	-0.3583	0.8621	9	21	110	6	2019	1.1667	1.4623
896	msc	-0.1112	-0.3779	10	30	139	8	2019	1.25	1.5667
897	msy	1.1867	0.1395	1	7	69	5	2019	0	0
898	mud crab	1.0742	0.2879	1	25	388	14	2019	1	1.2534
899	multi criteria analysis	0.6355	0.0724	1	6	50	5	2019	0	0
900	multidimensional poverty	1.1272	0.4107	1	9	140	7	2019	2	2.5067
901	multivariate analysis	-0.1308	0.1388	7	33	139	8	2019	2	2.5067
902	mung bean seed	-0.3815	-0.2759	11	5	40	5	2019	0	0
903	mutant line	-0.772	0.0748	9	17	258	15	2019	0	0
904	mutation	-0.0979	0.9279	10	74	659	25	2019	0.52	0.6517
905	n cap	-0.338	-0.0877	6	11	90	5	2019	0	0
906	n hexane	-1.351	-0.1961	4	53	230	11	2019	0.0909	0.1139
907	n hexane fraction	-1.5213	0.1572	4	41	177	6	2019	0	0
908	nano hydrogel	-1.0077	-0.3597	18	9	75	5	2019	0.8	1.0027
909	nanocellulose	-1.1593	-0.416	9	25	103	6	2019.6667	1	1.0845
910	nanocrystalline cellulose	-1.0399	-0.691	2	20	161	5	2019	0	0
911	nanoparticle	-0.9542	-0.3324	15	58	321	22	2019	2.0455	2.5637
912	naoh	-0.8564	-0.3258	2	64	180	9	2019	0.5556	0.6963
913	natural habitat	1.0728	0.4911	12	21	153	14	2019	0.9286	1.1638
914	ncc	-1.0231	-0.6739	2	20	180	6	2019	0	0
915	ndf	-1.0689	-0.0965	9	62	381	12	2019	0.5	0.6267
916	ndvi	0.8936	-0.2944	5	75	551	35	2019	0.6286	0.7878
917	negative control	-1.1084	0.317	6	41	120	5	2019	0.4	0.5013
918	negative correlation	0.1546	0.0199	7	90	198	9	2019	1.2222	1.5319
919	nematode	0.2573	0.1031	8	45	191	10	2019	0.3	0.376
920	new species	0.6037	0.1162	1	21	43	13	2019	0.1538	0.1928
921	ng ml	-0.7777	0.4156	6	15	250	10	2019	0.8	1.0027
922	nh3	-0.684	0.1329	9	36	140	6	2019	0.3333	0.4178
923	nir	0.4651	-0.248	5	45	149	8	2019	0.25	0.3133
924	nir spectroscopy	0.0114	-0.306	10	19	201	11	2019	0	0
925	nirs	0.1802	-0.3449	5	15	88	8	2019	0	0
926	nitrosative stress	-1.0803	0.6447	6	11	150	6	2019	0	0
927	njew	-0.9523	0.141	9	17	189	7	2019	0	0
928	nmr	-0.693	-0.1903	10	30	76	6	2019	0.1667	0.2089
929	no3	-0.4535	0.1249	6	36	88	5	2019	1	1.2534
930	noise	0.7427	-0.2836	3	23	76	5	2019	0	0
931	noise level	0.6954	-0.3315	3	7	62	8	2019	0	0
932	none	0.1291	0.0899	3	53	107	6	2019	0.8333	1.0445
933	noni juice	-0.97	0.1319	9	27	178	6	2019	0	0
934	normal group	-1.1341	0.4378	6	36	150	5	2019	0	0
935	normalized difference vegetation index	0.9877	-0.2342	5	57	217	14	2019	0.7857	0.9848
936	northern coast	0.6625	0.502	1	7	50	7	2019	0.4286	0.5372
937	nostoc	-0.0168	-0.1055	16	11	140	5	2019	0	0
938	npp	0.7902	-0.3049	5	14	185	10	2019	1.4	1.7547
939	nso	-0.6652	-0.3378	2	6	120	10	2019	0	0
940	nutrient cycle	0.3349	-0.1527	1	12	47	5	2019	1.8	2.256
941	nutritional value	-0.4438	0.0786	17	66	178	9	2019	0.6667	0.8356
942	o aristatus	-0.2965	0.0017	10	5	55	10	2019	0.5	0.6267
943	obesity	-0.6821	0.4546	6	48	346	11	2019	0.4545	0.5697
944	obia	0.7923	-0.3908	5	15	57	6	2019	0.5	0.6267
945	oblongifolium	0.6986	-0.0373	12	7	84	6	2019	0	0
946	obstacle	0.5524	-0.0285	3	51	128	9	2019	0.5556	0.6963
947	ocean	0.5491	-0.3275	14	82	393	34	2019	1.6471	2.0644
948	odour	-0.5388	0.8734	9	14	180	6	2019	1	1.2534
949	offspring	1.0067	0.4152	1	14	71	7	2019	0.7143	0.8953
950	oil content	-0.1033	-0.2611	10	16	80	6	2019	0.8333	1.0445
951	oil palm empty fruit bunch	-0.9239	-0.4516	9	46	193	7	2019.1429	0.4286	0.501
952	oil palm plantation	1.0028	-0.0586	1	162	2244	171	2019	0.462	0.579
953	oil palm plantation area	1.3086	0.0208	1	34	117	5	2019	0.2	0.2507
954	oil palm plantation development	1.0625	-0.1261	1	29	144	7	2019	0	0
955	oil yield	-1.3737	-0.3832	4	9	81	7	2019	0.5714	0.7162
956	older brother	1.1781	0.1455	3	4	75	5	2019	4	5.0134
957	oli	0.9084	-0.4101	5	34	127	8	2019	0.25	0.3133
958	oocyte	-0.9243	0.2896	6	18	471	26	2019	0.6923	0.8677
959	opefb	-1.1319	-0.452	9	45	848	22	2019.0455	0.1818	0.2164
960	opinion	0.774	0.0096	3	22	109	13	2019	1.3846	1.7354
961	optical property	-0.6664	-0.6557	2	30	92	9	2019	1.1111	1.3926
962	optimal condition	-0.9562	-0.3978	4	30	100	5	2019	0	0
963	optimal design	-0.4999	0.8483	17	5	32	8	2019	0	0
964	optimum condition	-0.8227	-0.2772	4	38	108	10	2019	0.3	0.376
965	ordinal response	-0.5041	0.8482	17	5	38	6	2019	0	0
966	organic goat milk	-0.4259	0.5248	11	10	430	10	2019	0	0
967	organic material	0.2193	-0.0641	16	34	140	9	2019	1.6667	2.0889
968	organic matter digestibility	-1.1624	0.086	9	69	270	7	2019	0.5714	0.7162
969	organic settlement	1.1677	-0.3694	5	3	105	7	2019	0	0
970	organoleptic test	-0.464	0.4595	17	34	80	8	2019	0.25	0.3133
971	originality value	0.162	0.0794	3	50	125	6	2019	0.5	0.6267
972	ostrom	1.195	-0.406	3	8	156	6	2019	0	0
973	outbreak	0.174	0.6185	12	36	155	11	2019	0.4545	0.5697
974	overripe tempe	-0.2071	0.1976	16	4	49	7	2019	0	0
975	owner	0.8542	-0.1077	3	20	94	10	2019	0	0
976	oxidative stress	-0.7003	0.1668	6	85	243	12	2019	1.6667	2.0889
977	p progeny	0.3513	0.3258	7	11	150	5	2019	2	2.5067
978	p syringae	-0.6366	0.5554	13	10	105	5	2019	0	0
979	p type silicon substrate	-0.5678	-0.6054	2	18	51	5	2019	1	1.2534
980	p value	0.3865	-0.2158	1	76	263	15	2019	0	0
981	p005	-0.6754	0.2634	9	49	302	11	2019	2.1818	2.7346
982	paa	-0.6459	-0.4356	4	24	188	8	2019	0.25	0.3133
983	paddy field	0.9143	-0.2568	1	58	587	59	2019	0.1186	0.1487
984	pair	0.3465	0.6711	7	79	297	18	2019	1.9444	2.4371
985	palm oil mill effluent	-0.4758	0.3381	6	7	66	6	2019	2	2.5067
986	palm oil technology	-4.3219	-2.1635	20	2	36	6	2019	0	0
987	palu bay	0.7442	-0.1878	14	4	63	9	2019	0	0
988	pangasianodon hypophthalmus	0.0038	0.4895	10	32	108	5	2019	0.2	0.2507
989	panggang	0.9742	0.1194	1	4	25	5	2019	4	5.0134
990	panicle	-0.2454	0.2928	7	40	254	17	2019	0.7059	0.8847
991	panicle length	-0.0874	0.3731	7	16	35	5	2019	0.4	0.5013
992	papaya	-0.7305	-0.3442	2	49	185	12	2019	0.6667	0.8356
993	papaya leafe	-0.6023	-0.4963	2	28	136	8	2019	0.875	1.0967
994	parasite	-0.3448	0.4111	12	27	195	15	2019	1.7333	2.1725
995	parasitoid	1.0028	0.4388	12	27	156	16	2019	0.75	0.94
996	parent	0.6808	0.5014	17	55	505	26	2019	0.5769	0.7231
997	parenting style	1.045	0.5965	17	7	203	7	2019	1	1.2534
998	partial	0.0581	-0.2409	10	19	73	5	2019	0	0
999	participation	1.0165	0.1087	1	43	383	29	2019	0.5517	0.6915
1000	particle	-0.3349	-0.4694	2	86	425	31	2019	3.9677	4.973
1001	particle size	-0.5897	-0.4631	2	96	332	15	2019	1	1.2534
1002	particleboard	-0.4585	-0.7666	8	6	65	5	2019	0	0
1003	pasundan cattle	0.4168	0.7779	7	13	71	6	2019	0.6667	0.8356
1004	patchouli oil	-0.1011	-0.3038	2	10	56	10	2019	2.7	3.3841
1005	patent information analysis	-4.3239	-2.1651	20	2	35	5	2019	0	0
1006	pathogen	-0.3388	0.5074	13	92	335	20	2019	1.05	1.316
1007	pathogenic bacterium	-0.6363	0.4556	13	69	289	14	2019	0.5	0.6267
1008	pathway	-0.2837	0.0882	4	70	299	16	2019	2.25	2.8201
1009	patient	-0.2954	0.506	10	84	464	28	2019	1.25	1.5667
1010	pcr	-0.1081	0.4637	10	94	441	19	2019	0.4211	0.5277
1011	peak	-0.2701	-0.4452	2	189	722	35	2019	0.8286	1.0385
1012	peat fire	0.6585	-0.2631	5	19	52	9	2019	1.8889	2.3675
1013	peatland	0.7502	-0.2534	3	60	355	33	2019	2.303	2.8865
1014	peatland area	0.8771	-0.2266	3	8	54	6	2019	1.6667	2.0889
1015	peatland fire	0.9964	-0.3549	5	19	74	8	2019	0.375	0.47
1016	peel	-0.4536	-0.0213	9	37	444	15	2019	2.2	2.7574
1017	pekarangan	1.1711	-0.3708	5	3	96	6	2019	0	0
1018	pellet	-0.4337	-0.2482	2	42	218	14	2019	1	1.2534
1019	pennisetum purpureum	-0.8609	0.0563	9	36	119	5	2019	0.4	0.5013
1020	pepsin	-0.5314	-0.2242	15	6	108	14	2019	0	0
1021	peptide	-0.7208	0.3069	13	56	441	18	2019	0.7778	0.9748
1022	perception	0.9389	0.251	1	61	531	33	2019	0.8788	1.1014
1023	peru	0.8267	-0.2617	3	6	60	5	2019	5	6.2668
1024	perv pol gene	-0.1041	1.3686	10	10	240	8	2019	1	1.2534
1025	pesisir cattle	0.2966	0.7485	7	15	134	9	2019	0.8889	1.1141
1026	ph value	-0.6673	-0.1542	4	71	177	9	2019	1.2222	1.5319
1027	phase separation	-0.7409	-0.1888	4	32	92	5	2019	2.6	3.2587
1028	phenol	-0.8517	-0.1302	4	49	121	7	2019	0	0
1029	phenolic compound	-0.7299	-0.2297	2	90	244	10	2019	2.1	2.6321
1030	phlo	-1.3248	0.3846	9	11	220	10	2019	1	1.2534
1031	phloroglucinol	-0.9142	0.2209	9	41	334	15	2019	0.7333	0.9191
1032	phosphate	-0.5925	-0.1989	2	106	574	29	2019	0.3793	0.4754
1033	phosphorus	-0.4323	-0.1085	10	57	132	7	2019	0.7143	0.8953
1034	photosynthesis	0.2515	-0.4153	8	36	108	11	2019	6.4545	8.0899
1035	phylogenetic analysis	0.0871	0.5371	12	57	168	11	2019	0.9091	1.1394
1036	physical characteristic	-0.2465	-0.4316	8	77	256	12	2019	1.0833	1.3578
1037	physical quality	-0.4994	0.2571	9	28	148	6	2019	0	0
1038	physico chemical property	-0.701	-0.3623	2	20	96	5	2019	0	0
1039	physiological character	-0.1223	0.5321	7	26	133	7	2019	0.5714	0.7162
1040	physiological characteristic	-0.0957	0.0495	16	24	105	5	2019	0.4	0.5013
1041	physiological response	-0.1177	0.0537	16	47	225	17	2019	0.1176	0.1475
1042	phytochemical	-0.7071	0.1094	4	36	125	7	2019	1.5714	1.9696
1043	phytochemical screening	-0.7648	-0.0936	4	63	220	9	2019	1	1.2534
1044	phytotoxic substance	-0.8169	-0.0177	10	10	105	5	2019	1	1.2534
1045	picrylhydrazyl	-0.8988	-0.1442	4	60	146	5	2019	1	1.2534
1046	piece	0.4069	-0.1452	3	22	113	9	2019	1.2222	1.5319
1047	pieh	0.836	-0.4168	5	11	135	5	2019	0	0
1048	pig	0.1271	0.9096	8	27	300	11	2019	1.4545	1.8231
1049	piglet	0.0191	0.9046	10	15	144	6	2019	1.5	1.88
1050	pik r program	0.8532	0.0283	3	3	54	6	2019	1	1.2534
1051	pine	-0.1116	-0.5609	8	47	237	13	2019	0.6923	0.8677
1052	pinus merkusii	-0.0548	-0.6002	8	35	83	5	2019	0.2	0.2507
1053	pita	-0.085	0.7872	7	13	156	6	2019	0.6667	0.8356
1054	pixel	0.7899	-0.3735	5	14	90	7	2019	0.4286	0.5372
1055	plant growth	-0.3872	0.1118	13	55	253	15	2019	0.7333	0.9191
1056	plantaricin e	-0.8408	0.4415	6	20	280	8	2019	0	0
1057	plantation system	0.8691	-0.2545	8	18	130	5	2019	4.2	5.2641
1058	planting distance	-0.2487	0.168	16	14	86	6	2019	0.1667	0.2089
1059	plasma	-1.1436	0.1238	15	62	468	17	2019	5.8824	7.3727
1060	plastic	0.1785	-0.2925	3	21	117	10	2019	1	1.2534
1061	plot number	1.0126	-0.4199	5	3	65	5	2019	0	0
1062	pls	0.0873	-0.2985	10	22	126	9	2019	0	0
1063	pod	0.23	0.4042	7	17	125	13	2019	0	0
1064	pollinator	1.2968	0.3987	12	43	337	21	2019	2.8571	3.581
1065	pollinator conservation	1.9355	0.6357	12	2	37	5	2019	13.6	17.0457
1066	polychaeta	0.201	0.4568	1	10	67	5	2019	0	0
1067	polymerase chain reaction	-0.059	0.522	10	66	259	10	2019	0.2	0.2507
1068	polymerization	-0.6277	-0.4047	2	32	104	10	2019	0	0
1069	polyphenol	-0.7192	-0.041	9	79	159	6	2019	0.6667	0.8356
1070	polyphenolic fraction	-0.9593	0.0466	4	15	150	6	2019	0	0
1071	population structure	0.57	0.3533	12	35	108	10	2019	0.1	0.1253
1072	porcine embryo	-0.105	1.3859	10	10	165	5	2019	1	1.2534
1073	pore	-0.3848	-0.2785	8	47	101	7	2019	1.2857	1.6115
1074	pork	-0.4053	0.201	10	13	121	9	2019	0	0
1075	portable fad	0.6189	0.0696	6	9	59	5	2019	0.8	1.0027
1076	portable fads	0.6098	0.0713	6	6	66	6	2019	1	1.2534
1077	portunus pelagicus	0.6933	0.2436	1	28	110	6	2019	0.6667	0.8356
1078	posdaya	0.7776	-0.0876	3	5	54	6	2019	0	0
1079	posdaya economic empowerment index	0.7793	-0.0879	3	5	50	5	2019	0	0
1080	positive control	-0.6171	0.3634	13	91	221	8	2019	1.625	2.0367
1081	positive correlation	0.4162	0.2803	7	74	192	10	2019	1.2	1.504
1082	post	-0.5042	0.2329	15	25	173	12	2019	0.5	0.6267
1083	postharvest treatment	-0.4436	-0.0562	11	10	126	7	2019	0	0
1084	potassium	-0.2922	-0.1346	16	27	142	8	2019	0.125	0.1567
1085	potato	-0.3594	-0.0757	10	11	39	5	2019	1	1.2534
1086	potential isolate	-0.8533	0.3978	13	42	202	7	2019	2.1429	2.6858
1087	potential use	-0.5668	-0.0885	8	61	121	6	2019	0.3333	0.4178
1088	poultry	-0.0632	0.4146	12	39	83	5	2019	1	1.2534
1089	poverty	1.0804	0.4158	1	14	75	10	2019	0.8	1.0027
1090	powder	-0.5958	-0.5121	2	129	733	40	2019	0.1	0.1253
1091	ppi	0.5513	-0.0726	11	11	65	7	2019	0	0
1092	ppm	-0.7311	0.0106	17	162	1480	79	2019	0.519	0.6505
1093	pre	0.0929	-0.1402	8	53	246	13	2019	3.1538	3.9529
1094	precipitation method	-0.7874	-0.5831	2	55	225	9	2019	0.1111	0.1393
1095	predictor	0.7348	-0.0551	8	45	218	20	2019	0.75	0.94
1096	predictor variable	0.8436	-0.4323	5	16	52	7	2019	0.2857	0.3581
1097	pregnant woman	-0.1173	0.0327	17	21	162	6	2019	0	0
1098	preservation	0.9231	-0.3069	5	19	46	6	2019	0	0
1099	pretreatment	-0.4308	-0.2603	2	70	246	17	2019	0.8824	1.1059
1100	prevalence	0.0524	0.3012	8	66	436	18	2019	1.1667	1.4623
1101	previous research	0.2134	-0.3072	5	27	47	5	2019	0.2	0.2507
1102	primary commodity	0.6448	0.0695	1	8	52	6	2019	0.6667	0.8356
1103	primary forest	1.1885	0.0783	1	13	33	5	2019	0.2	0.2507
1104	primer	0.1859	0.5146	7	105	393	23	2019	0.6087	0.7629
1105	principle	1.1617	-0.2231	3	48	298	19	2019	0.6316	0.7916
1106	principle component analysis	0.2846	-0.042	7	33	90	5	2019	2.6	3.2587
1107	privacy	0.5626	-0.1571	11	3	25	5	2019	1	1.2534
1108	private sector	0.9006	-0.1417	3	20	87	7	2019	1.4286	1.7905
1109	probability	0.7936	0.0126	1	50	194	19	2019	0.2105	0.2639
1110	probiotic	-0.8036	0.4429	13	25	169	12	2019	0.25	0.3133
1111	production performance	0.0453	0.2965	8	38	137	7	2019	1	1.2534
1112	productive tiller	-0.0058	0.3024	7	28	96	7	2019	1.2857	1.6115
1113	progeny	0.2433	0.3155	7	24	292	16	2019	1.125	1.41
1114	progress	0.1125	0.2955	11	53	173	10	2019	1.6	2.0054
1115	proliferation	-0.4733	0.3691	7	74	288	13	2019	0.2308	0.2892
1116	promotion	0.9899	0.0263	3	21	127	12	2019	0.0833	0.1044
1117	propoli	-0.2238	-0.066	4	29	176	9	2019	0.3333	0.4178
1118	protanomalous female	0.7101	1.0139	7	4	45	5	2019	1	1.2534
1119	protease	-0.7319	0.065	13	50	293	13	2019	0.9231	1.1569
1120	protease inhibitor	-0.7556	0.1825	13	23	210	8	2019	0	0
1121	protein content	-0.2638	0.2549	7	100	452	21	2019	0.7619	0.9549
1122	protein profile	-0.0961	0.2858	13	18	87	6	2019	0.8333	1.0445
1123	protein protein interaction	0.5483	-0.0865	11	10	56	6	2019	0	0
1124	protein source	-0.7374	0.1521	9	52	131	5	2019	0.6	0.752
1125	protocorm	-0.3277	0.2703	7	11	82	7	2019	0	0
1126	prototype	0.3442	0.0606	6	29	110	11	2019	0.2727	0.3418
1127	prp	-1.3822	0.3937	15	13	138	6	2019	2	2.5067
1128	pruning	-0.09	0.1793	7	20	170	16	2019	0.125	0.1567
1129	public	0.612	0.1251	3	31	111	6	2019	0.8333	1.0445
1130	publication	0.543	-0.1134	3	17	94	7	2019	1.7143	2.1486
1131	purposive sampling method	0.8711	0.2636	12	31	65	6	2019	0.1667	0.2089
1132	pvdf electrospun membrane	-1.2567	-0.0934	15	7	185	5	2019	10	12.5336
1133	pvdf membrane	-1.239	-0.0916	15	7	272	8	2019	10	12.5336
1134	pyrolysis	-0.5398	-0.5047	2	17	105	7	2019	0	0
1135	pyrolysis process	-0.4895	-0.4906	2	24	99	8	2019	0	0
1136	qbo	0.8578	-0.3265	14	3	35	5	2019	1	1.2534
1137	qtl	-0.1158	0.5232	7	22	160	9	2019	1.3333	1.6711
1138	quantification	-0.2793	-0.0098	10	40	121	11	2019	0.4545	0.5697
1139	question	0.9399	0.0029	3	43	167	13	2019	8.4615	10.6053
1140	r nasutus ointment	-1.1062	0.3258	13	4	30	5	2019	0	0
1141	rainforest	0.8248	-0.1775	8	49	450	27	2019	2.0741	2.5996
1142	raja ampat regency	1.0794	0.1047	1	6	13	5	2019	0	0
1143	rambutan	-0.3393	0.0125	11	14	51	5	2019	1.2	1.504
1144	ramie rope	0.121	-0.4719	18	10	434	14	2019	0	0
1145	random forest	0.623	-0.3702	5	32	86	10	2019	1.5	1.88
1146	randomized block design	-0.2234	0.0592	9	74	175	10	2019	0.1	0.1253
1147	randomized complete block design	-0.1262	0.2753	7	69	180	11	2019	0.0909	0.1139
1148	ranu pani resort	0.8836	-0.2322	5	5	96	6	2019	0	0
1149	rapd	0.4426	0.3124	12	16	57	5	2019	1.2	1.504
1150	rare species	0.7971	0.3564	12	5	11	5	2019	0.8	1.0027
1151	ras	-0.0122	0.2918	6	17	41	5	2019	0.2	0.2507
1152	rat	-0.7921	0.3728	6	108	1015	52	2019	0.3269	0.4098
1153	ration	-0.6145	0.17	9	52	323	16	2019	0.3125	0.3917
1154	rca	-1.1869	-0.006	4	19	144	5	2019	1.6	2.0054
1155	rcbd	-0.0392	0.3814	7	34	84	6	2019	0.1667	0.2089
1156	rdl	-1.1058	0.0327	4	21	265	5	2019	0	0
1157	reaction	-0.4508	-0.0607	8	129	442	24	2019	0.5417	0.6789
1158	readiness	0.467	0.0323	14	14	104	9	2019	0	0
1159	real time	-0.7561	0.1601	9	32	77	5	2019	0.8	1.0027
1160	receiver	0.6299	-0.255	14	2	14	7	2019	0	0
1161	recirculating aquaculture system	-0.0588	0.3029	6	17	59	5	2019	0.6	0.752
1162	red blood cell	-0.5312	0.34	6	47	121	5	2019	0.4	0.5013
1163	red chilli	0.7489	0.3907	7	2	48	6	2019	0	0
1164	reef fish	1.0527	0.1149	1	11	69	11	2019	0	0
1165	reflectance	0.6689	-0.3591	5	41	242	11	2019	0.0909	0.1139
1166	reflection	0.9762	-0.0283	3	16	87	7	2019	1.4286	1.7905
1167	regime	0.5993	-0.2502	3	48	422	36	2019	0.3056	0.383
1168	relative humidity	-0.371	-0.2697	11	26	72	6	2019	0.1667	0.2089
1169	release	0.1068	-0.1023	16	58	234	16	2019	0.875	1.0967
1170	removal	-0.4826	-0.1552	15	90	273	16	2019	1.1875	1.4884
1171	replicate	-0.623	0.1089	9	171	573	24	2019	1.5833	1.9845
1172	reproductive performance	0.3594	0.3341	1	25	144	8	2019	0	0
1173	research result	-0.0071	-0.641	8	28	81	8	2019	0.25	0.3133
1174	research team	0.1273	-0.3315	6	5	57	7	2019	0	0
1175	residential area	0.7685	-0.3229	3	16	53	8	2019	0.125	0.1567
1176	residue	-0.4152	0.3683	11	78	743	29	2019	0.2069	0.2593
1177	resilience	1.0191	0.2337	1	19	186	17	2019	1.2353	1.5483
1178	resin	-0.3354	-0.5381	8	77	529	25	2019	0.16	0.2005
1179	response surface methodology	-0.8221	-0.4715	2	35	92	5	2019	0.6	0.752
1180	rest	0.331	0.3918	7	62	174	7	2019	0.7143	0.8953
1181	rflp	-0.3088	0.8161	10	42	239	10	2019	0.2	0.2507
1182	rgh	-0.172	0.4982	6	17	248	8	2019	1	1.2534
1183	rhizome	-0.9282	0.0851	4	47	275	10	2019	1	1.2534
1184	rice bran	-0.7579	0.4362	6	48	543	16	2019	0	0
1185	rice crop	0.6531	-0.2118	5	29	212	10	2019	0.4	0.5013
1186	rice cultivation	0.6394	-0.2297	3	13	58	8	2019	0	0
1187	rice farming	0.7381	-0.2615	3	24	187	13	2019	0	0
1188	rice field	0.5712	-0.1882	3	49	373	28	2019	0	0
1189	rice fish farming	0.5772	-0.2284	3	8	130	10	2019	0	0
1190	rice growth	0.5023	-0.1113	5	40	175	8	2019	0.5	0.6267
1191	rice husk	-0.4575	-0.4315	2	40	290	24	2019	1.0417	1.3056
1192	rice line	0.0084	0.2888	7	34	139	8	2019	2	2.5067
1193	rice mill	1.0185	-0.3474	14	4	144	8	2019	0	0
1194	rice paddy field	0.2313	-0.3541	5	9	56	6	2019	0.6667	0.8356
1195	rice plant	0.1654	-0.0283	5	44	116	5	2019	1	1.2534
1196	rice straw	-0.9611	-0.3715	2	16	184	12	2019	0	0
1197	rice supply chain	0.9749	-0.29	5	3	24	5	2019	1	1.2534
1198	rice variety	-0.1734	0.4513	7	43	130	8	2019	0.375	0.47
1199	richness	1.1233	0.0251	1	39	118	9	2019	0.1111	0.1393
1200	right	0.806	-0.1471	3	44	174	21	2019	0.5714	0.7162
1201	risk factor	0.1999	0.5253	8	27	194	9	2019	1	1.2534
1202	riverbank	0.8015	-0.1442	1	4	128	17	2019	0.1765	0.2212
1203	robot	0.5699	-0.1267	11	9	153	23	2019	0.8261	1.0354
1204	room temperature	-0.6777	-0.1858	11	94	284	16	2019	0.3125	0.3917
1205	root length character	-0.046	0.5798	7	21	114	6	2019	0.1667	0.2089
1206	root zone	0.0758	-0.1343	16	5	53	8	2019	0	0
1207	roselle petal	-0.9874	0.1947	11	11	96	6	2019	2	2.5067
1208	rpm	-0.4199	-0.356	2	70	165	15	2019	0.6	0.752
1209	rrna	-0.4008	0.2265	10	42	143	7	2019	0.2857	0.3581
1210	rrna gene	-0.4886	0.3443	13	58	237	14	2019	0.6429	0.8057
1211	rubber	0.4745	-0.1227	8	65	489	32	2019	1.3125	1.645
1212	rubber plantation	1.1074	0.0442	1	54	454	22	2019	0.5455	0.6836
1213	rule	0.9574	-0.0561	3	47	239	25	2019	0.6	0.752
1214	ruman	-0.9205	0.1212	9	59	269	12	2019	1.1667	1.4623
1215	rumen fermentation	-1.0495	0.152	9	46	174	6	2019	0.5	0.6267
1216	rural area	0.929	0.0725	3	30	151	13	2019	0	0
1217	s balangeran	0.633	0.3023	12	6	49	7	2019	2	2.5067
1218	s1 gene	0.0126	0.6794	12	21	315	10	2019	1.5	1.88
1219	salmonella	-0.3455	0.1828	11	26	104	8	2019	0.25	0.3133
1220	sample plot	0.7847	0.3457	12	16	68	7	2019	0.2857	0.3581
1221	sanitation	0.7281	0.2707	1	22	141	7	2019	2	2.5067
1222	sap free seaweed	-1.0513	-0.4363	4	6	114	6	2019	0	0
1223	sapindus rarak	-1.1158	0.181	9	35	183	7	2019	0.2857	0.3581
1224	sapling	0.7245	-0.0242	12	22	64	5	2019	0	0
1225	saponin	-0.8794	-0.0309	4	143	550	17	2019	0.6471	0.811
1226	sarang semut	-0.8059	0.1564	6	14	105	7	2019	0	0
1227	sargassum	-0.713	-0.0335	4	39	137	8	2019	2.75	3.4467
1228	satellite	0.7784	-0.4061	5	43	222	18	2019	0.3889	0.4874
1229	satellite data	0.7539	-0.37	5	48	186	12	2019	0.25	0.3133
1230	savi	0.8504	-0.288	5	30	179	7	2019	0	0
1231	sbw	-0.8287	-0.6155	2	13	168	7	2019	1	1.2534
1232	scaridae	1.1686	0.2169	12	10	175	5	2019	0	0
1233	screening	-0.6801	0.2493	4	127	469	20	2019	1.2	1.504
1234	sdl	-1.1058	0.0324	4	21	265	5	2019	0	0
1235	sds page	-0.7214	-0.31	2	52	133	6	2019	2	2.5067
1236	sea level	0.7889	-0.4056	14	15	97	11	2019	0.1818	0.2279
1237	sea turtle	0.4029	-0.0481	3	3	20	5	2019	0	0
1238	seagrass bed	0.4663	0.0185	12	15	62	6	2019	0.3333	0.4178
1239	seagrass ecosystem	0.156	0.4785	1	10	63	5	2019	0	0
1240	search	0.4891	-0.0385	11	49	158	9	2019	2.2222	2.7852
1241	seawater	0.6475	-0.0226	14	35	77	6	2019	1.5	1.88
1242	seaweed	-0.8191	-0.254	4	113	503	32	2019	2.9688	3.7209
1243	seaweed film	-0.5861	-0.6492	2	12	132	6	2019	10	12.5336
1244	second factor	-0.7815	0.1243	9	78	264	10	2019	1.1	1.3787
1245	secondary forest	1.0225	-0.0564	1	71	480	23	2019	0.4783	0.5994
1246	secondary metabolite	-0.4897	-0.0602	5	66	212	12	2019	0.4167	0.5222
1247	sediment	0.2687	-0.0243	6	33	161	14	2019	0.2857	0.3581
1248	sediment concentration	0.4243	-0.2009	14	9	36	6	2019	1.5	1.88
1249	see	-0.7783	0.4143	6	15	180	6	2019	1	1.2534
1250	seed germination	-0.3029	-0.0254	10	7	48	7	2019	0.4286	0.5372
1251	seeds moisture content	-1.3872	-0.4047	4	3	40	5	2019	1	1.2534
1252	selaawi village	0.3972	-0.2359	8	10	84	7	2019	0	0
1253	selaginella species	-0.7185	0.38	6	12	162	6	2019	0	0
1254	selection index	0.0189	0.2821	7	26	210	12	2019	2	2.5067
1255	selectivity	0.4493	-0.0439	1	36	153	8	2019	0.75	0.94
1256	self	0.242	0.157	7	42	156	8	2019	1.25	1.5667
1257	self sufficiency	0.3416	0.0013	11	17	64	8	2019	0	0
1258	sem	-0.3768	-0.4592	2	155	530	27	2019	0.5556	0.6963
1259	sem edx	-0.681	-0.6188	2	50	103	5	2019	0.2	0.2507
1260	sem image	-0.6283	-0.5653	2	43	89	6	2019	0.5	0.6267
1261	seman	-0.7801	0.2714	15	23	274	18	2019	1.1667	1.4623
1262	semarang city	1.0665	0.0043	1	16	180	13	2019	0	0
1263	semi	0.3587	-0.1772	1	40	130	8	2019	0.125	0.1567
1264	sengon	-0.2523	-0.2563	8	62	336	17	2019	0.5882	0.7373
1265	senna	-1.5415	0.3158	4	9	115	5	2019	0	0
1266	sentinel	0.7133	-0.3781	5	38	203	18	2019	0.7222	0.9052
1267	separation	-0.5209	-0.01	2	91	263	17	2019	1.3529	1.6957
1268	sequence	0.1774	0.5573	7	156	866	56	2019	0.4464	0.5595
1269	serang regency	0.8461	-0.2234	3	8	110	5	2019	0	0
1270	sericin	-0.9457	0.1571	6	6	84	6	2019	2	2.5067
1271	serranidae	1.1685	0.2173	12	10	175	5	2019	0	0
1272	serum	-0.7514	0.2294	15	70	339	17	2019	4.4118	5.5295
1273	service	0.9657	-0.0183	3	146	898	83	2019	1.4699	1.8423
1274	settlement	1.064	-0.3048	5	24	190	26	2019	0.3462	0.4339
1275	shade	-0.2749	-0.0843	8	11	51	5	2019	0	0
1276	shallot	-0.0029	0.3282	7	25	190	12	2019	0.5	0.6267
1277	shallot powder	-0.6636	-0.279	11	8	70	5	2019	0	0
1278	sheep	-0.2712	0.5347	9	69	468	27	2019	0.7037	0.882
1279	shelf life	-0.4295	-0.2464	11	51	244	18	2019	0.3889	0.4874
1280	sheltered area	1.0263	0.0805	1	5	96	6	2019	0	0
1281	shock	0.2281	0.6091	10	27	107	8	2019	0.875	1.0967
1282	shoot	-0.2361	0.0823	10	91	350	22	2019	0.1364	0.1709
1283	shrimp	-0.0055	0.2757	6	87	545	31	2019	1.2581	1.5768
1284	shrub	1.1221	-0.1319	1	87	546	30	2019	0.6	0.752
1285	siganidae	1.0343	0.2236	12	19	197	7	2019	0	0
1286	siganus canaliculatus	0.5962	0.2847	12	11	38	6	2019	0	0
1287	significant impact	0.332	-0.249	14	48	191	10	2019	0.3	0.376
1288	significant protein	0.524	-0.0968	11	8	27	5	2019	0	0
1289	silage	-1.1595	0.1589	9	46	502	19	2019	3.5789	4.4857
1290	silage juice	-0.957	0.4726	13	6	72	6	2019	0	0
1291	silica	-0.6047	-0.4909	2	53	389	26	2019	0.2308	0.2892
1292	silicon	-0.7659	-0.6836	2	21	322	12	2019	0.8333	1.0445
1293	simulation study	0.2192	-0.7444	8	5	14	5	2019	0.2	0.2507
1294	sintering temperature	-0.695	-0.6469	2	4	49	7	2019	0	0
1295	skin	-0.5878	-0.2482	2	130	612	35	2019	0.8857	1.1101
1296	skyline query	0.56	-0.144	11	7	33	5	2019	0.6	0.752
1297	slope	0.7668	-0.1384	1	51	274	31	2019	0.5806	0.7278
1298	small area estimation	0.2209	-0.7395	8	6	17	7	2019	0.2857	0.3581
1299	small scale fisher	0.9702	0.1367	1	25	117	6	2019	3.6667	4.5956
1300	small scale fishery	1.0147	0.1752	1	18	171	9	2019	3.5556	4.4564
1301	smoke haze	0.9963	-0.3217	5	19	83	7	2019	0.7143	0.8953
1302	sni	-0.1654	-0.3092	8	61	141	8	2019	0.125	0.1567
1303	snpb11	-0.0676	0.5602	7	14	125	5	2019	1	1.2534
1304	snpb11 marker	-0.0611	0.5702	7	21	144	6	2019	0.6667	0.8356
1305	soaking time	-0.7714	-0.4429	2	25	123	6	2019	0.1667	0.2089
1306	social condition	0.9738	0.1092	1	24	87	5	2019	0.4	0.5013
1307	social medium	1.081	-0.1199	3	8	33	7	2019	0	0
1308	social support	1.04	0.5882	17	9	157	6	2019	0.8333	1.0445
1309	social upgrading	0.9491	0.1285	1	3	7	5	2019	0	0
1310	sod	-0.7836	0.1841	6	31	163	12	2019	0	0
1311	sodium hydroxide	-0.5747	-0.5413	2	44	180	8	2019	0.875	1.0967
1312	soil arthropod	0.6835	-0.1591	5	8	54	6	2019	0	0
1313	soil food web	0.7907	-0.2384	8	17	112	6	2019	1.8333	2.2978
1314	soil surface	0.5439	-0.3886	5	20	57	6	2019	0.8333	1.0445
1315	soil temperature	0.5857	-0.2961	5	23	55	7	2019	1.8571	2.3277
1316	solap	0.9632	-0.1573	3	3	20	5	2019	0	0
1317	solvent	-0.8473	-0.3058	4	110	429	22	2019	0.7273	0.9115
1318	sop	0.9486	-0.1408	3	15	116	9	2019	0	0
1319	sop document	1.1054	-0.1206	3	4	63	7	2019	0	0
1320	south east sulawesi	0.8943	-0.1489	12	2	6	5	2019	0.4	0.5013
1321	south kalimantan	0.0446	-0.3035	5	34	86	6	2019	0	0
1322	south sumatera	0.9408	-0.1626	3	24	87	9	2019	0	0
1323	south sumatra	0.7558	-0.106	1	49	172	10	2019	0.3	0.376
1324	southern part	0.9589	-0.1223	5	22	78	6	2019	0.1667	0.2089
1325	soy sauce	-0.7404	0.105	9	15	234	9	2019	1	1.2534
1326	soybean meal	-0.7704	0.1059	9	56	190	8	2019	0.625	0.7833
1327	spatial distribution pattern	0.8702	-0.2091	3	13	90	6	2019	0.5	0.6267
1328	spatial model	0.962	-0.2305	1	12	70	8	2019	0	0
1329	spatial pattern	0.9294	-0.3741	14	27	216	15	2019	0.0667	0.0836
1330	spce	-0.6207	-0.5565	2	8	102	6	2019	0	0
1331	spce g chit	-0.6206	-0.5565	2	8	102	6	2019	0	0
1332	speargun	0.9177	0.1135	1	15	167	7	2019	0.8571	1.0743
1333	species diversity	1.0534	0.0336	1	70	476	32	2019	0.5625	0.705
1334	species richness	1.0422	0.0584	1	55	287	24	2019	0.3333	0.4178
1335	specific gravity	-0.1723	-0.4803	8	45	176	8	2019	2.375	2.9767
1336	specific growth rate	-0.1204	0.3554	6	35	101	5	2019	0.6	0.752
1337	specificity	-0.2098	0.447	10	43	212	10	2019	0	0
1338	specimen	0.2251	0.3614	10	53	238	18	2019	0.6667	0.8356
1339	spectra	-0.3818	-0.2752	2	98	276	18	2019	0.3889	0.4874
1340	spectrophotometry	-0.6447	0.0089	4	79	186	9	2019	0.5556	0.6963
1341	spectroscopy	-0.3756	-0.4228	2	152	533	33	2019	0.6364	0.7976
1342	sperm	-0.7195	0.1483	15	21	239	15	2019	4.3333	5.4312
1343	sperm viability	-0.789	0.2526	15	23	100	5	2019	2.2	2.7574
1344	spi	-0.1064	0.5894	14	11	140	5	2019	0	0
1345	spinach	0.0498	-0.1752	16	22	153	7	2019	0.7143	0.8953
1346	spiny lobster	-0.2357	0.2879	6	18	146	15	2019	0	0
1347	spirulina platensis	-0.919	0.2936	6	31	135	5	2019	0	0
1348	spoilage mold	-0.5111	-0.065	10	7	90	6	2019	0	0
1349	sponge	-0.373	0.3734	1	51	246	10	2019	0.9	1.128
1350	sprague dawley rat	-0.983	0.3343	6	53	196	11	2019	0.1818	0.2279
1351	spray method	-0.5474	-0.2549	11	7	65	5	2019	0	0
1352	spring	0.0644	0.1218	1	17	67	8	2019	0.75	0.94
1353	spw	-0.8209	-0.608	2	13	198	9	2019	1	1.2534
1354	square	0.5912	-0.2577	10	41	167	10	2019	0.1	0.1253
1355	squid attractor	0.2102	0.0147	16	4	36	9	2019	0	0
1356	src	-0.6097	-0.4144	4	17	98	5	2019	0	0
1357	srf	-0.2106	-0.1739	16	13	116	7	2019	0	0
1358	sst	0.5522	-0.2369	14	22	132	11	2019	0.2727	0.3418
1359	stakeholder analysis	1.3476	-0.4203	5	5	15	5	2019	0	0
1360	stand	0.8708	-0.3753	5	47	201	20	2019	0.2	0.2507
1361	standard deviation	0.7725	-0.5452	14	19	69	8	2019	0.5	0.6267
1362	staphylococcus aureus	-0.9502	-0.0622	13	66	151	7	2019	0.4286	0.5372
1363	start	-0.5741	0.1567	4	46	239	11	2019	0.8182	1.0255
1364	starvation	-1.0348	0.7209	7	3	112	7	2019	0	0
1365	station	0.7417	0.2494	1	133	882	68	2019	0.4265	0.5345
1366	stationary phase	-0.632	-0.3555	2	19	145	10	2019	0	0
1367	steam	-0.507	-0.7444	8	26	188	7	2019	1.2857	1.6115
1368	stearic acid	-0.344	0.3617	6	19	118	5	2019	0	0
1369	steroid	-0.8359	-0.0881	4	69	274	9	2019	0.5556	0.6963
1370	stgg	-0.8551	0.3765	13	16	341	11	2019	5	6.2668
1371	stingless bee	0.6575	0.1362	1	19	85	7	2019	0.5714	0.7162
1372	stock enhancement	0.6817	0.3483	1	8	68	8	2019	0	0
1373	storage temperature	-0.5863	-0.1381	11	44	129	8	2019	0	0
1374	storage time	-0.6751	-0.1538	11	54	140	6	2019	0	0
1375	strain	-0.4694	0.408	13	162	820	36	2019	0.6944	0.8704
1376	strand	-0.4859	-0.7504	8	16	140	5	2019	1	1.2534
1377	strand board	-0.266	-0.7267	8	29	145	8	2019	0.625	0.7833
1378	strategic policy	1.1032	0.0788	1	10	69	5	2019	0	0
1379	strength	0.0404	-0.5081	8	112	697	43	2019	0.907	1.1368
1380	striped catfish	-0.0679	0.4874	10	32	206	9	2019	0.3333	0.4178
1381	stroke	-0.6195	0.2006	6	34	87	6	2019	0	0
1382	strong correlation	0.0437	-0.6135	8	37	83	5	2019	0.8	1.0027
1383	structural complexity	0.8927	0.0844	16	4	77	11	2019	5	6.2668
1384	student	0.7977	-0.0065	3	38	154	19	2019	0.4737	0.5937
1385	study show	0.0669	-0.2803	3	40	68	5	2019	1	1.2534
1386	substance	-0.543	-0.0382	10	150	392	20	2019	0.65	0.8147
1387	substitution	-0.4734	-0.2903	2	84	407	17	2019	0.5294	0.6635
1388	subterranean termite	-0.116	-0.6956	8	13	58	6	2019	0.6667	0.8356
1389	subunit	-0.0679	0.3527	11	21	90	7	2019	1.4286	1.7905
1390	success rate	0.3302	0.3684	10	12	72	7	2019	0	0
1391	sugar content	-0.3738	0.2606	4	41	185	11	2019	1.9091	2.3928
1392	sugarcane	0.5916	-0.2267	3	15	35	5	2019	0.4	0.5013
1393	suitable area	0.8229	-0.0853	14	22	54	7	2019	0.4286	0.5372
1394	sulawesi macaque	0.4109	0.416	7	6	60	5	2019	1	1.2534
1395	sulfite	-0.3317	0.036	10	11	245	7	2019	0	0
1396	sunlight	-0.3453	-0.1126	8	24	62	5	2019	1	1.2534
1397	sunscreen cream	-0.7536	-0.1702	4	19	155	9	2019	3.1111	3.8993
1398	supernatant	-0.7293	0.268	13	34	145	8	2019	0.875	1.0967
1399	supplement	-0.7956	0.4134	6	71	239	9	2019	0.7778	0.9748
1400	supplementation	-0.697	0.4304	6	119	723	31	2019	0.8065	1.0108
1401	supplier	0.2594	0.3384	14	4	15	6	2019	0	0
1402	support vector machine	0.6003	-0.4188	5	28	71	8	2019	1	1.2534
1403	surface temperature	0.8353	-0.3815	14	46	195	13	2019	0.0769	0.0964
1404	survival rate	0.2761	0.1653	12	93	314	19	2019	0.3158	0.3958
1405	suspension	-0.4455	-0.3267	2	97	580	26	2019	0.3462	0.4339
1406	sustainable management	1.0713	0.1041	1	52	294	15	2019	1	1.2534
1407	svf	-1.3777	0.3923	15	13	154	7	2019	2	2.5067
1408	svm	0.5856	-0.4201	5	27	96	10	2019	1.5	1.88
1409	swamp buffalo	0.1963	0.3913	8	9	135	5	2019	2	2.5067
1410	sweet potato	-0.0469	-0.064	1	30	149	9	2019	0	0
1411	swir	0.95	-0.33	5	13	189	7	2019	0	0
1412	symptom	-0.1113	0.1346	16	61	217	13	2019	0.4615	0.5785
1413	synergistic effect	-0.6427	0.0266	4	16	45	5	2019	1.8	2.256
1414	synthesis	-0.8785	-0.4753	2	188	776	43	2019	1.093	1.3699
1415	synthetic dye	-0.4741	-0.3016	15	13	71	6	2019	0.3333	0.4178
1416	system analysis	1.037	-0.094	3	16	69	6	2019	0	0
1417	tamblingan lake	1.0474	0.2564	12	5	108	6	2019	0	0
1418	tannin	-0.7515	-0.1025	9	196	1783	71	2019	1.9718	2.4714
1419	tannin addition	-1.1611	0.0878	9	38	242	6	2019	2	2.5067
1420	tannin content	-0.6861	-0.0461	9	44	152	7	2019	0.8571	1.0743
1421	task	0.5904	-0.1336	11	35	138	14	2019	0.4286	0.5372
1422	tdn	-0.897	-0.0457	9	29	332	13	2019	1.2308	1.5426
1423	teg	-0.6356	-0.3695	2	7	90	5	2019	0	0
1424	tegal regency	0.3198	0.0074	11	7	66	10	2019	0.9	1.128
1425	tem	-0.7969	-0.4998	2	40	95	6	2019	1.3333	1.6711
1426	tempe	-0.2471	0.242	16	37	252	17	2019	1.8235	2.2855
1427	tempe flour	-0.5393	0.2242	4	9	85	5	2019	3	3.7601
1428	temperature storage	-0.4778	-0.0674	11	34	121	10	2019	0.2	0.2507
1429	tenera	0.3466	0.3391	7	17	196	8	2019	1.75	2.1934
1430	tensile strength	-0.6838	-0.6522	2	52	179	8	2019	1.375	1.7234
1431	tenure status	0.9526	-0.2452	3	6	96	6	2019	0	0
1432	test result	-0.3953	0.0196	10	58	178	8	2019	1.125	1.41
1433	tey	-0.9564	0.3413	15	6	55	5	2019	0	0
1434	tfd	-0.1347	-0.0152	11	8	70	5	2019	1	1.2534
1435	theory	0.6751	-0.2854	3	61	251	17	2019	0.6471	0.811
1436	thermal stability	-0.7056	-0.5915	2	58	234	10	2019	2.6	3.2587
1437	thin film	-0.5339	-0.6192	2	39	212	17	2019	0.6471	0.811
1438	thunnus albacare	-0.0647	-0.1308	17	23	69	5	2019	1	1.2534
1439	timber	0.2857	-0.461	5	54	186	10	2019	1.1	1.3787
1440	timor leste	0.5147	0.2778	12	11	57	5	2019	1	1.2534
1441	titanate nanosheet	-0.6796	-0.4512	10	10	17	5	2019	4.2	5.2641
1442	tnmb	0.8293	0.3318	12	10	40	5	2019	0	0
1443	tocns	-1.0215	-0.1533	9	10	85	5	2019	1	1.2534
1444	tolerant	-0.143	0.5821	7	46	107	8	2019	0.5	0.6267
1445	tomato	0.5697	0.3599	7	30	223	18	2019	0.1111	0.1393
1446	topic	0.9209	-0.2914	3	37	126	9	2019	1.1111	1.3926
1447	topography	0.8422	-0.2888	14	29	118	11	2019	0	0
1448	torque	0.3383	-0.0429	1	19	99	6	2019	0.8333	1.0445
1449	total biomass	0.4112	-0.3408	8	27	73	6	2019	1.1667	1.4623
1450	total carbon stock	1.0584	-0.5147	5	8	120	5	2019	1	1.2534
1451	total cost	0.3323	-0.1523	3	38	101	6	2019	0.3333	0.4178
1452	total flavonoid	-1.0468	0.0223	4	39	318	7	2019	0	0
1453	total flavonoid content	-1.1185	-0.0737	4	31	206	7	2019	1	1.2534
1454	total grains number	-0.21	0.5241	7	3	65	5	2019	2	2.5067
1455	total n	0.5255	-0.2653	5	20	65	6	2019	0	0
1456	total phenol	-0.8422	0.07	9	66	325	10	2019	0.5	0.6267
1457	total phenolic content	-0.8358	-0.1036	4	87	360	14	2019	1.2857	1.6115
1458	total score	0.9353	-0.2626	5	18	66	6	2019	1.3333	1.6711
1459	total volatile fatty acid	-0.9836	0.0464	9	54	222	6	2019	0.8333	1.0445
1460	tourism destination	0.9768	0.0136	3	13	88	7	2019	0.1429	0.1791
1461	tpc	-0.4362	0.0624	17	35	111	6	2019	1.3333	1.6711
1462	traceability system	0.9561	-0.2851	5	5	34	11	2019	0.6364	0.7976
1463	tractor	0.6836	-0.1898	1	12	101	10	2019	0	0
1464	traditional ecological knowledge	1.2035	0.1102	1	6	25	8	2019	0.625	0.7833
1465	tragedy	1.1948	-0.4063	3	8	156	6	2019	0	0
1466	trait	-0.0578	0.5393	7	132	816	44	2019	0.8409	1.054
1467	transcriptome	-0.1445	0.1734	11	12	48	5	2019	2	2.5067
1468	transcriptome assembly	-0.1707	0.1535	11	12	43	5	2019	1.6	2.0054
1469	transmission	0.288	0.5658	8	24	137	9	2019	0.4444	0.557
1470	trap	1.0111	0.0938	1	53	341	21	2019	0.619	0.7759
1471	tree density	0.9676	-0.4656	5	21	163	10	2019	0.7	0.8774
1472	trehalose	-1.3592	0.3073	15	8	168	8	2019	0	0
1473	trehalose entry	-1.3593	0.3075	15	8	168	8	2019	0	0
1474	trf	-0.3727	-0.5381	8	19	140	5	2019	0	0
1475	trip	0.9293	0.1239	1	28	83	9	2019	0.4444	0.557
1476	triterpenoid	-0.6888	-0.1039	4	31	158	5	2019	0	0
1477	trophic nich	0.9287	-0.236	8	8	98	7	2019	2	2.5067
1478	trophic state	0.6218	-0.213	14	4	35	5	2019	0	0
1479	tropic	0.4879	-0.2575	14	34	155	9	2019	1	1.2534
1480	tropical agricultural landscape	1.127	0.5184	12	12	75	5	2019	1.6	2.0054
1481	tropical country	0.0857	-0.0496	15	64	143	6	2019	0.6667	0.8356
1482	tropical fruit	-0.4141	-0.0497	11	25	63	5	2019	0.8	1.0027
1483	tropical greenhouse	0.0755	-0.1294	16	4	54	6	2019	0	0
1484	tropical peatland	0.6766	-0.2777	5	37	224	17	2019	3.7647	4.7185
1485	tuber	-0.3412	-0.1697	11	54	206	21	2019	0	0
1486	tuber yield	-0.0916	-0.0857	10	13	118	7	2019	0.4286	0.5372
1487	twp	0.8359	-0.417	5	11	135	5	2019	0	0
1488	tyrosinase inhibitor	-0.9516	-0.0517	4	32	234	9	2019	2.1111	2.646
1489	u ml	-0.5271	-0.2287	15	11	69	6	2019	0	0
1490	ultrafiltration	-0.8125	-0.0236	15	21	136	6	2019	2	2.5067
1491	unemployment rate	0.9746	-0.1887	1	3	40	5	2019	0	0
1492	unit effort	1.0165	0.1415	1	28	101	6	2019	0.5	0.6267
1493	unsaturated fatty acid	-0.5939	0.4662	9	46	156	7	2019	0.7143	0.8953
1494	upland rice	-0.0325	0.5306	7	21	116	5	2019	1	1.2534
1495	urban heat island	0.9821	-0.2451	5	12	73	7	2019	0	0
1496	urban park	-0.0035	0.162	1	4	45	5	2019	1	1.2534
1497	urea	-0.9198	-0.1839	9	62	571	18	2019	0	0
1498	usd	0.6711	0.4368	1	8	84	7	2019	0	0
1499	user	0.9335	-0.2025	3	58	144	18	2019	0.1667	0.2089
1500	v v	-0.3305	-0.2935	2	21	61	6	2019	0.1667	0.2089
1501	vegetation index	0.8646	-0.2913	5	43	481	29	2019	0.1034	0.1297
1502	vele	-1.1012	0.0323	4	21	312	6	2019	0	0
1503	ventilator	0.0431	0.7369	10	5	84	7	2019	0	0
1504	venus	1.0459	0.7926	1	2	48	6	2019	1	1.2534
1505	vfa	-0.9406	0.1218	9	77	307	10	2019	0.5	0.6267
1506	viability	-0.7082	-0.0682	11	102	357	21	2019.0476	1.1429	1.4203
1507	virulence gene	-0.106	0.585	14	11	162	6	2019	0	0
1508	virus	0.0632	0.6548	12	67	355	16	2019	1.125	1.41
1509	viscosity	-0.5636	-0.2742	4	113	445	29	2019	0.3448	0.4322
1510	vision	0.9235	-0.1833	3	19	40	6	2019	0	0
1511	visitor	0.8724	-0.0754	3	29	114	10	2019	0	0
1512	vitamin	-0.2731	-0.0453	17	41	98	6	2019	2.3333	2.9245
1513	vitamin c	-0.745	-0.0882	4	72	368	11	2019	0.0909	0.1139
1514	vitro	-0.7879	0.3259	9	233	1071	40	2019	1.075	1.3474
1515	vitro evaluation	-0.9658	0.0921	9	61	141	5	2019	1	1.2534
1516	vitro gas production	-0.9557	0.0879	9	26	140	6	2019	0.1667	0.2089
1517	vitro rumen fermentation	-1.201	0.1647	9	54	212	7	2019	0.8571	1.0743
1518	volatile compound profile	-0.7051	0.3671	4	25	170	6	2019	3	3.7601
1519	volcanic ash soil	-0.3304	-0.1984	15	7	60	6	2019	1	1.2534
1520	voltage strength	-0.1197	1.065	10	6	102	6	2019	4	5.0134
1521	w v	-0.7448	-0.2498	2	58	140	10	2019	0.6	0.752
1522	w w	-0.4543	-0.4679	4	70	354	15	2019	0.0667	0.0836
1523	wakatobi	1.0936	0.15	1	11	146	7	2019	0.5714	0.7162
1524	water absorption	-0.215	-0.595	8	42	213	9	2019	3.3333	4.1779
1525	water activity	-0.5719	-0.284	2	29	78	5	2019	2.6	3.2587
1526	water bath	-0.4327	-0.2654	6	16	42	9	2019	0.1111	0.1393
1527	water buffalo	0.475	0.1467	11	16	168	7	2019	4	5.0134
1528	water fraction	-1.4675	0.149	4	37	190	6	2019	0.6667	0.8356
1529	water improvement	-0.1269	0.0659	16	1	20	5	2019	0	0
1530	water management	0.6457	-0.3103	5	26	129	10	2019	0.6	0.752
1531	water spinach	0.0028	-0.1683	16	20	282	11	2019	0	0
1532	watt	-0.2589	-0.2111	10	29	94	10	2019	0	0
1533	wave	0.678	-0.2244	14	44	377	36	2019	0.5	0.6267
1534	wavelength	0.0022	-0.238	6	59	228	23	2019	0.5217	0.6539
1535	weight gain	-0.4491	0.5058	6	59	252	10	2019	0.2	0.2507
1536	welfare	0.9757	0.3016	1	37	295	24	2019	1.9167	2.4023
1537	west halmahera	0.6587	0.0673	1	9	80	5	2019	0	0
1538	west indian arrowroot	0.0525	-0.0986	10	10	156	8	2019	0	0
1539	west kalimantan	0.9409	-0.0104	1	60	336	19	2019	0.8421	1.0555
1540	west kalimantan province	1.2647	0.0007	1	27	138	5	2019	0	0
1541	west nusa tenggara	0.6149	-0.0644	5	26	93	8	2019	0.5	0.6267
1542	west sumatera	0.4925	-0.0061	14	33	209	11	2019	0	0
1543	whale shark	0.6989	-0.1714	3	9	105	8	2019	0.75	0.94
1544	wheel tractor	0.7376	-0.1904	1	6	78	5	2019	0.2	0.2507
1545	wide range	0.4649	0.3797	12	29	103	6	2019	1.6667	2.0889
1546	wolbachia	0.1939	0.5808	12	9	78	6	2019	0	0
1547	woman	0.6272	0.2308	3	45	241	21	2019	0.619	0.7759
1548	wood	-0.1236	-0.4973	8	141	1250	81	2019	0.7037	0.882
1549	wood property	0.3406	-0.6913	8	17	126	10	2019	1.1	1.3787
1550	wood sample	-0.3063	-0.4293	8	39	159	6	2019	2	2.5067
1551	wood species	-0.0287	-0.4737	8	41	177	10	2019	1.7	2.1307
1552	workshop	0.9156	-0.1022	3	13	33	5	2019	1.8	2.256
1553	wound	-1.3612	0.3484	15	19	100	6	2019	1	1.2534
1554	wrf	0.8354	-0.6263	14	12	139	9	2019	0.6667	0.8356
1555	wvtr	-0.6473	-0.5365	11	29	186	7	2019	0	0
1556	x ray diffraction	-0.6681	-0.5174	2	86	216	14	2019	0.4286	0.5372
1557	xrd	-0.7001	-0.6292	2	120	502	26	2019	0.4615	0.5785
1558	xrd pattern	-0.8173	-0.6694	2	43	106	5	2019	0.2	0.2507
1559	yard	0.9558	-0.0208	1	16	50	9	2019	0.8889	1.1141
1560	yeast	-0.5992	0.1962	11	68	255	14	2019	0.7857	0.9848
1561	yellowfin tuna	-0.0354	-0.0529	17	21	68	6	2019	1.3333	1.6711
1562	yogyakarta	0.5066	-0.1542	3	20	77	9	2019	0	0
1563	young farmer	1.3562	-0.1104	3	9	93	7	2019	2.5714	3.2229
1564	young leafe	-0.0529	-0.0489	16	26	82	6	2019	1.6667	2.0889
1565	zeolite	-0.2222	-0.3187	16	29	364	32	2019	1	1.2534
1566	zinc	-0.2799	-0.0483	17	48	156	8	2019	0.875	1.0967
1567	zno	-0.6112	-0.3715	2	24	95	10	2019	0.3	0.376
1568	zygote	-0.0387	1.0513	10	27	478	21	2019	2.5714	3.2229
