id	label	x	y	cluster	weight<Links>	weight<Total link strength>	weight<Occurrences>	score<Avg. pub. year>	score<Avg. citations>	score<Avg. norm. citations>
1	abundance	0.6713	0.5711	9	62	308	19	2019	3.1053	3.1654
2	acceleration	-0.6145	0.3975	4	57	222	21	2019	0.4762	0.4854
3	acid	1.2714	-0.0709	1	187	1741	128	2019	2.0703	2.1104
4	adaptation	-0.6829	0.4685	4	68	211	17	2019	0.1176	0.1199
5	additive	1.2868	-0.1609	1	60	359	25	2019	1.36	1.3863
6	afternoon	-0.266	1.0827	4	27	132	13	2019	0	0
7	agent	0.6635	-0.0374	1	176	1049	79	2019	1.4557	1.4839
8	alloy	1.1966	-0.1498	1	52	428	42	2019	0.8095	0.8252
9	alpha	-0.712	-0.4149	2	44	166	11	2019	0.3636	0.3707
10	android	-0.5669	-0.4	2	60	170	13	2019	0.3077	0.3137
11	android application	-0.9162	-0.2816	2	41	157	14	2019	0.3571	0.3641
12	anfis	0.0269	-0.2074	5	18	60	11	2019	1.0909	1.112
13	angle	-0.0359	-0.2132	5	187	1221	116	2019	0.5517	0.5624
14	ann	-0.2585	-0.3106	5	44	161	14	2019	1	1.0194
15	antenna	-0.1191	-0.7429	6	92	1905	149	2019	0.3826	0.39
16	antibacterial activity	1.3568	-0.0058	1	57	314	19	2019	2.5789	2.6289
17	appearance	-0.1886	-0.3634	5	95	253	15	2019	0.5333	0.5437
18	april	-0.2827	0.5045	4	65	147	13	2019	0.5385	0.5489
19	architecture	-0.7381	-0.3423	2	165	925	104	2019	1.1442	1.1664
20	array antenna	0.053	-0.7474	6	30	284	28	2019	0.2857	0.2912
21	article	-0.6251	0.1124	3	188	909	89	2019	0.764	0.7788
22	artificial intelligence	-0.3932	-0.3471	5	44	129	14	2019	0.7143	0.7281
23	artificial neural network	-0.2678	-0.3327	5	55	180	16	2019	0.4375	0.446
24	ash	0.8037	0.3187	1	69	492	29	2019	1.069	1.0897
25	asteroid	-0.0711	0.2003	4	11	75	12	2019	0.5	0.5097
26	attitude	-0.8574	0.2387	3	49	207	16	2019	1	1.0194
27	august	-0.1753	0.8723	4	74	410	22	2019	2.6818	2.7338
28	automation	-0.8074	-0.1707	2	46	143	16	2019	0.1875	0.1911
29	awareness	-0.6399	0.152	3	79	176	17	2019	2	2.0387
30	baby	-0.7408	-0.2788	2	28	244	13	2019	0	0
31	bacterium	1.222	0.1681	1	108	833	51	2019	2.098	2.1387
32	bagasse	1.0781	0.1769	1	41	212	13	2019	0.0769	0.0784
33	bali	0.1795	0.4884	4	57	282	21	2019	1.5238	1.5533
34	band	0.1217	-0.2609	6	171	879	74	2019	0.9595	0.978
35	bandung	-0.5708	0.4558	3	208	1302	94	2019	0.5	0.5097
36	bandung basin	-0.2487	0.7603	4	45	285	23	2019	1.7826	1.8171
37	bandung city	-0.7482	0.4322	3	36	167	11	2019	0.4545	0.4633
38	bandwidth	-0.2111	-0.6598	6	127	780	61	2019	0.5902	0.6016
39	bar	0.4155	0.0075	1	90	483	35	2019	1.2286	1.2524
40	baseline	-0.3688	-0.0571	2	71	196	16	2019	0.5625	0.5734
41	battery	0.1545	-0.3747	6	151	1105	102	2019	1.6078	1.639
42	ber	-0.5749	-0.5709	2	47	206	24	2019	0.6667	0.6796
43	best performance	-0.3664	-0.3922	2	81	186	12	2019	0.25	0.2548
44	better result	-0.4714	-0.2744	2	54	110	11	2019	0.4545	0.4633
45	bilinear system	-0.0905	0.1184	5	10	262	20	2019	0	0
46	biodiesel	0.5377	-0.0179	8	35	518	17	2019	2	2.0387
47	biofilm	1.5587	0.1296	1	27	321	20	2019	1.5	1.5291
48	biomass	0.7527	0.1643	1	94	448	32	2019	1.75	1.7839
49	biosurfactant	1.3561	0.1383	1	41	413	21	2019	2.1905	2.2329
50	bit	-0.5382	-0.4818	2	39	140	17	2019	0.5294	0.5397
51	bit error rate	-0.5819	-0.5823	2	49	174	18	2019	0.6667	0.6796
52	bldc motor	-0.5138	-0.2684	5	15	70	13	2019	0.3846	0.3921
53	block	-0.31	-0.1026	2	98	580	50	2019	1.22	1.2436
54	blockchain	-0.9137	-0.1121	2	42	366	41	2019	1.7073	1.7404
55	blockchain technology	-0.995	-0.0901	2	35	145	13	2019	3.3846	3.4502
56	blood pressure	-0.4342	-0.3065	2	29	135	19	2019	0.2632	0.2683
57	body	-0.1861	0.0091	5	134	527	44	2019	0.5227	0.5329
58	body interaction	-0.3491	0.0715	2	4	18	11	2019	0.2727	0.278
59	bosscha observatory	-0.3979	0.7323	7	20	242	16	2019	0.375	0.3823
60	bowtie antenna	0.1248	-0.7897	6	26	724	26	2019	0	0
61	breakdown	0.0246	-0.4382	5	60	211	14	2019	0.0714	0.0728
62	bus	-0.4739	-0.0635	6	61	301	37	2019	0.2162	0.2204
63	business	-0.9432	0.2299	3	100	696	46	2019	0.8043	0.8199
64	business process	-0.8853	0.1108	3	41	212	17	2019	0.5882	0.5996
65	camera	-0.2916	-0.3116	5	125	468	47	2019	0.3617	0.3687
66	cancer cell	-0.0733	0.0914	5	10	197	14	2019	0.8571	0.8737
67	car	-0.6947	-0.0749	5	63	368	32	2019	0.125	0.1274
68	car prototype	-0.6625	-0.0713	5	16	210	11	2019	0	0
69	carbon	0.986	0.2474	1	101	521	29	2019	3.7241	3.7963
70	carbonate reservoir	0.4391	0.2892	7	15	105	10	2019	0	0
71	catalyst	1.1586	-0.1255	1	135	1333	79	2019	2.8987	2.9549
72	category	-0.4687	0.3707	7	97	438	37	2019	0.3243	0.3306
73	cellulose	1.0526	-0.2973	1	88	417	21	2019	1.7143	1.7475
74	central java	0.2543	0.5936	4	64	185	15	2019	1.1333	1.1553
75	channel	-0.3934	-0.0071	2	127	821	83	2019	0.5783	0.5895
76	characterization	0.6208	-0.188	1	314	1784	127	2019	1.2283	1.2521
77	characterization result	0.0568	-0.7707	6	62	271	20	2019	0.45	0.4587
78	charge	-0.204	-0.427	6	97	505	47	2019	0.6383	0.6507
79	child	-1.1009	0.0923	3	30	260	11	2019	0.1818	0.1853
80	chip	-0.5848	-0.4635	2	51	175	16	2019	0.75	0.7645
81	chitosan	1.3514	-0.1501	1	65	403	26	2019	0.8462	0.8625
82	chlorophyll	0.3058	-0.3755	2	21	116	13	2019	1.4615	1.4898
83	choice	-0.6199	0.1118	3	91	298	27	2019	0.3704	0.3775
84	cholesterol	-0.2313	-0.4838	2	21	260	19	2019	0.4211	0.4292
85	cholesterol level	-0.1366	-0.4653	2	29	232	14	2019	0.5714	0.5825
86	chromium	0.7555	0.2869	1	24	124	13	2019	0.2308	0.2352
87	city	-0.5374	0.5133	4	198	1326	98	2019	2.1327	2.174
88	classification	-0.6673	-0.2272	2	160	1070	86	2019	1.3605	1.3868
89	classifier	-0.6403	-0.3844	2	77	535	41	2019	0.4146	0.4227
90	climate change	-0.2087	0.7583	4	65	200	17	2019	0.9412	0.9594
91	cnn	-0.8061	-0.3831	2	63	347	26	2019	3.3077	3.3718
92	cnt	1.3198	-0.3133	1	24	215	13	2019	0.5385	0.5489
93	co2	0.7578	0.1738	1	62	352	28	2019	1.5714	1.6019
94	co2 injection	0.2914	0.1934	5	25	106	11	2019	0.7273	0.7414
95	coal	0.2403	-0.0275	3	52	180	13	2019	0.3077	0.3137
96	coast	-0.2139	0.8648	4	87	564	33	2019	4.2727	4.3555
97	coastal area	-0.3359	0.8443	4	66	410	26	2019	2.6538	2.7052
98	coating	1.1197	-0.1972	1	102	664	45	2019	1.7111	1.7443
99	coco	0.8656	-0.2774	1	14	216	12	2019	0	0
100	collection	-0.8676	-0.1974	2	88	298	26	2019	0.3846	0.3921
101	collision	-0.126	0.0453	2	51	186	23	2019	0.5217	0.5318
102	color	-0.2528	-0.2945	2	64	201	18	2019	0.5	0.5097
103	communication	-0.5735	-0.4362	2	208	1268	128	2019	0.5156	0.5256
104	company	-0.879	0.2232	3	138	1444	83	2019	0.747	0.7615
105	comparative study	0.1157	-0.1775	5	70	203	12	2019	1.0833	1.1043
106	composition	0.4902	0.2467	9	240	1661	109	2019	1.7982	1.833
107	compost	0.7987	0.1392	1	19	137	12	2019	0	0
108	compound	0.9235	-0.058	1	173	1200	124	2019	1.5161	1.5455
109	computer	-0.763	-0.1655	2	84	263	29	2019	0.1724	0.1758
110	computer simulation	-0.5946	-0.5102	2	49	145	18	2019	0.7222	0.7362
111	concentration	0.9413	0.1293	1	294	3847	230	2019	1.8043	1.8393
112	conceptual model	-0.3896	0.5281	4	26	95	11	2019	2.9091	2.9654
113	concrete	0.5896	0.0212	7	34	273	23	2019	0.5217	0.5318
114	conductivity	1.1372	-0.2305	1	156	1102	58	2019	0.7586	0.7733
115	conductor	0.0685	-0.5853	6	49	543	30	2019	0.4333	0.4417
116	constraint	-0.814	0.0792	3	124	499	37	2019	0.8108	0.8265
117	consumer	-0.6808	0.0119	3	67	269	24	2019	0.375	0.3823
118	container	0.1702	-0.1924	1	61	185	14	2019	0.2143	0.2184
119	content	0.4771	0.0805	1	290	2242	161	2019	1.6708	1.7032
120	context	-0.9511	0.1996	3	113	497	40	2019	1.5	1.5291
121	control system	-0.4045	-0.1358	5	98	449	58	2019	0.1207	0.123
122	controller	-0.2575	-0.1811	5	122	921	109	2019	0.3028	0.3086
123	conventional method	-0.0265	-0.3023	2	49	101	10	2019	2.8	2.8542
124	conversion	0.7098	0.0504	1	129	580	36	2019	2.1667	2.2086
125	converter	-0.3953	-0.484	6	50	466	62	2019	0.1613	0.1644
126	convolutional neural network	-0.8185	-0.3454	2	65	281	24	2019	2.6667	2.7183
127	copper	0.6899	-0.1088	1	62	197	17	2019	1.6471	1.679
128	copy	-0.767	-0.0792	2	20	94	14	2019	0.3571	0.3641
129	corrosion	1.4581	0.0588	1	41	286	17	2019	0.3529	0.3598
130	corrosion resistance	1.4238	-0.2099	1	31	177	16	2019	0	0
131	cosine	-0.7849	0.4705	8	13	171	16	2019	5.4375	5.5428
132	course	-0.7041	0.0826	3	68	227	19	2019	0.6842	0.6975
133	cross	0.4698	0.1592	1	64	247	20	2019	3.55	3.6188
134	crystallinity	0.9572	-0.2736	1	95	479	26	2019	1.9615	1.9995
135	csrr	0.0061	-0.7299	6	25	278	20	2019	0.65	0.6626
136	cubesat	-0.4615	-0.3931	5	20	134	12	2019	0.3333	0.3398
137	customer	-0.8105	0.0236	3	64	359	38	2019	0.3158	0.3219
138	dama libra	-0.797	0.4861	8	12	154	12	2019	4	4.0775
139	data collection	-0.8092	0.1419	3	80	178	13	2019	0.4615	0.4705
140	database	-0.8661	-0.1389	2	171	699	60	2019	0.5833	0.5946
141	dataset	-0.5951	-0.0334	2	189	1061	93	2019	1.6129	1.6441
142	dbm	-0.4802	-0.581	2	41	111	12	2019	0.0833	0.0849
143	december	-0.228	0.8976	4	88	418	28	2019	2.9643	3.0217
144	deep learning	-0.8759	-0.3265	2	47	137	10	2019	0.4	0.4077
145	deformation	0.0579	0.4757	4	127	744	55	2019	1.2545	1.2788
146	degradation	0.5368	-0.1098	1	144	479	35	2019	0.8571	0.8737
147	density functional theory	1.0634	-0.2534	1	27	100	16	2019	1.25	1.2742
148	deposit	0.3472	0.4557	4	106	746	45	2019	2.1778	2.22
149	deposition	0.8318	0.2078	1	127	626	33	2019	2.3636	2.4094
150	des	0.7173	-0.336	1	14	196	10	2019	2.2	2.2426
151	design methodology approach	-1.0749	0.1774	3	79	333	17	2019	1.1765	1.1993
152	design process	-0.5502	-0.4586	6	42	111	10	2019	0.5	0.5097
153	determination	0.3196	0.0859	7	160	775	58	2019	1.2931	1.3181
154	developer	-1.002	-0.0251	3	49	204	21	2019	2.0476	2.0873
155	dft	1.0576	-0.2675	1	24	85	13	2019	1.2308	1.2546
156	diameter	0.7075	-0.1685	1	196	1022	72	2019	1.6944	1.7273
157	dibs	0.0821	0.1951	7	16	299	23	2019	0	0
158	dielectric substrate	-0.0134	-0.8297	6	40	380	26	2019	0.6538	0.6665
159	difficulty	-0.7976	0.0063	3	96	269	20	2019	0.75	0.7645
160	dimension	-0.3886	-0.1976	6	231	1185	90	2019	0.3444	0.3511
161	dip voltage	-0.7463	0.0926	3	11	252	12	2019	0	0
162	disaster	-0.5211	0.4419	4	129	536	32	2019	1.5312	1.5609
163	displacement	-0.1103	0.6151	4	101	475	33	2019	1.4242	1.4518
164	disturbance	-0.2077	0.0144	5	81	304	28	2019	0.1071	0.1092
165	diversity	0.0164	0.3644	4	77	307	31	2019	0.9355	0.9536
166	document	-0.9267	-0.1773	2	97	465	44	2019	0.5682	0.5792
167	dose	0.6852	-0.1087	1	52	220	32	2019	1.6875	1.7202
168	drug	0.1894	-0.1216	1	80	364	25	2019	2	2.0387
169	dry season	0.339	0.7279	9	28	230	14	2019	1.2143	1.2378
170	dssc	1.0077	-0.2829	1	43	278	15	2019	0.6667	0.6796
171	dwt	-0.661	-0.3856	2	43	127	12	2019	0.5833	0.5946
172	dye	1.0068	-0.1573	1	46	222	16	2019	1.25	1.2742
173	earthquake	-0.1713	0.821	4	110	1638	123	2019	2.252	2.2956
174	east java	-0.1515	0.3996	3	78	300	20	2019	1.15	1.1723
175	ecg	-0.4757	-0.4954	2	28	121	12	2019	1.0833	1.1043
176	economy	-0.6916	0.3116	3	84	337	26	2019	1	1.0194
177	education	-0.9443	0.0314	3	84	387	30	2019	0.4	0.4077
178	eeg	-0.6269	-0.4513	2	62	287	22	2019	0.5	0.5097
179	eeg signal	-0.5911	-0.5189	2	54	564	42	2019	0.7857	0.8009
180	elastic modulus	0.9388	0.06	7	18	266	18	2019	0.5	0.5097
181	elasticity	0.5991	-0.1356	1	65	213	13	2019	0.9231	0.941
182	electric vehicle	-0.124	-0.3027	6	108	481	46	2019	0.4783	0.4875
183	electricity	-0.4835	-0.1031	3	80	297	33	2019	0.1515	0.1544
184	electrode	0.6032	-0.389	1	162	824	50	2019	0.88	0.897
185	electrolyte	1.3169	-0.2379	1	84	533	33	2019	0.3333	0.3398
186	electron microscope	1.2141	-0.2028	1	90	321	17	2019	1.1176	1.1393
187	electron microscopy	1.2945	-0.238	1	77	286	14	2019	1.5714	1.6019
188	employee	-1.1267	0.3061	3	41	408	15	2019	1	1.0194
189	employee engagement	-1.112	0.3306	3	18	660	15	2019	2	2.0387
190	energy efficiency	0.1252	-0.2438	1	64	163	14	2019	2	2.0387
191	energy storage	0.1606	-0.1568	3	62	203	20	2019	1.5	1.5291
192	enhancement	0.4911	-0.2982	1	126	403	38	2019	0.8684	0.8852
193	enrichment	0.2417	0.3361	9	47	163	16	2019	2.75	2.8033
194	entity	-0.8751	-0.1354	2	78	185	18	2019	1.7222	1.7556
195	entrepreneur	-0.8788	0.1242	3	32	382	17	2019	0.1765	0.1799
196	entropy	-0.5617	-0.3232	2	47	320	31	2019	1.6129	1.6441
197	enzyme	0.8235	0.0796	1	44	267	26	2019	1.5	1.5291
198	eor	0.8526	0.1617	1	67	295	14	2019	1	1.0194
199	epilepsy	-0.5907	-0.5845	2	24	219	12	2019	0.75	0.7645
200	era	-0.8633	0.0486	4	46	201	16	2019	0.375	0.3823
201	eruption	0.0082	0.7617	4	72	1141	50	2019	2.04	2.0795
202	essence	-1.3896	-0.5157	2	6	97	11	2019	0	0
203	etc	-0.3786	0.1758	3	81	220	13	2019	0.7692	0.7841
204	ethyl acetate	1.23	-0.0768	1	44	178	11	2019	1.2727	1.2974
205	event	-0.2182	0.5798	4	235	1791	148	2019	1.7162	1.7495
206	expectation	-0.9345	0.123	3	38	195	14	2019	0.8571	0.8737
207	experience	-0.8269	0.0412	3	146	417	31	2019	0.3548	0.3617
208	experiment result	-0.3866	-0.2504	2	66	152	13	2019	0.3846	0.3921
209	experimental study	0.6541	-0.1402	1	49	105	11	2019	2.9091	2.9654
210	expression	0.8413	-0.1378	1	56	335	28	2019	1.4286	1.4562
211	extension	-0.7571	-0.2819	2	42	162	15	2019	0.9333	0.9514
212	extract	1.2229	-0.082	1	50	248	22	2019	0.4091	0.417
213	fabrication	1.0427	-0.1966	1	112	444	27	2019	2.2222	2.2653
214	face	-0.4696	-0.1818	5	58	168	14	2019	0.1429	0.1456
215	fatigue	-0.4554	0.017	3	25	130	14	2019	0.0714	0.0728
216	fault	-0.1356	0.5161	4	140	1154	108	2019	1.0741	1.0949
217	feature	-0.6474	-0.1915	2	301	2162	175	2019	0.7714	0.7864
218	feature extraction	-0.637	-0.4087	2	84	276	21	2019	0.4286	0.4369
219	february	-0.1186	0.8215	4	73	250	11	2019	1.0909	1.112
220	fermentation	1.1275	0.1534	1	37	313	19	2019	2.0526	2.0924
221	fiber	1.0497	-0.1667	1	120	1143	65	2019	1.6154	1.6467
222	field survey	-0.3048	0.6761	4	94	224	16	2019	4.6875	4.7783
223	film	1.0872	-0.1896	1	112	1627	105	2019	1.2095	1.2329
224	filter	-0.1273	-0.3863	6	187	815	73	2019	0.6301	0.6423
225	fit	-0.454	0.265	3	40	151	19	2019	0.3158	0.3219
226	flexibility	-0.5775	-0.1122	3	80	184	17	2019	0.1765	0.1799
227	flood	-0.421	0.5888	4	54	258	17	2019	0.1176	0.1199
228	flooding	0.3045	0.4448	4	87	416	27	2019	1.5185	1.5479
229	flow rate	0.9574	0.1257	1	66	239	19	2019	1	1.0194
230	fluid flow	0.4401	0.2377	7	49	146	13	2019	0.3846	0.3921
231	focus	-0.4082	0.1255	3	136	351	29	2019	0.3448	0.3515
232	formula	-0.2045	0.0707	2	124	655	52	2019	1.3654	1.3918
233	formulation	0.4862	-0.0026	1	124	500	34	2019	1.1471	1.1693
234	fourier	1.231	-0.1727	1	102	346	19	2019	2.4737	2.5216
235	fpga	-0.7662	-0.4609	2	41	113	12	2019	0.6667	0.6796
236	fractal dimension	0.1806	-0.0777	7	36	397	27	2019	0.4815	0.4908
237	frame	-0.5015	-0.2635	2	68	247	25	2019	0.28	0.2854
238	framework	-0.8112	0.0187	3	191	1364	127	2019	1.5276	1.5571
239	freedom	-0.0395	-0.1841	5	52	169	10	2019	0.9	0.9174
240	frequency	-0.2661	-0.3707	6	282	2139	185	2019	0.3892	0.3967
241	frequency range	-0.1411	-0.6416	6	71	280	20	2019	0.3	0.3058
242	fruit	0.6197	-0.2023	1	48	245	22	2019	1.5	1.5291
243	ftir	1.0739	-0.1272	1	146	775	44	2019	2.2955	2.3399
244	fuel	0.4089	0.2504	8	109	764	56	2019	1.3929	1.4198
245	further study	-0.1739	0.6342	4	67	144	11	2019	1.7273	1.7607
246	fuzzy logic	-0.3213	-0.3868	5	19	105	13	2019	0.4615	0.4705
247	g ml	1.3203	-0.0514	1	50	205	17	2019	1.1765	1.1993
248	gain	-0.1756	-0.5525	6	96	441	44	2019	0.5682	0.5792
249	galaxy	-0.2249	0.3425	7	48	316	32	2019	0.4375	0.446
250	game	-1.0941	0.0097	3	49	595	41	2019	0.1707	0.174
251	garlic	1.3656	-0.1229	1	23	307	16	2019	1.6875	1.7202
252	gas	0.5009	-0.1063	1	185	1005	73	2019	1.0822	1.1032
253	geopolymer	0.9095	0.1134	1	25	200	15	2019	3.2667	3.3299
254	geothermal system	0.0877	0.4225	4	32	119	18	2019	0.3889	0.3964
255	ghz	-0.1894	-0.7789	6	99	1079	82	2019	0.1585	0.1616
256	glucose	0.7211	-0.0912	1	72	162	13	2019	1.3846	1.4114
257	gnss	-0.3669	0.3343	4	51	206	22	2019	0.3636	0.3707
258	goal	-0.7447	-0.0789	3	162	588	41	2019	1.5366	1.5663
259	government	-0.7699	0.1775	3	162	673	63	2019	0.7619	0.7767
260	graph	-0.5236	-0.1048	2	95	444	69	2019	0.4348	0.4432
261	graphene	1.2499	-0.2246	1	54	234	20	2019	2.5	2.5484
262	graphene oxide	1.3902	-0.3101	1	41	315	14	2019	3	3.0581
263	gravity	-0.4051	0.2555	8	38	149	23	2019	0.0435	0.0443
264	grid	-0.5286	-0.1432	3	76	404	43	2019	0.3488	0.3556
265	groundwater	-0.2843	0.5152	4	38	139	12	2019	6	6.1162
266	haps	-0.7615	-0.4767	2	41	306	23	2019	0	0
267	hardness	1.069	-0.171	1	50	451	22	2019	0.1364	0.139
268	harmony	-0.3833	0.007	2	21	195	11	2019	0.2727	0.278
269	hate speech	-1.063	-0.2627	2	21	205	19	2019	0.4737	0.4829
270	head	-0.2323	-0.2202	2	40	231	19	2019	1.8947	1.9314
271	health condition	-0.3649	-0.2553	5	45	136	17	2019	0.0588	0.06
272	heat	0.4771	0.2128	1	104	437	31	2019	3.4839	3.5513
273	heavy metal	0.6832	0.4604	9	48	188	13	2019	1.3846	1.4114
274	height	-0.207	0.5555	4	175	932	75	2019	2.8133	2.8678
275	high temperature	0.9666	-0.17	1	94	397	26	2019	1.4615	1.4898
276	high voltage equipment	0.295	-0.5043	5	29	170	10	2019	0.6	0.6116
277	highest accuracy	-0.5608	-0.3622	2	53	132	13	2019	1.7692	1.8035
278	hour	0.5509	-0.1267	1	244	1374	86	2019	1.314	1.3394
279	household	-0.2375	0.301	3	65	206	15	2019	0.4	0.4077
280	hydrogen	0.733	-0.0288	1	63	181	14	2019	3.5714	3.6406
281	iii	0.441	0.2043	1	71	251	30	2019	1.7	1.7329
282	implication	-0.7588	0.2749	3	145	708	39	2019	0.8718	0.8887
283	important factor	0.2151	-0.0623	8	95	230	12	2019	0.8333	0.8495
284	important parameter	0.1567	-0.2421	8	77	180	11	2019	0.4545	0.4633
285	incorporation	0.5181	-0.3513	6	87	268	17	2019	1.2941	1.3192
286	indian ocean	-0.2652	1.0493	4	43	199	14	2019	2.1429	2.1844
287	indicator	-0.6577	0.1794	3	146	717	54	2019	1.0185	1.0382
288	indonesian	-0.9008	-0.2305	2	42	105	10	2019	0.1	0.1019
289	indonesian language	-1.0929	-0.2947	2	36	173	12	2019	0.25	0.2548
290	information system	-0.6592	-0.0445	3	63	184	33	2019	0.1212	0.1236
291	information technology	-0.9215	0.0881	3	40	92	10	2019	0.4	0.4077
292	initial model	-0.1684	0.1	4	27	88	12	2019	0	0
293	injection	0.8398	0.2471	1	90	710	49	2019	0.1633	0.1664
294	innovation	-1.0059	0.0761	3	71	323	34	2019	0.3235	0.3298
295	insulation	0.2567	-0.4276	5	121	1228	89	2019	0.1685	0.1718
296	intensity	0.2288	0.0035	6	201	923	68	2019	0.7353	0.7495
297	interfacial tension	1.0653	-0.002	1	59	453	18	2019	0.7222	0.7362
298	interference	-0.6208	-0.3147	2	76	271	29	2019	0.8966	0.9139
299	internet	-0.8309	-0.1701	2	122	531	45	2019	0.6	0.6116
300	intervention	-1.0789	0.2758	3	56	455	20	2019	3.3	3.3639
301	interview	-0.9285	0.1839	3	105	383	29	2019	1.2414	1.2654
302	intruder	0.0389	-0.3923	12	11	65	14	2019	0.7143	0.7281
303	inversion	-0.1139	0.3735	4	91	452	49	2019	0.4694	0.4785
304	inverter	-0.5501	-0.2635	3	28	212	15	2019	0.2	0.2039
305	iot	-0.7773	-0.2263	2	108	481	46	2019	0.5652	0.5762
306	iron	0.4507	0.1873	1	40	85	12	2019	0.5	0.5097
307	isolation	0.6177	-0.3211	1	115	495	29	2019	1.3103	1.3357
308	item	-0.8216	-0.0321	3	33	128	15	2019	0.2667	0.2718
309	iteration	-0.4909	-0.1718	2	25	71	13	2019	0.9231	0.941
310	itf	-0.2342	1.0412	4	30	193	12	2019	5.5833	5.6915
311	january	-0.2078	0.8486	4	85	374	25	2019	1.04	1.0601
312	japan	0.1274	0.4634	4	40	175	14	2019	0.8571	0.8737
313	java	0.012	0.6453	4	116	760	48	2019	2.6458	2.6971
314	july	-0.2661	0.771	4	79	394	25	2019	1.6	1.631
315	kda	1.1097	-0.0135	1	36	110	12	2019	0.5833	0.5946
316	knowledge	-0.8518	0.0981	3	171	977	72	2019	1.1667	1.1893
317	kraft paper	0.7837	-0.4491	5	23	420	19	2019	0.8421	0.8584
318	lake	0.6892	0.6927	9	47	366	20	2019	5	5.0968
319	lake towuti	0.757	0.6212	9	47	255	13	2019	5.5385	5.6457
320	land	-0.1976	0.6651	4	69	316	28	2019	0.2143	0.2184
321	land subsidence	-0.4308	0.7877	4	40	414	22	2019	1.5909	1.6217
322	landslide	-0.2559	0.8096	4	69	320	22	2019	2.5909	2.6411
323	language	-0.9962	-0.3027	2	116	531	39	2019	0.3846	0.3921
324	language model	-1.0092	-0.2273	2	21	105	13	2019	0.2308	0.2352
325	lava	-0.0514	0.7578	4	28	255	15	2019	0.4	0.4077
326	learner	-1.0232	0.0539	3	28	177	11	2019	0	0
327	learning	-0.8956	-0.0575	3	122	837	66	2019	0.3182	0.3243
328	learning process	-0.9247	-0.0166	3	49	176	16	2019	0.25	0.2548
329	lembang fault	-0.1479	0.9159	4	28	277	17	2019	2.0588	2.0987
330	lib	1.1032	-0.3433	1	45	173	11	2019	0.0909	0.0927
331	light intensity	-0.0534	-0.3368	5	43	152	11	2019	0.0909	0.0927
332	light pollution	-0.4286	0.7523	7	13	210	12	2019	0.5	0.5097
333	light source	-0.2335	-0.4976	2	36	77	10	2019	0.3	0.3058
334	lightning strike	-0.5346	0.4008	3	29	113	15	2019	0.1333	0.1359
335	limit	0.0052	-0.0483	8	135	803	52	2019	2.2692	2.3132
336	liquid	0.9271	-0.0586	1	108	506	36	2019	1.5	1.5291
337	literature review	-0.7304	0.087	3	64	223	18	2019	0.7222	0.7362
338	literature study	-0.6578	0.1755	3	65	140	11	2019	0.4545	0.4633
339	lithium ion battery	0.8959	-0.389	1	82	264	15	2019	0.5333	0.5437
340	low temperature	0.8426	-0.2123	1	78	240	13	2019	1	1.0194
341	lrt	-0.5178	0.4163	3	17	70	11	2019	0	0
342	lstm	-0.9778	-0.2948	2	54	347	25	2019	0.32	0.3262
343	machine learning	-0.3354	-0.2905	2	59	174	19	2019	0.0526	0.0537
344	magnet	0.1919	0.0142	6	21	101	11	2019	0.3636	0.3707
345	magnetic field	-0.3177	0.0778	2	46	160	21	2019	0.7143	0.7281
346	magnetic property	0.7027	0.6606	9	56	309	22	2019	2.4091	2.4558
347	magnetic susceptibility	0.5727	0.7377	9	51	414	24	2019	1.6667	1.6989
348	magnitude	-0.245	0.5109	4	137	631	54	2019	0.9074	0.925
349	majority	-0.5752	0.3321	3	86	195	12	2019	0.5833	0.5946
350	march	-0.0762	0.6933	4	59	164	14	2019	0.1429	0.1456
351	market	-0.2958	0.113	3	105	417	33	2019	0.2727	0.278
352	mass	0.1883	0.3639	7	169	948	77	2019	1.4416	1.4695
353	may	-0.0704	0.8757	4	75	251	14	2019	1.3571	1.3834
354	mcc	0.6283	-0.3219	1	33	636	24	2019	0.875	0.8919
355	mean	0.1462	-0.108	7	154	435	30	2019	1.1667	1.1893
356	measurement result	-0.1156	-0.2651	6	146	479	31	2019	0.6129	0.6248
357	mechanical property	1.309	-0.1635	1	69	458	27	2019	0.6296	0.6418
358	membrane	1.1622	-0.0389	1	106	1834	146	2019	5.8014	5.9137
359	memory	-0.907	-0.174	2	86	298	32	2019	0.4375	0.446
360	message	-0.8788	-0.2662	2	37	147	19	2019	0.3684	0.3756
361	metal	0.8142	0.0013	1	129	444	35	2019	0.9429	0.9611
362	metamodel	-1.3442	-0.4615	2	13	180	16	2019	0.375	0.3823
363	methanol	1.2106	-0.1097	1	66	265	16	2019	2.9375	2.9944
364	method chunk	-1.3141	-0.5027	2	11	270	15	2019	0	0
365	mfcc	-0.8392	-0.3969	2	40	143	11	2019	0.9091	0.9267
366	mg l	0.9501	0.2209	1	71	216	12	2019	2.9167	2.9732
367	mhz	-0.3153	-0.656	6	91	493	37	2019	0.1351	0.1378
368	mic	1.5447	0.0863	1	27	292	15	2019	0.4667	0.4757
369	microalgae	0.6419	0.016	1	36	220	17	2019	3.2941	3.3579
370	microcontroller	-0.3157	-0.2917	5	117	346	45	2019	0.4222	0.4304
371	microstructure	1.1829	-0.2222	1	53	179	12	2019	0.25	0.2548
372	microwave	0.8799	-0.3596	1	84	295	19	2019	1.3684	1.3949
373	middle	-0.4072	0.3985	4	81	214	12	2019	0.5833	0.5946
374	min	1.0419	-0.0898	1	133	587	32	2019	1.5938	1.6246
375	mineral oil	0.7887	-0.454	5	43	299	13	2019	0.3077	0.3137
376	ministry	-0.6337	0.1819	3	80	210	14	2019	0.2143	0.2184
377	mission	-0.3927	-0.1439	5	75	273	22	2019	0.2727	0.278
378	mixture	0.9249	-0.1019	10	110	635	50	2019	0.82	0.8359
379	mjo	-0.2163	0.9904	4	33	223	10	2019	0.9	0.9174
380	model parameter	0.1859	0.0284	7	28	106	13	2019	0.1538	0.1568
381	modification	0.2882	-0.4722	6	143	1108	65	2019	0.9538	0.9723
382	modulation	-0.5188	-0.5207	2	84	354	41	2019	0.9756	0.9945
383	modulus	1.0777	-0.1403	1	69	317	20	2019	0.3	0.3058
384	moisture content	0.7751	0.1882	1	75	320	21	2019	1	1.0194
385	molecular weight	0.8983	-0.0342	1	57	144	13	2019	1.4615	1.4898
386	molecule	0.9148	-0.0559	1	73	263	26	2019	1.3077	1.333
387	monoglyceride content	0.4548	-0.025	8	18	420	12	2019	3.6667	3.7377
388	morphology	1.2583	-0.1133	1	170	1201	70	2019	2.0714	2.1115
389	motion	-0.2798	0.0122	5	140	705	62	2019	0.3065	0.3124
390	motion cueing	-0.5491	-0.1872	5	17	232	12	2019	0.6667	0.6796
391	motivation	-1.03	0.1546	3	66	423	19	2019	0.3158	0.3219
392	motor	-0.3205	-0.2116	5	81	441	54	2019	0.2407	0.2454
393	motorcycle	-0.7657	0.2215	3	18	214	13	2019	1.5385	1.5683
394	mpa	0.7783	-0.1681	1	105	489	27	2019	0.7037	0.7173
395	mpc	-0.4521	-0.2336	5	25	192	12	2019	0.5	0.5097
396	nanoparticle	1.0581	-0.0197	1	112	841	61	2019	1.9836	2.022
397	naoh	1.0926	0.0391	1	71	196	10	2019	0	0
398	nata	0.8571	-0.276	1	14	234	14	2019	0	0
399	natural ester	0.7865	-0.4559	5	43	287	12	2019	0.6667	0.6796
400	natural frequency	-0.0687	0.6114	4	29	139	13	2019	0.8462	0.8625
401	nca	0.7005	-0.4106	1	20	177	11	2019	3	3.0581
402	ndn	-0.924	-0.2818	2	18	159	26	2019	0.3077	0.3137
403	necessity	-0.7766	0.0922	3	49	136	11	2019	0.8182	0.834
404	neural network	-0.8504	-0.3133	2	72	310	30	2019	0.5333	0.5437
405	ngc	0.0543	0.4428	7	16	213	14	2019	0.1429	0.1456
406	nmr	1.3171	0.0085	1	79	368	24	2019	1.1667	1.1893
407	node	-0.6857	-0.4086	2	61	316	41	2019	0.3902	0.3978
408	north	-0.2998	0.8752	4	79	297	18	2019	3.7778	3.8509
409	november	-0.255	0.9195	4	56	205	12	2019	3.5833	3.6527
410	numerical simulation	-0.0896	0.5359	4	71	238	29	2019	1.3448	1.3709
411	object detection system	-0.214	-0.3883	5	5	57	12	2019	0	0
412	october	-0.0684	0.6337	4	71	192	14	2019	1.6429	1.6747
413	oil	0.8395	-0.0513	1	220	2698	157	2019	0.7197	0.7337
414	oil recovery	1.0734	0.1924	1	70	589	29	2019	1.4828	1.5115
415	open cluster	0.0954	0.4435	7	12	174	12	2019	0.3333	0.3398
416	operator	-0.4714	0.1703	8	118	480	63	2019	0.4603	0.4692
417	opportunity	-0.6972	0.1596	3	122	507	44	2019	1.0455	1.0657
418	optical property	1.1676	-0.2408	1	55	163	14	2019	1.5	1.5291
419	optimum condition	1.1822	0.1074	1	95	355	18	2019	1.1667	1.1893
420	organization	-0.9369	0.1853	3	116	805	50	2019	0.5	0.5097
421	origin	0.6326	0.2717	9	65	246	19	2019	1.7895	1.8241
422	originality value	-1.0744	0.1784	3	79	333	17	2019	1.1765	1.1993
423	pair	-0.2571	0.1249	4	105	363	27	2019	1.6296	1.6612
424	palu bay	-0.2407	0.8662	4	38	213	12	2019	5.8333	5.9463
425	parametric study	-0.023	-0.6226	6	40	93	10	2019	1.3	1.3252
426	park	-0.7776	0.2038	3	49	473	33	2019	0.5455	0.556
427	partial discharge	0.0032	-0.5003	5	82	720	59	2019	0.1525	0.1555
428	participant	-0.8915	0.0778	3	87	557	38	2019	0.6053	0.617
429	particle	0.6573	0.0481	1	220	2217	159	2019	1.6415	1.6733
430	particle size	1.0243	-0.1113	1	78	416	22	2019	0.7727	0.7877
431	party	-0.9033	-0.0025	3	89	271	23	2019	0.1304	0.133
432	path	-0.193	-0.092	2	133	717	73	2019	0.4521	0.4608
433	patient	-0.344	-0.3284	2	123	583	62	2019	0.9839	1.0029
434	pattern recognition	-0.2579	-0.324	5	41	149	13	2019	0.0769	0.0784
435	pca	-0.4537	-0.0697	2	77	223	15	2019	1.3333	1.3592
436	pcm	0.8165	-0.0549	1	28	139	14	2019	0.2857	0.2912
437	peak	0.4687	0.2917	4	164	590	37	2019	1.3514	1.3775
438	peptide	0.9874	0.0057	1	25	140	11	2019	0.8182	0.834
439	percent	-0.6873	0.2225	3	82	290	17	2019	0.1176	0.1199
440	perception	-0.9462	0.1744	3	97	673	35	2019	0.9714	0.9902
441	performance evaluation	-0.4937	-0.4498	2	47	170	16	2019	0.5	0.5097
442	period	-0.1746	0.6079	4	263	1698	119	2019	1.0168	1.0365
443	permeability	0.5414	0.123	7	91	523	40	2019	0.825	0.841
444	perspective	-0.5199	-0.0217	3	143	552	38	2019	2.6316	2.6825
445	phenomena	0.0582	0.3735	4	151	526	45	2019	0.7333	0.7475
446	physical property	0.5748	0.1656	1	82	216	17	2019	0.2353	0.2399
447	picture	-0.5278	-0.1191	2	42	133	14	2019	0.9286	0.9466
448	pixel	0.1183	-0.0501	7	70	336	29	2019	0.2759	0.2812
449	plastic waste	0.2849	0.3034	3	12	111	16	2019	1.875	1.9113
450	platform	-0.6507	-0.1463	5	179	997	95	2019	0.7158	0.7297
451	plutonium	0.7941	0.5422	8	7	144	14	2019	0.3571	0.3641
452	polymer	1.0274	-0.0377	7	125	779	51	2019	1.9608	1.9988
453	polypropylene	1.1943	-0.0544	1	69	426	23	2019	0.8261	0.8421
454	pore	0.6242	0.1169	7	93	866	47	2019	1.0426	1.0627
455	pore structure	0.5536	0.1606	7	44	254	16	2019	0.4375	0.446
456	porosity	0.6915	0.0541	7	117	709	44	2019	1.9091	1.9461
457	porous medium	0.4991	0.1019	7	18	317	15	2019	0.7333	0.7475
458	power apparatus	0.1681	-0.736	6	47	250	12	2019	0	0
459	power transformer	-0.1435	-0.2823	5	27	112	12	2019	0.25	0.2548
460	ppm	1.0138	0.1869	1	106	623	39	2019	1.0513	1.0716
461	practical implication	-1.0614	0.2346	3	69	306	14	2019	1.0714	1.0922
462	pre	-0.3974	0.3223	4	68	204	11	2019	3.0909	3.1508
463	precipitate	0.4996	-0.0571	8	26	458	13	2019	2.4615	2.5092
464	precision	-0.5609	-0.1456	2	106	269	23	2019	1.4348	1.4626
465	precursor	1.1326	-0.005	1	57	224	16	2019	1.8125	1.8476
466	preliminary result	-0.0046	0.4843	4	99	315	30	2019	0.3333	0.3398
467	preparation	0.9886	-0.0781	1	153	629	40	2019	3.1	3.16
468	principal component analysis	-0.5285	-0.1416	2	73	219	12	2019	1.5	1.5291
469	probability	-0.1198	0.0482	7	95	392	43	2019	0.5581	0.5689
470	processor	-0.6801	-0.4695	2	63	223	32	2019	1.1562	1.1786
471	production	0.706	0.1038	1	270	1769	135	2019	2.3259	2.371
472	propagation	-0.0058	0.6232	4	93	416	40	2019	0.5	0.5097
473	property	0.7482	-0.0726	1	368	3246	251	2019	1.6295	1.661
474	proposed method	-0.5228	-0.2994	2	47	98	11	2019	2.2727	2.3167
475	protein	0.9707	0.0105	1	88	519	53	2019	2.0377	2.0772
476	prp	1.3933	-0.1478	1	13	116	16	2019	1.75	1.7839
477	pva	1.0414	0.112	1	27	122	11	2019	0.8182	0.834
478	pvp	1.3431	-0.1251	1	50	434	20	2019	2.7	2.7523
479	query	-1.0075	-0.1992	2	37	386	28	2019	0.1071	0.1092
480	question	-0.7956	0.2331	3	102	399	29	2019	0.6897	0.703
481	questionnaire	-0.9385	0.1182	3	117	589	44	2019	0.4545	0.4633
482	radio	-0.6868	-0.5081	2	57	283	28	2019	0.1429	0.1456
483	radio communication	-0.5896	-0.6278	2	24	116	14	2019	0.5714	0.5825
484	radius	-0.1175	0.3875	7	89	398	36	2019	0.3056	0.3115
485	rainfall	-0.1993	0.9571	4	68	714	45	2019	0.2222	0.2265
486	reaction	1.0764	-0.1174	1	189	1211	74	2019	2.973	3.0306
487	reactor	0.7317	0.1578	1	99	696	57	2019	1.0877	1.1088
488	real time	-0.7013	-0.2126	2	89	256	25	2019	0.2	0.2039
489	receiver	-0.4177	-0.4694	2	101	423	42	2019	0.5238	0.534
490	recommendation	-0.9332	-0.0581	3	75	398	31	2019	0.0645	0.0658
491	recommender system	-1.1271	-0.0464	3	24	351	17	2019	0	0
492	relative permittivity	0.1918	-0.5807	6	61	202	13	2019	0.1538	0.1568
493	removal	0.589	0.0941	1	110	622	47	2019	2.6809	2.7328
494	representation	-0.6385	-0.191	2	113	673	55	2019	0.3273	0.3336
495	resistance	0.7595	-0.2086	1	162	729	60	2019	0.6333	0.6456
496	resistivity	0.6481	-0.1021	1	70	336	24	2019	0.4583	0.4672
497	resonant frequency	0.065	-0.7882	6	29	189	17	2019	0.1765	0.1799
498	respect	0.0955	-0.0383	8	92	317	26	2019	0.6923	0.7057
499	respondent	-0.8605	0.228	3	93	329	23	2019	0.6957	0.7091
500	return loss	-0.2246	-0.8829	6	43	287	15	2019	0.0667	0.068
501	rgo	1.2958	-0.301	1	52	503	24	2019	2.2917	2.3361
502	ring	0.0907	-0.4856	6	80	313	31	2019	0.3548	0.3617
503	river	0.3299	0.664	9	100	1033	72	2019	3.5	3.5678
504	river discharge	-0.0731	0.8111	4	27	123	13	2019	0.8462	0.8625
505	robot	-0.3354	-0.194	5	59	482	67	2019	0.6866	0.6999
506	rock	0.3782	0.2418	7	165	1167	91	2019	0.6813	0.6945
507	room temperature	0.8505	-0.0832	1	103	311	18	2019	0.5	0.5097
508	rpm	0.6314	-0.0407	1	48	110	11	2019	0.4545	0.4633
509	rule	-0.6816	-0.1532	2	125	478	56	2019	0.6071	0.6189
510	salinity	0.8098	0.2291	1	70	541	26	2019	1.2308	1.2546
511	sample	0.5425	0.0921	7	395	4726	311	2019	1.4598	1.4881
512	sar	-0.2769	0.5945	4	46	241	12	2019	0.25	0.2548
513	satellite	-0.3246	0.2589	4	136	648	49	2019	0.5918	0.6033
514	scaffold	1.4281	-0.1705	1	39	324	23	2019	2.6087	2.6592
515	scalar field	-0.8516	0.1786	4	8	63	24	2019	0.0833	0.0849
516	scanning electron microscope	1.3063	-0.1924	1	74	237	12	2019	0.6667	0.6796
517	scanning electron microscopy	1.213	0.0358	1	77	248	12	2019	0.9167	0.9344
518	sea	-0.2177	0.8858	4	93	837	53	2019	1.9057	1.9426
519	sea level	-0.2816	0.7635	4	57	250	17	2019	4.7059	4.797
520	sea level rise	-0.3278	0.878	4	34	251	14	2019	0.7857	0.8009
521	search	-0.5188	0.0416	2	107	313	32	2019	2.4688	2.5166
522	sector	-0.2779	0.1656	3	103	321	39	2019	0.2821	0.2875
523	sediment	0.5963	0.5611	9	99	672	42	2019	2.9762	3.0338
524	seizure	-0.6278	-0.5698	2	26	359	20	2019	1.7	1.7329
525	self	-0.5	-0.0157	5	84	499	36	2019	0.6389	0.6513
526	sem	0.9052	-0.0775	1	195	1206	65	2019	1.2923	1.3173
527	semarang	-0.4357	0.7679	4	46	367	17	2019	3.3529	3.4179
528	sentence	-1.0291	-0.281	2	62	635	46	2019	0.6522	0.6648
529	sentiment analysis	-0.8591	-0.2864	2	36	246	16	2019	1.4375	1.4653
530	september	-0.1718	0.8877	4	90	559	27	2019	2.5556	2.6051
531	serious game	-1.1688	0.0533	3	34	591	21	2019	0	0
532	server	-0.7579	-0.1406	2	92	301	32	2019	0.2812	0.2867
533	service	-0.7861	0.012	3	191	1505	126	2019	0.3492	0.356
534	shape	0.3334	-0.1697	6	203	936	63	2019	1.6508	1.6828
535	side	-0.0735	-0.1904	6	126	430	33	2019	0.2727	0.278
536	silk fibroin scaffold	1.4687	-0.1775	1	18	140	12	2019	0.8333	0.8495
537	simulation method	-0.392	-0.322	6	27	115	13	2019	0	0
538	skewness	-0.2598	-0.5018	2	23	84	10	2019	0.5	0.5097
539	slag	0.78	-0.1422	10	18	161	15	2019	1.6667	1.6989
540	smart city	-1.0042	0.1858	3	37	185	17	2019	3.4118	3.4778
541	smartphone	-0.6198	-0.0868	2	62	179	21	2019	1.1429	1.165
542	smes	-0.8015	0.1521	3	37	315	27	2019	1.037	1.0571
543	smi	-0.9769	0.2238	3	28	153	10	2019	0.9	0.9174
544	smis	-0.9272	0.2089	3	30	444	14	2019	0.2143	0.2184
545	snr	-0.488	-0.2888	2	42	127	15	2019	0.3333	0.3398
546	soc	-0.4152	-0.5302	2	47	386	27	2019	0.7778	0.7928
547	social medium	-1.0067	-0.17	2	64	275	20	2019	0	0
548	soh	-0.1085	-0.4951	2	20	216	11	2019	0.5455	0.556
549	soil	0.536	0.5781	9	96	709	67	2019	1.1194	1.1411
550	solar cell	0.7305	-0.3184	1	81	398	26	2019	0.5385	0.5489
551	solvent	1.3319	-0.09	1	110	701	34	2019	2.0588	2.0987
552	sound	-0.716	-0.174	2	78	299	28	2019	1.1429	1.165
553	southern part	-0.1327	0.7146	4	36	160	13	2019	0	0
554	spacer	0.1769	-0.5354	6	11	422	19	2019	0	0
555	species	0.4252	0.3677	4	128	773	89	2019	1.6629	1.6951
556	specification	-0.3689	-0.303	6	111	405	37	2019	0.3243	0.3306
557	specimen	0.7966	-0.064	1	95	381	28	2019	0.6429	0.6553
558	spectra	0.5529	0.0061	7	182	1050	72	2019	1.2361	1.2601
559	spectroscopy	1.0077	-0.1989	1	204	1135	73	2019	1.4795	1.5081
560	speech	-0.9706	-0.3056	2	57	218	18	2019	0.6111	0.6229
561	sql query	-1.1736	-0.312	2	16	178	11	2019	0	0
562	square	-0.1878	-0.4848	6	64	196	18	2019	1.1111	1.1326
563	srr	-0.0128	-0.8873	6	17	117	12	2019	0.5833	0.5946
564	sst	-0.2283	0.9984	4	48	471	28	2019	0.7143	0.7281
565	stakeholder	-0.8525	0.1185	3	72	252	17	2019	0.9412	0.9594
566	standard deviation	-0.3011	-0.2479	2	79	230	25	2019	1.04	1.0601
567	star	0.072	0.329	7	60	472	63	2019	0.254	0.2589
568	starch	0.9901	0.1187	1	31	306	22	2019	0.4545	0.4633
569	statistical analysis	-0.2032	0.1381	3	84	188	12	2019	0.4167	0.4247
570	strain	0.5055	0.3124	1	97	522	39	2019	3.1795	3.2411
571	strength	0.3443	0.0613	7	209	995	69	2019	1	1.0194
572	stress	0.2424	0.0813	4	147	697	48	2019	1.0208	1.0406
573	student	-0.8098	-0.043	3	124	1313	104	2019	0.5192	0.5293
574	study area	-0.0358	0.5251	4	87	233	26	2019	0.4615	0.4705
575	subcarrier	-0.6501	-0.4438	2	12	134	13	2019	1	1.0194
576	subject	-0.4853	-0.3015	2	76	486	58	2019	0.3966	0.4042
577	subsidence	-0.4245	0.7272	4	47	458	25	2019	2.72	2.7727
578	substrate	0.8883	-0.3238	1	160	987	59	2019	0.9322	0.9503
579	subsystem	-0.4768	-0.2188	5	69	360	38	2019	0.1316	0.1341
580	success	-0.7014	-0.0612	3	138	350	28	2019	0.3214	0.3277
581	success rate	-0.5467	-0.0777	5	43	163	13	2019	0.0769	0.0784
582	sumatra	-0.0573	0.8978	4	100	548	34	2019	2.3529	2.3985
583	sun	0.2617	0.4151	7	27	90	14	2019	0.3571	0.3641
584	support vector machine	-0.6115	-0.4828	2	58	229	15	2019	1.4	1.4271
585	surface area	1.0994	-0.1051	1	113	642	36	2019	3.3333	3.3979
586	surface sediment	0.6495	0.7324	9	37	324	16	2019	4.25	4.3323
587	surfactant	1.0991	0.1558	1	76	959	49	2019	0.5714	0.5825
588	svm	-0.5047	-0.4384	2	70	344	23	2019	0.6957	0.7091
589	synthesis	1.1013	-0.074	1	176	1263	76	2019	2.6053	2.6557
590	system dynamics model	-0.8931	0.1819	3	22	122	10	2019	0.7	0.7136
591	system performance	-0.4569	-0.309	2	83	210	18	2019	0.7222	0.7362
592	systematic literature review	-1.1553	0.0665	3	39	243	14	2019	0	0
593	tem	1.3239	-0.2839	1	56	192	10	2019	1.3	1.3252
594	temperature	0.59	0.0888	1	350	3594	266	2019	1.2105	1.234
595	template	0.5535	-0.0976	1	68	217	21	2019	2	2.0387
596	tensile strength	1.2009	-0.2424	1	74	397	20	2019	1.05	1.0703
597	text	-1.0204	-0.3449	2	50	272	24	2019	0.3333	0.3398
598	texture	0.1769	-0.0154	10	33	175	18	2019	0.3333	0.3398
599	thermal conductivity	0.8057	-0.0916	1	43	212	16	2019	1.625	1.6565
600	thickness	0.4576	-0.2384	6	205	1134	86	2019	0.4535	0.4623
601	thing	-0.7596	-0.1133	2	189	695	61	2019	0.4098	0.4178
602	throughput	-0.6747	-0.3554	2	60	207	25	2019	0.24	0.2446
603	tio2	1.1259	-0.0355	1	76	505	31	2019	1	1.0194
604	topology	-0.7837	-0.3491	2	76	277	26	2019	1.1154	1.137
605	tortuosity	0.5014	0.1268	7	21	356	20	2019	0.65	0.6626
606	track	-0.501	0.0503	5	80	330	28	2019	0.1071	0.1092
607	training	-0.5334	-0.2179	5	86	311	27	2019	0.5185	0.5286
608	training data	-0.8264	-0.3143	2	73	244	19	2019	0.2632	0.2683
609	transformer	0.1489	-0.3629	5	96	533	44	2019	0.1591	0.1622
610	transition	0.3342	0.3161	4	99	344	23	2019	2.8261	2.8808
611	transmission line	-0.555	0.383	3	11	88	16	2019	0.75	0.7645
612	transmittance	0.9972	-0.335	1	47	239	18	2019	0.8333	0.8495
613	transmitter	-0.4482	-0.5204	2	66	217	22	2019	0.2727	0.278
614	transport	-0.1059	0.657	4	140	934	58	2019	3.6034	3.6732
615	treatment	0.7054	-0.1232	1	288	2068	159	2019	1.3899	1.4169
616	tsunami	-0.2975	0.8565	4	52	585	39	2019	8.8718	9.0436
617	tube	0.8363	-0.1561	1	72	709	39	2019	1.1538	1.1762
618	uav	-0.0453	0.0885	5	10	36	14	2019	0.8571	0.8737
619	university	-0.3858	-0.1039	5	103	422	35	2019	1.5143	1.5436
620	urban area	-0.4127	0.562	4	66	255	19	2019	3.3684	3.4337
621	urban kampung	-0.548	0.4902	3	16	101	10	2019	0.3	0.3058
622	urea	1.2358	0.0701	1	45	257	17	2019	0.8235	0.8395
623	usability	-0.9535	-0.1977	2	37	129	10	2019	0.1	0.1019
624	user	-0.7539	-0.2475	2	236	1795	160	2019	0.2938	0.2994
625	utility	-0.5538	-0.0953	3	37	103	12	2019	0.0833	0.0849
626	v v	1.3475	-0.0599	1	61	200	10	2019	0.3	0.3058
627	validity	-0.7879	0.199	3	77	291	13	2019	1.6154	1.6467
628	variability	-0.2107	0.8486	4	104	601	44	2019	2	2.0387
629	variance	-0.2191	-0.1981	2	76	221	21	2019	0.9048	0.9223
630	vector	-0.7193	-0.2203	2	64	414	32	2019	1.75	1.7839
631	video	-0.6982	-0.2425	2	79	185	20	2019	1.5	1.5291
632	view	-0.8185	0.0832	3	110	308	24	2019	0.5	0.5097
633	virus	-0.0759	0.0971	5	28	228	19	2019	3.2632	3.3264
634	viscosity	0.9095	-0.0409	1	112	596	36	2019	0.5278	0.538
635	visible light communication	-0.5408	-0.5895	2	35	136	16	2019	0.625	0.6371
636	vlc	-0.372	-0.542	2	48	167	16	2019	0.8125	0.8282
637	volcano	0.0849	0.815	4	85	883	52	2019	3.9038	3.9795
638	voltage	-0.0487	-0.3144	5	220	1386	120	2019	0.5833	0.5946
639	volume operator	-0.4071	0.1612	8	11	136	11	2019	0	0
640	vswr	-0.2341	-0.7975	6	40	302	13	2019	0	0
641	w v	1.3871	-0.0202	1	80	354	18	2019	1.5	1.5291
642	w w	1.1838	-0.0799	1	82	406	19	2019	1.0526	1.073
643	wall	0.4018	-0.1254	1	94	332	27	2019	0.4074	0.4153
644	waste	0.5147	0.1078	1	192	1404	101	2019	1.8911	1.9277
645	wastewater	0.7331	0.153	1	67	449	32	2019	2.8438	2.8988
646	water	0.5628	0.3285	1	307	2951	183	2019	1.5956	1.6265
647	water content	0.7725	-0.1466	1	86	248	14	2019	1.3571	1.3834
648	waveform	-0.2096	-0.2338	2	91	448	37	2019	0.9189	0.9367
649	weakness	-0.571	-0.2895	2	67	172	13	2019	0.4615	0.4705
650	web	-0.9064	-0.1213	3	54	166	12	2019	0	0
651	webcam	-0.7632	-0.1256	2	26	95	10	2019	0	0
652	week	0.3952	-0.1564	5	46	167	10	2019	0.4	0.4077
653	west java	-0.2352	0.667	4	160	691	45	2019	1.0222	1.042
654	width	0.2671	-0.1907	6	105	319	29	2019	1	1.0194
655	wind	-0.2335	0.9613	4	64	471	33	2019	1.2121	1.2356
656	wireless sensor network	-0.7509	-0.3959	2	42	127	12	2019	0.6667	0.6796
657	wood	0.4595	-0.1501	10	31	343	24	2019	0.25	0.2548
658	word	-0.9002	-0.2414	2	84	690	53	2019	0.566	0.577
659	worker	-0.8909	0.0308	3	61	227	26	2019	0.0769	0.0784
660	wsn	-0.7577	-0.5064	2	22	180	15	2019	0.5333	0.5437
661	x ray diffraction	1.0398	-0.2283	1	141	675	32	2019	1.1875	1.2105
662	xrd	1.0621	-0.159	1	163	932	44	2019	1.0455	1.0657
663	xylan	1.8717	-0.0377	11	7	120	10	2019	1	1.0194
664	yeast	0.8155	0.1955	1	37	268	21	2019	0.4286	0.4369
665	yield	0.9786	0.0542	1	126	719	49	2019	2.8163	2.8709
666	zeolite	1.0857	0.0109	1	72	623	43	2019	1.2558	1.2801
667	zno	1.1365	-0.1237	1	64	336	25	2019	1.32	1.3456
