id	label	x	y	cluster	weight<Links>	weight<Total link strength>	weight<Documents>	weight<Citations>	weight<Norm. citations>	score<Avg. pub. year>	score<Avg. citations>	score<Avg. norm. citations>
1	administration	0.7193	0.6109	6	0	0	1	0	0	2019	0	0
2	airlangga university	0.522	-0.1913	7	0	0	1	2	1.9212	2019	2	1.9212
3	australia	-0.6371	-0.0348	1	6	7	31	73	70.1221	2019	2.3548	2.262
4	bangladesh	-0.5963	-0.0177	4	2	6	8	5	4.8029	2019	0.625	0.6004
5	belgium	0.1494	-0.9511	8	0	0	7	39	37.4625	2019	5.5714	5.3518
6	brazil	0.1529	0.939	9	0	0	2	3	2.8817	2019	1.5	1.4409
7	brunei darussalam	0.2675	0.4315	10	0	0	1	1	0.9606	2019	1	0.9606
8	cambodia	-0.0511	-0.7146	11	0	0	1	10	9.6058	2019	10	9.6058
9	canada	-0.5897	0.7932	12	0	0	3	17	16.3298	2019	5.6667	5.4433
10	china	-0.6464	-0.0303	1	12	24	22	94	90.2942	2019	4.2727	4.1043
11	colombia	0.754	-0.0326	13	0	0	1	14	13.4481	2019	14	13.4481
12	denmark	0.3222	-0.9002	14	0	0	1	2	1.9212	2019	2	1.9212
13	dominican republic	0.4687	-0.8284	15	0	0	1	1	0.9606	2019	1	0.9606
14	egypt	-0.2492	-0.7741	16	0	0	2	15	14.4087	2019	7.5	7.2043
15	estonia	-0.1688	0.9479	17	0	0	1	0	0	2019	0	0
16	ethiopia	0.9029	-0.3335	18	0	0	1	14	13.4481	2019	14	13.4481
17	extension	0.472	0.8266	19	0	0	1	0	0	2019	0	0
18	faculty of medicine	0.2944	0.2049	20	0	0	1	1	0.9606	2019	1	0.9606
19	france	-0.622	0.0802	2	1	2	4	12	11.5269	2019	3	2.8817
20	germany	-0.3399	-0.9126	21	0	0	2	3	2.8817	2019	1.5	1.4409
21	greece	0.379	-0.63	22	0	0	2	15	14.4087	2019	7.5	7.2043
22	health	0.4499	0.6104	23	0	0	2	0	0	2019	0	0
23	hong kong	-0.6326	-0.0385	1	11	16	4	17	16.3298	2019	4.25	4.0825
24	i-shou university	-0.5897	-0.7932	24	0	0	1	0	0	2019	0	0
25	india	-0.6896	0.0068	3	3	5	31	73	70.1221	2019	2.3548	2.262
26	indonesia	-0.6345	0.028	2	21	99	1992	2077	1995.1183	2019	1.0427	1.0016
27	iran	0.5702	0.4095	25	0	0	1	10	9.6058	2019	10	9.6058
28	iraq	-0.6877	0.0027	3	4	6	10	21	20.1721	2019	2.1	2.0172
29	ireland	-0.0119	-0.947	26	0	0	1	0	0	2019	0	0
30	israel	0.895	0.3456	27	0	0	2	3	2.8817	2019	1.5	1.4409
31	italy	0.548	-0.4779	28	0	0	6	37	35.5413	2019	6.1667	5.9236
32	japan	-0.6327	-0.0273	1	12	25	78	113	108.5452	2019	1.4487	1.3916
33	kenya	-0.0407	0.7563	29	0	0	1	0	0	2019	0	0
34	kuwait	0.9341	-0.1631	30	0	0	1	10	9.6058	2019	10	9.6058
35	macau	0.173	-0.7612	31	0	0	1	2	1.9212	2019	2	1.9212
36	malaysia	-0.652	-0.0105	3	16	65	142	318	305.4635	2019	2.2394	2.1512
37	mauritius	-0.3401	0.9109	32	0	0	1	1	0.9606	2019	1	0.9606
38	morocco	-0.1663	-0.947	33	0	0	1	1	0.9606	2019	1	0.9606
39	myanmar	0.8128	-0.4955	34	0	0	5	7	6.724	2019	1.4	1.3448
40	nepal	0.3224	0.9054	35	0	0	3	14	13.4481	2019	4.6667	4.4827
41	netherlands	-0.6356	0.0818	36	1	2	16	21	20.1721	2019	1.3125	1.2608
42	new zealand	-0.6092	0.0753	2	1	1	3	9	8.6452	2019	3	2.8817
43	nigeria	0.2329	0.7383	37	0	0	1	14	13.4481	2019	14	13.4481
44	norway	0.5283	0.114	38	0	0	4	16	15.3692	2019	4	3.8423
45	pakistan	-0.649	0.0797	2	1	1	11	50	48.0288	2019	4.5455	4.3663
46	philippines	-0.6282	-0.041	1	6	6	3	7	6.724	2019	2.3333	2.2413
47	poland	0.7279	-0.3021	39	0	0	1	1	0.9606	2019	1	0.9606
48	portugal	0.8088	0.486	40	0	0	2	3	2.8817	2019	1.5	1.4409
49	russian federation	0.3	-0.079	41	0	0	1	14	13.4481	2019	14	13.4481
50	saudi arabia	-0.6077	-0.0112	4	3	3	4	6	5.7635	2019	1.5	1.4409
51	singapore	-0.6376	-0.0422	1	6	6	5	18	17.2904	2019	3.6	3.4581
52	situbondo	0.7402	0.2356	42	0	0	1	0	0	2019	0	0
53	south africa	0.0734	0.5704	43	0	0	1	14	13.4481	2019	14	13.4481
54	south korea	-0.6162	-0.0261	4	13	29	41	54	51.8712	2019	1.3171	1.2652
55	spain	-0.2484	0.7684	44	0	0	1	0	0	2019	0	0
56	surabaya-indonesia	0.9361	0.1694	45	0	0	1	1	0.9606	2019	1	0.9606
57	surabaya-indonesia. alvinhartanto@yahoo.co.id	-0.4622	0.8324	46	0	0	1	1	0.9606	2019	1	0.9606
58	sweden	0.9534	0.0053	47	0	0	6	25	24.0144	2019	4.1667	4.0024
59	switzerland	-0.4622	-0.8321	48	0	0	4	5	4.8029	2019	1.25	1.2007
60	taiwan	-0.0039	0.9565	49	0	0	26	74	71.0827	2019	2.8462	2.7339
61	tanzania	0.2813	-0.3488	50	0	0	7	15	14.4087	2019	2.1429	2.0584
62	thailand	-0.6291	-0.0235	51	6	9	23	67	64.3587	2019	2.913	2.7982
63	turkey	-0.6327	-0.0437	1	6	6	4	18	17.2904	2019	4.5	4.3226
64	united kingdom	-0.6334	0.0025	5	4	5	33	81	77.8067	2019	2.4545	2.3578
65	united states	-0.631	-0.0035	5	7	24	44	125	120.0721	2019	2.8409	2.7289
66	universitas airlangga	0.7151	-0.6244	52	0	0	2	0	0	2019	0	0
67	university	0.5998	-0.7341	53	0	0	2	2	1.9212	2019	1	0.9606
68	viet nam	-0.6794	-0.0067	3	4	7	6	18	17.2904	2019	3	2.8817
69	yemen	0.6148	0.732	54	0	0	1	1	0.9606	2019	1	0.9606
70	zimbabwe	0.1226	-0.5266	55	0	0	1	0	0	2019	0	0
