id	label	x	y	cluster	weight<Links>	weight<Total link strength>	weight<Documents>	weight<Citations>	weight<Norm. citations>	score<Avg. pub. year>	score<Avg. citations>	score<Avg. norm. citations>
1	affairs	-0.3735	0.2567	3	10	10	1	2	1.2308	2019	2	1.2308
2	afghanistan	-0.4333	-0.3147	4	12	18	2	14	8.6157	2019	7	4.3079
3	and social work	0.1797	-0.281	6	2	2	1	1	0.6154	2019	1	0.6154
4	argentina	-0.2376	-0.2681	1	10	10	1	8	4.9233	2019	8	4.9233
5	armenia	-0.2788	0.3896	2	19	38	2	29	17.8468	2019	14.5	8.9234
6	australia	-0.362	-0.0919	4	54	329	59	961	591.4074	2019	16.2881	10.0239
7	austria	-0.3825	-0.2336	8	9	10	2	2	1.2308	2019	1	0.6154
8	bangladesh	-0.3241	0.3869	2	24	85	8	54	33.232	2019	6.75	4.154
9	belgium	-0.1431	-0.2766	1	22	44	11	19	11.6928	2019	1.7273	1.063
10	botswana	-0.3897	-0.2339	8	8	8	1	1	0.6154	2019	1	0.6154
11	brazil	-0.2687	-0.32	1	27	38	5	12	7.3849	2019	2.4	1.477
12	brunei darussalam	-0.3258	0.1792	3	25	46	10	45	27.6934	2019	4.5	2.7693
13	bulgaria	-1.0468	0.0561	5	4	4	1	1	0.6154	2019	1	0.6154
14	cambodia	-0.4076	0.2665	3	26	129	14	39	24.0009	2019	2.7857	1.7144
15	cameroon	-0.1724	-0.2261	1	15	15	1	59	36.3091	2019	59	36.3091
16	canada	-0.2441	-0.1979	1	42	86	11	108	66.4641	2019	9.8182	6.0422
17	cancer institute hospital	-0.5103	0.2974	11	9	9	1	2	1.2308	2019	2	1.2308
18	chile	-0.2516	-0.3752	1	3	4	2	12	7.3849	2019	6	3.6924
19	china	-0.3189	0.2618	2	42	335	30	240	147.698	2019	8	4.9233
20	colombia	-0.0428	-0.0888	1	6	6	1	1	0.6154	2019	1	0.6154
21	croatia	-0.1705	-0.3106	1	13	14	2	1	0.6154	2019	0.5	0.3077
22	czech republic	-0.145	-0.2278	1	25	32	3	64	39.3861	2019	21.3333	13.1287
23	denmark	-0.1473	-0.2025	1	23	28	2	1	0.6154	2019	0.5	0.3077
24	ecuador	-0.1734	-0.2256	1	15	15	1	59	36.3091	2019	59	36.3091
25	egypt	-0.2704	0.3665	2	22	65	6	55	33.8475	2019	9.1667	5.6412
26	estonia	-0.123	-0.2154	1	19	28	3	31	19.0777	2019	10.3333	6.3592
27	ethiopia	-0.4328	-0.3137	4	12	18	2	14	8.6157	2019	7	4.3079
28	fiji	-0.5566	-0.3381	4	6	12	2	11	6.7695	2019	5.5	3.3847
29	finland	-0.1063	0.02	15	14	18	4	36	22.1547	2019	9	5.5387
30	france	-0.203	-0.2558	1	54	137	24	812	499.7116	2019	33.8333	20.8213
31	germany	-0.14	-0.1637	1	43	116	21	832	512.0197	2019	39.619	24.3819
32	greece	-1.0468	0.056	5	4	4	1	1	0.6154	2019	1	0.6154
33	haiti	-0.5572	-0.3378	4	6	12	2	11	6.7695	2019	5.5	3.3847
34	hong kong	-0.3012	0.2917	2	36	274	23	184	113.2351	2019	8	4.9233
35	hospital	5.0987	7.6354	12	0	0	1	1	0.6154	2019	1	0.6154
36	ibm	0.7288	0.0133	6	1	1	1	1	0.6154	2019	1	0.6154
37	india	-0.5619	0.0321	5	49	339	37	892	548.9442	2019	24.1081	14.8363
38	indonesia	-0.1105	-0.0245	6	89	953	1994	3242	1995.1538	2019	1.6259	1.0006
39	institute	0.7144	0.1268	6	1	1	1	0	0	2019	0	0
40	iraq	0.0283	0.6338	7	2	2	1	0	0	2019	0	0
41	irvine	-0.1267	-0.2332	1	14	14	1	1	0.6154	2019	1	0.6154
42	israel	-0.1681	-0.3117	1	14	16	2	3	1.8462	2019	1.5	0.9231
43	italy	-0.1156	-0.1687	1	32	58	9	739	454.7867	2019	82.1111	50.5319
44	jakarta	8.2982	-3.8404	13	0	0	1	1	0.6154	2019	1	0.6154
45	japan	-0.2846	0.2163	2	45	383	84	446	274.4721	2019	5.3095	3.2675
46	kazakhstan	-0.382	0.3927	3	10	10	1	1	0.6154	2019	1	0.6154
47	kingdom	-0.2831	-0.4029	9	6	6	1	7	4.3079	2019	7	4.3079
48	laos	-0.3398	0.2077	3	21	25	2	11	6.7695	2019	5.5	3.3847
49	lebanon	-0.1536	-0.0845	1	16	16	1	672	413.5544	2019	672	413.5544
50	luxembourg	-0.5311	-0.0383	5	4	4	1	4	2.4616	2019	4	2.4616
51	macau	-0.3429	0.2242	3	24	32	2	30	18.4622	2019	15	9.2311
52	malaysia	-0.1785	0.3019	7	45	354	54	252	155.0829	2019	4.6667	2.8719
53	mexico	-0.137	-0.1677	1	25	33	3	679	417.8622	2019	226.3333	139.2874
54	mongolia	-0.3609	0.2821	3	27	39	3	8	4.9233	2019	2.6667	1.6411
55	myanmar	-0.3346	0.3066	3	31	84	6	39	24.0009	2019	6.5	4.0002
56	nepal	-0.2822	0.4034	2	20	72	5	65	40.0015	2019	13	8.0003
57	netherlands	-0.2138	-0.2245	1	49	189	43	824	507.0965	2019	19.1628	11.7929
58	new zealand	-0.1841	0.0028	10	44	156	14	842	518.1738	2019	60.1429	37.0124
59	north macedonia	-0.73	-0.1002	5	3	3	1	4	2.4616	2019	4	2.4616
60	norway	-0.238	0.0636	3	32	38	4	683	420.3239	2019	170.75	105.081
61	pakistan	-0.1262	0.1588	7	42	146	13	764	470.172	2019	58.7692	36.1671
62	papua new guinea	-0.5071	-0.3298	4	15	24	3	12	7.3849	2019	4	2.4616
63	philippines	-0.3105	0.1955	2	40	318	27	208	128.0049	2019	7.7037	4.7409
64	poland	-0.1515	-0.2727	1	23	29	3	6	3.6924	2019	2	1.2308
65	portugal	-0.0319	-0.1881	10	8	9	2	6	3.6924	2019	3	1.8462
66	qatar	0.0656	0.3718	7	4	4	1	2	1.2308	2019	2	1.2308
67	romania	-0.125	-0.2329	1	14	14	1	1	0.6154	2019	1	0.6154
68	russian federation	-0.3366	0.2258	3	19	19	1	5	3.077	2019	5	3.077
69	saudi arabia	0.0657	0.3681	7	6	8	3	9	5.5387	2019	3	1.8462
70	singapore	-0.3239	0.1069	9	42	325	32	259	159.3908	2019	8.0938	4.981
71	slovakia	-0.0361	-0.1914	10	6	6	1	1	0.6154	2019	1	0.6154
72	south africa	-0.2339	-0.276	1	14	36	12	43	26.4626	2019	3.5833	2.2052
73	south korea	-0.2545	0.2275	2	45	331	48	302	185.8533	2019	6.2917	3.8719
74	spain	-0.1712	-0.2747	1	24	29	3	68	41.8478	2019	22.6667	13.9493
75	sri lanka	-0.3071	0.3464	2	25	76	8	66	40.6169	2019	8.25	5.0771
76	sudan	-0.4296	-0.3187	4	12	12	1	1	0.6154	2019	1	0.6154
77	sweden	-0.1363	-0.0773	1	24	41	4	727	447.4018	2019	181.75	111.8505
78	switzerland	-0.1754	-0.0971	1	46	94	10	755	464.6333	2019	75.5	46.4633
79	syrian arab republic	0.1715	-0.302	6	2	2	1	10	6.1541	2019	10	6.1541
80	taiwan	-0.2893	0.1823	2	44	323	32	307	188.9304	2019	9.5938	5.9041
81	tanzania	-0.0435	-0.0884	1	6	6	1	1	0.6154	2019	1	0.6154
82	thailand	-0.3434	0.0403	8	55	397	47	236	145.2364	2019	5.0213	3.0901
83	turkey	-0.206	0.0839	2	34	99	7	63	38.7707	2019	9	5.5387
84	uganda	-0.2017	-0.1327	1	14	14	1	0	0	2019	0	0
85	ukraine	-1.0336	0.0529	5	6	12	4	10	6.1541	2019	2.5	1.5385
86	united arab emirates	-0.1718	-0.3087	1	13	13	1	1	0.6154	2019	1	0.6154
87	united kingdom	-0.1019	-0.1753	1	60	227	61	980	603.1002	2019	16.0656	9.8869
88	united states	-0.3541	-0.1557	1	71	305	55	1009	620.947	2019	18.3455	11.2899
89	universitas indonesia	9.0966	-0.8306	14	0	0	1	1	0.6154	2019	1	0.6154
90	uruguay	-0.2018	-0.2447	1	20	25	2	67	41.2324	2019	33.5	20.6162
91	viet nam	-0.4622	0.0489	3	43	235	29	108	66.4641	2019	3.7241	2.2919
92	zealand	-0.2829	-0.4031	9	6	6	1	7	4.3079	2019	7	4.3079
93	zimbabwe	-0.1521	-0.0849	1	16	16	1	672	413.5544	2019	672	413.5544
