22	3782	1
22	4224	1
36	117	1
36	385	1
36	642	1
36	992	1
36	1881	1
36	2221	1
36	2317	1
36	2936	1
36	3052	1
36	3198	1
36	3728	1
36	4063	1
36	4486	1
36	4558	1
36	4687	1
36	4809	1
36	5039	1
54	464	2
54	1598	1
54	2439	2
54	3441	2
65	316	1
65	1053	2
65	2355	1
65	2814	2
65	3927	3
65	4387	1
66	88	5
66	593	8
66	1013	2
66	1371	7
66	2016	2
66	2707	3
66	2855	1
66	2859	5
66	2870	1
66	3472	2
66	3511	1
66	3571	3
66	4347	1
66	4849	2
66	4971	3
72	375	1
72	1036	1
72	1679	1
72	2295	1
72	4070	1
72	5079	1
83	1067	2
83	2452	2
83	3100	2
83	4179	2
83	4893	3
88	593	6
88	1013	1
88	1371	4
88	1884	1
88	2016	2
88	2707	1
88	2855	1
88	2859	4
88	2870	1
88	3511	1
88	3571	1
88	4849	2
88	4971	1
90	579	2
90	1279	1
90	1337	1
90	1410	1
90	2774	2
90	3929	1
90	4221	1
90	4676	3
90	4710	1
90	4992	1
90	5216	1
91	423	1
91	479	2
91	596	3
91	1000	3
91	1305	1
91	1424	1
91	1560	1
91	2174	3
91	2177	1
91	3030	2
91	3207	2
91	4206	1
91	4221	1
91	4328	1
91	4338	1
91	5052	1
91	5104	4
91	5110	1
114	320	1
114	719	1
114	1081	1
114	1106	1
114	1449	1
114	1636	2
114	1868	1
114	1979	1
114	2096	1
114	2420	1
114	2596	1
114	2938	1
114	3052	1
114	3418	1
114	3639	1
114	3771	1
114	3960	1
114	4202	1
114	4365	1
114	4527	1
114	4705	1
114	4826	1
117	385	1
117	642	1
117	992	1
117	1881	1
117	2221	1
117	2317	1
117	2936	1
117	3052	1
117	3198	1
117	3728	1
117	4063	1
117	4486	1
117	4558	1
117	4687	1
117	4809	1
117	5039	1
126	3272	1
126	4689	2
136	526	2
136	579	1
136	1337	1
136	2269	1
136	4992	1
139	1600	3
139	1836	3
146	189	3
146	3686	3
146	3719	3
146	3865	3
158	2387	1
158	2589	1
158	2641	3
158	4277	4
160	289	1
160	312	1
160	957	1
160	959	1
160	1029	1
160	1364	1
160	2848	1
160	3169	1
160	4001	1
160	4317	1
160	4534	1
160	4648	1
160	4965	1
164	247	1
164	921	1
164	1544	1
164	1652	1
164	1886	1
164	2272	1
164	2665	1
164	3340	1
164	3476	1
164	3477	1
164	3715	1
166	233	1
166	297	1
166	1296	1
166	1568	1
166	1588	1
166	1610	1
166	2423	1
166	2530	1
166	3461	1
166	3469	1
166	3913	1
166	4709	1
166	4761	1
166	4788	1
171	475	1
171	1103	1
171	1125	1
171	1129	1
171	2308	1
171	2553	1
171	3206	1
171	3842	1
171	3948	1
171	4486	1
171	4909	1
171	4924	1
171	4930	1
184	940	2
184	966	1
184	1532	2
184	1758	3
184	3613	3
184	5061	1
187	264	4
187	888	4
187	2199	4
189	3686	3
189	3719	3
189	3865	3
193	572	1
193	1108	2
193	2776	2
194	233	1
194	297	1
194	474	1
194	1160	1
194	1296	1
194	1568	1
194	1588	1
194	1604	1
194	1610	1
194	1972	1
194	2423	1
194	2530	1
194	2659	1
194	3461	1
194	3469	1
194	3602	1
194	3913	1
194	4709	1
194	4761	1
194	4788	1
211	1232	2
211	2457	1
211	2748	2
211	2882	1
211	2956	1
211	3007	1
211	4075	1
220	4876	4
233	297	2
233	474	1
233	1160	1
233	1296	2
233	1568	2
233	1588	2
233	1604	1
233	1610	2
233	1972	1
233	2423	2
233	2530	2
233	2659	1
233	3461	2
233	3469	2
233	3602	1
233	3913	2
233	4709	2
233	4761	2
233	4788	2
237	914	4
240	697	1
240	780	1
240	1144	1
240	1292	1
240	1755	1
240	1860	1
240	1887	1
240	2140	1
240	2211	1
240	3040	1
240	5044	1
240	5128	1
240	5250	1
247	921	1
247	1544	1
247	1652	1
247	1886	1
247	2272	1
247	2665	1
247	3340	1
247	3476	1
247	3477	1
247	3715	1
249	817	1
249	945	1
249	1099	1
249	1118	1
249	1175	1
249	1332	1
249	1603	1
249	2270	1
249	2431	1
249	2587	1
249	2961	1
249	3564	1
249	3839	1
249	4183	1
249	4198	1
249	4421	1
249	4722	1
255	288	2
255	849	1
255	1868	2
255	1895	2
255	3052	2
255	3198	2
255	4028	1
255	4202	1
255	5095	1
255	5157	1
264	888	4
264	2199	4
278	2667	1
278	2784	1
278	2938	1
278	2991	1
278	3058	1
278	3371	1
278	4519	1
278	4566	1
278	4567	1
278	4619	1
278	4640	1
278	4750	1
278	4821	1
278	4822	1
278	4863	1
278	4907	1
278	5243	1
288	320	2
288	475	1
288	585	1
288	619	1
288	779	1
288	826	1
288	849	4
288	1130	1
288	1153	1
288	1379	2
288	1868	6
288	1895	2
288	2096	2
288	2174	1
288	2281	1
288	2337	1
288	2780	1
288	2994	1
288	3006	1
288	3052	6
288	3188	1
288	3198	5
288	3943	1
288	4028	4
288	4075	1
288	4202	4
288	4573	1
288	4609	1
288	4661	1
288	4724	1
288	4823	1
288	5095	1
288	5157	1
288	5159	1
289	312	1
289	957	1
289	959	1
289	1029	1
289	1364	1
289	2848	1
289	3169	1
289	4001	1
289	4317	1
289	4534	1
289	4648	1
289	4965	1
297	474	1
297	1160	1
297	1296	2
297	1568	2
297	1588	2
297	1604	1
297	1610	2
297	1972	1
297	2423	2
297	2530	2
297	2659	1
297	3461	2
297	3469	2
297	3602	1
297	3913	2
297	4709	2
297	4761	2
297	4788	2
298	375	2
298	406	1
298	434	2
298	662	2
298	864	1
298	1364	1
298	1827	1
298	3568	1
298	4525	1
298	4827	1
298	4947	1
298	5111	2
302	1207	1
302	3736	2
302	4053	1
302	4371	2
306	644	1
306	1111	1
306	1116	1
306	1578	1
306	1641	1
306	1914	1
306	1945	1
306	2253	1
306	2489	1
306	2589	1
306	2751	1
306	3337	1
306	3697	1
306	3700	1
306	4511	1
306	4595	1
306	4598	1
306	4859	1
306	5127	1
306	5129	1
306	5130	1
306	5132	1
310	1605	1
310	2712	1
310	2734	1
312	957	1
312	959	1
312	1029	1
312	1364	1
312	2541	1
312	2848	1
312	3169	1
312	4001	1
312	4317	1
312	4534	1
312	4648	1
312	4965	1
316	662	1
316	1095	1
316	1915	2
316	2355	2
316	2814	5
316	2817	1
316	2841	1
316	4080	2
316	4387	3
316	4779	1
316	4876	1
316	5048	2
318	574	2
318	662	1
318	3019	1
318	3622	4
318	3734	1
318	3778	5
318	3950	2
318	4847	1
318	5212	1
320	719	1
320	826	1
320	849	2
320	1081	1
320	1379	2
320	1449	1
320	1636	1
320	1868	2
320	1979	1
320	2096	2
320	2994	1
320	3052	2
320	3198	2
320	3418	1
320	3639	1
320	3771	1
320	3943	1
320	3960	1
320	4028	2
320	4202	2
320	4365	1
320	4527	1
320	4573	1
320	4705	1
320	4826	1
336	2808	1
336	3079	1
338	429	1
338	607	2
338	3062	2
338	4570	1
338	4717	2
345	1231	1
345	1344	1
345	2633	2
345	4600	2
345	4871	2
345	4963	2
345	5028	2
351	1842	4
351	2639	1
351	3069	1
353	1200	2
353	1310	3
353	2365	2
353	4177	2
353	5001	2
356	604	2
356	975	1
356	1482	1
356	2090	3
356	2475	1
356	3125	2
356	3134	5
356	3258	1
356	3878	1
356	4275	2
359	1140	2
359	1203	2
359	1284	2
359	3066	2
359	3341	2
359	5080	2
369	558	1
369	579	3
369	859	1
369	934	1
369	1040	1
369	1366	1
369	1567	3
369	1845	1
369	2250	1
369	2283	1
369	3004	1
369	3123	1
369	4449	1
369	4716	1
369	4745	1
369	4914	4
369	5203	1
372	533	1
372	832	1
372	1422	1
372	1623	1
372	1825	1
372	1929	1
372	2561	1
372	3173	1
372	3193	1
372	4122	1
372	4194	1
372	4872	1
372	4886	1
375	406	1
375	864	1
375	869	4
375	1364	1
375	1827	1
375	2130	4
375	2740	4
375	3568	1
375	4070	1
375	4525	1
375	4827	1
375	4947	2
375	5079	1
381	510	1
381	583	1
381	1197	1
381	2097	1
381	2295	1
381	2342	1
381	2388	1
381	2480	1
381	2705	1
381	4035	1
381	4841	1
381	5093	1
385	642	1
385	992	1
385	1881	1
385	2221	1
385	2317	1
385	2936	1
385	3052	1
385	3198	1
385	3728	1
385	4063	1
385	4486	1
385	4558	1
385	4687	1
385	4809	1
385	5039	1
390	869	1
390	1850	1
390	2039	1
390	2597	1
390	3613	1
390	4486	1
390	4886	1
390	4965	1
399	456	1
399	472	1
399	1279	1
399	2774	1
399	5216	1
400	946	2
400	2131	1
400	2291	2
400	4895	2
400	4898	1
400	4976	2
406	1364	1
406	1827	1
406	4525	1
406	4827	1
410	507	3
410	604	1
410	2534	3
410	3009	3
410	3033	4
410	3125	4
410	4783	1
410	4840	1
410	4939	1
416	459	1
416	525	1
416	534	1
416	691	1
416	1268	1
416	1917	1
416	2142	1
416	2748	1
416	2929	1
416	3786	1
416	3844	1
416	4075	1
416	4856	1
423	479	1
423	596	1
423	1000	1
423	1305	1
423	1424	1
423	1560	1
423	2177	1
423	3030	1
423	4221	1
423	4338	1
423	5110	1
426	472	5
426	579	4
426	1567	4
426	1933	3
426	2871	1
426	4676	1
426	4746	2
426	4921	5
429	607	1
429	2938	1
429	3062	1
429	4075	1
429	4717	1
434	662	2
434	864	1
434	5111	1
436	674	1
436	1741	1
436	1754	1
436	1806	1
436	2014	1
436	2696	1
436	2964	1
436	3236	1
436	3283	1
436	3410	1
436	3732	1
436	3825	1
436	4061	1
436	4179	1
436	4291	1
436	4292	1
436	4852	1
436	4878	1
436	4909	1
442	604	1
442	4818	1
456	940	1
456	1279	5
456	3030	1
456	4221	1
456	4676	1
456	4710	1
456	5216	4
459	525	2
459	534	1
459	691	1
459	1268	2
459	1917	1
459	2142	1
459	2748	1
459	2929	1
459	3786	1
459	3844	2
459	4075	2
459	4570	1
459	4856	2
464	1598	4
464	2439	5
464	3441	2
464	3978	3
472	579	4
472	1337	1
472	1567	4
472	1933	3
472	2774	2
472	2871	1
472	4676	1
472	4746	2
472	4916	1
472	4921	6
472	5216	1
474	1160	1
474	1296	1
474	1568	1
474	1588	1
474	1604	1
474	1610	1
474	1972	1
474	2423	1
474	2530	1
474	2659	1
474	3461	1
474	3469	1
474	3602	1
474	3913	1
474	4709	1
474	4761	1
474	4788	1
475	585	1
475	619	1
475	779	1
475	849	1
475	1103	1
475	1125	1
475	1129	1
475	1130	1
475	1868	1
475	2308	1
475	2337	1
475	2553	1
475	2780	1
475	3006	1
475	3052	1
475	3188	1
475	3198	1
475	3206	1
475	3842	1
475	3948	1
475	4028	1
475	4075	1
475	4202	1
475	4486	1
475	4823	1
475	4909	1
475	4924	1
475	4930	1
475	5159	1
479	596	2
479	1000	1
479	1305	1
479	1424	1
479	1560	1
479	2174	1
479	2177	1
479	3030	1
479	4221	1
479	4338	1
479	5104	1
479	5110	1
495	511	1
495	746	1
495	755	1
495	1421	1
495	1764	1
495	2084	1
495	2159	1
495	2470	1
495	3043	1
495	3854	1
495	4597	1
502	1487	2
502	2071	1
507	2534	2
507	3009	2
507	3033	1
507	3125	2
507	4783	1
510	583	1
510	1197	1
510	2097	1
510	2295	1
510	2342	1
510	2388	1
510	2480	1
510	2705	1
510	4035	1
510	4841	1
510	5093	1
511	746	1
511	755	1
511	1421	1
511	1764	1
511	2084	1
511	2159	1
511	2470	1
511	3043	1
511	3854	1
511	4597	1
514	688	1
514	757	1
514	1137	1
514	1404	1
514	1866	1
514	1905	1
514	2188	1
514	2301	1
514	2440	1
514	2477	1
514	2898	1
514	3053	1
514	3638	1
514	3647	1
514	4556	1
514	4572	1
514	4651	1
514	4976	1
517	1213	1
517	1966	1
517	2663	1
517	2710	1
517	3020	1
517	3361	1
517	3782	1
517	3916	1
517	4562	1
517	4771	1
517	5075	1
525	534	1
525	691	1
525	1268	2
525	1917	1
525	2142	1
525	2748	1
525	2929	1
525	3786	1
525	3844	2
525	4075	2
525	4570	1
525	4856	2
526	579	1
526	1337	1
526	3313	1
526	4916	2
526	4921	1
526	4992	2
528	1836	2
528	3116	2
528	3272	1
528	3417	3
530	3384	2
533	832	1
533	1422	1
533	1623	1
533	1825	1
533	1929	1
533	2561	1
533	3173	1
533	3193	1
533	4122	1
533	4194	1
533	4872	1
533	4886	1
534	691	1
534	1268	1
534	1917	1
534	2142	1
534	2748	1
534	2929	1
534	3786	1
534	3844	1
534	4075	1
534	4856	1
546	611	1
546	884	1
546	908	1
546	1090	1
546	1398	1
546	1423	1
546	1766	1
546	1890	1
546	1973	1
546	2210	1
546	2897	1
546	3039	1
546	3510	1
546	3980	1
546	5035	1
546	5123	1
558	859	1
558	934	1
558	1040	1
558	1845	1
558	2250	1
558	2283	1
558	3004	1
558	3123	1
558	4449	1
558	4716	1
558	4745	1
558	5203	1
560	604	1
560	823	1
560	1619	1
560	1791	1
560	2800	2
560	4975	1
569	1791	1
572	1152	3
572	1341	1
572	1932	1
572	2776	1
572	3030	3
572	5113	3
574	3622	2
574	3778	1
574	3950	1
576	604	1
576	1219	2
576	1484	1
576	1733	4
576	3142	1
579	1319	2
579	1337	2
579	1567	7
579	1933	3
579	2269	3
579	2871	1
579	4676	1
579	4746	2
579	4914	3
579	4916	1
579	4921	4
579	4992	1
583	1197	1
583	2097	1
583	2295	1
583	2342	1
583	2388	1
583	2480	1
583	2705	1
583	4035	1
583	4841	1
583	5093	1
585	619	1
585	779	1
585	849	1
585	1130	1
585	1868	1
585	2337	1
585	2780	1
585	3006	1
585	3052	1
585	3188	1
585	3198	1
585	4028	1
585	4075	1
585	4202	1
585	4823	1
585	5159	1
590	622	1
590	625	1
590	1092	1
590	1164	1
590	2133	1
590	2190	1
590	2904	1
590	3880	1
590	4517	1
590	4574	1
590	4753	1
590	4756	1
590	5148	1
593	1013	4
593	1371	6
593	1884	1
593	2016	2
593	2200	1
593	2335	2
593	2707	3
593	2855	1
593	2859	5
593	2870	1
593	3472	2
593	3511	1
593	3571	4
593	3625	2
593	3829	1
593	4347	1
593	4849	2
593	4971	3
594	1433	5
594	3161	4
594	4779	5
594	5065	1
595	1324	3
595	2004	3
595	2666	3
595	3417	2
595	3762	3
596	1000	1
596	1305	1
596	1424	1
596	1560	1
596	2174	1
596	2177	1
596	3030	1
596	4221	1
596	4338	1
596	5104	1
596	5110	1
597	1293	1
597	1373	1
597	1771	1
597	1809	1
597	2346	1
597	2951	1
597	3097	1
597	3421	2
597	3959	1
597	4237	1
597	4704	2
597	5081	1
604	1484	1
604	3009	1
604	3033	2
604	3125	3
604	3258	2
607	3062	2
607	4570	1
607	4717	2
611	884	1
611	908	1
611	1090	1
611	1398	1
611	1423	1
611	1766	1
611	1890	1
611	1973	1
611	2210	1
611	2897	1
611	3039	1
611	3510	1
611	3980	1
611	5035	1
611	5123	1
619	779	1
619	849	1
619	1130	1
619	1868	1
619	2337	1
619	2780	1
619	3006	1
619	3052	1
619	3188	1
619	3198	1
619	4028	1
619	4075	1
619	4202	1
619	4823	1
619	5159	1
622	625	1
622	1092	1
622	1164	1
622	2133	1
622	2190	1
622	2904	1
622	3880	1
622	4517	1
622	4574	1
622	4753	1
622	4756	1
622	5148	1
623	748	1
623	852	1
623	1153	1
623	2122	1
623	2174	1
623	2290	1
623	2294	1
623	3037	1
623	3467	1
623	3739	1
623	4609	1
625	1092	1
625	1164	1
625	2133	1
625	2190	1
625	2904	1
625	3880	1
625	4517	1
625	4574	1
625	4753	1
625	4756	1
625	5148	1
641	665	2
641	1541	1
641	2933	2
641	4865	2
641	5097	1
641	5099	1
642	992	1
642	1881	1
642	2221	1
642	2317	1
642	2936	1
642	3052	1
642	3198	1
642	3728	1
642	4063	1
642	4486	1
642	4558	1
642	4687	1
642	4809	1
642	5039	1
644	1111	1
644	1116	2
644	1474	1
644	1578	1
644	1641	2
644	1914	2
644	1945	2
644	2253	1
644	2489	1
644	2589	2
644	2751	2
644	3337	2
644	3652	1
644	3697	1
644	3700	2
644	3840	1
644	3983	1
644	4089	1
644	4300	1
644	4511	1
644	4593	1
644	4595	2
644	4598	2
644	4859	1
644	5125	1
644	5127	2
644	5129	1
644	5130	1
644	5132	2
658	1108	3
658	2365	2
658	3613	4
658	4260	3
662	864	1
662	1562	1
662	1998	1
662	2814	1
662	3019	1
662	3734	1
662	4847	1
662	5111	1
665	1534	3
665	1541	3
665	2098	2
665	2203	2
665	2933	6
665	4203	2
665	4865	4
665	5097	2
665	5099	2
674	1120	1
674	1719	1
674	1741	2
674	1754	1
674	1806	2
674	2014	1
674	2333	1
674	2696	1
674	2964	2
674	3236	1
674	3283	1
674	3410	2
674	3732	2
674	3825	2
674	3903	1
674	4061	1
674	4112	1
674	4113	1
674	4179	1
674	4181	1
674	4291	1
674	4292	1
674	4339	1
674	4611	1
674	4638	1
674	4852	2
674	4878	2
674	4909	2
683	869	1
683	910	1
688	757	1
688	1137	1
688	1404	1
688	1866	1
688	1905	1
688	2188	1
688	2301	1
688	2440	1
688	2477	1
688	2898	1
688	3053	1
688	3638	1
688	3647	1
688	4556	1
688	4572	1
688	4651	1
688	4976	1
691	1268	1
691	1917	1
691	2142	1
691	2748	1
691	2929	1
691	3786	1
691	3844	1
691	4075	1
691	4856	1
697	780	1
697	1144	1
697	1292	1
697	1755	1
697	1860	1
697	1887	1
697	2140	1
697	2211	1
697	3040	1
697	5044	1
697	5128	1
697	5250	1
711	888	2
711	3624	2
718	745	1
718	1156	1
718	1931	1
718	2343	1
718	3002	1
718	3871	1
718	4498	1
718	4624	1
718	4759	1
718	4845	1
718	5196	1
719	1081	1
719	1449	1
719	1636	1
719	1979	1
719	3418	1
719	3639	1
719	3771	1
719	3960	1
719	4365	1
719	4527	1
719	4705	1
719	4826	1
721	994	1
735	1348	3
735	4802	3
742	1348	1
742	3254	3
743	1334	1
743	1857	3
743	2829	1
743	4582	2
743	4840	1
745	1156	1
745	1931	1
745	2343	1
745	3002	1
745	3871	1
745	4498	1
745	4624	1
745	4759	1
745	4845	1
745	5196	1
746	755	1
746	1421	1
746	1764	1
746	2084	1
746	2159	1
746	2470	1
746	3043	1
746	3854	1
746	4597	1
748	852	1
748	1153	1
748	2122	1
748	2174	1
748	2290	1
748	2294	1
748	3037	1
748	3467	1
748	3739	1
748	4609	1
755	1421	1
755	1764	1
755	2084	1
755	2159	1
755	2470	1
755	3043	1
755	3854	1
755	4597	1
757	1137	1
757	1404	1
757	1866	1
757	1905	1
757	2188	1
757	2301	1
757	2440	1
757	2477	1
757	2898	1
757	3053	1
757	3638	1
757	3647	1
757	4556	1
757	4572	1
757	4651	1
757	4976	1
779	849	1
779	1130	1
779	1868	1
779	2337	1
779	2780	1
779	3006	1
779	3052	1
779	3188	1
779	3198	1
779	4028	1
779	4075	1
779	4202	1
779	4823	1
779	5159	1
780	1144	1
780	1292	1
780	1755	1
780	1860	1
780	1887	1
780	2140	1
780	2211	1
780	3040	1
780	5044	1
780	5128	1
780	5250	1
785	1508	2
785	3762	3
785	4723	3
785	4734	1
817	945	1
817	1099	1
817	1118	1
817	1175	1
817	1332	1
817	1603	1
817	2270	1
817	2431	1
817	2587	1
817	2961	1
817	3564	1
817	3839	1
817	4183	1
817	4198	1
817	4421	1
817	4722	1
819	1836	2
819	3417	1
819	3762	3
822	3361	1
823	1619	2
823	1791	2
823	4975	3
826	849	1
826	1379	1
826	1868	1
826	2096	1
826	2994	1
826	3052	1
826	3198	1
826	4028	1
826	4202	1
832	1422	1
832	1623	1
832	1825	1
832	1929	1
832	2561	1
832	3173	1
832	3193	1
832	4122	1
832	4194	1
832	4872	1
832	4886	1
849	1130	1
849	1379	2
849	1868	4
849	1895	1
849	2096	2
849	2337	1
849	2780	1
849	2994	1
849	3006	1
849	3052	4
849	3188	1
849	3198	4
849	3943	1
849	4028	4
849	4075	1
849	4202	4
849	4573	1
849	4823	1
849	5159	1
852	1153	1
852	2122	1
852	2174	1
852	2290	1
852	2294	1
852	3037	1
852	3467	1
852	3739	1
852	4609	1
859	934	1
859	1040	1
859	1845	1
859	2250	1
859	2283	1
859	3004	1
859	3123	1
859	4449	1
859	4716	1
859	4745	1
859	5203	1
864	952	2
864	1171	1
864	1444	1
864	1679	1
864	1804	1
864	2130	1
864	2303	1
864	2323	1
864	2865	1
864	3167	1
864	3335	1
864	4319	1
864	4614	1
864	4763	1
864	4947	1
864	5111	1
864	5212	1
869	2130	4
869	2740	4
870	2683	1
870	2707	2
870	3360	2
870	3448	1
870	4292	1
870	4876	1
879	1088	1
879	1399	1
879	1473	1
879	2419	1
879	2488	1
879	2676	1
879	3030	1
879	3985	1
879	4196	1
879	4522	1
879	4814	1
884	908	1
884	1090	1
884	1398	1
884	1423	1
884	1766	1
884	1890	1
884	1973	1
884	2210	1
884	2897	1
884	3039	1
884	3510	1
884	3980	1
884	5035	1
884	5123	1
888	2199	4
888	3624	3
896	2800	1
908	1090	1
908	1398	1
908	1423	1
908	1766	1
908	1890	1
908	1973	1
908	2210	1
908	2897	1
908	3039	1
908	3510	1
908	3980	1
908	5035	1
908	5123	1
921	1544	1
921	1652	1
921	1886	1
921	2272	1
921	2665	1
921	3340	1
921	3476	1
921	3477	1
921	3715	1
934	1040	1
934	1845	1
934	2250	1
934	2283	1
934	3004	1
934	3123	1
934	4449	1
934	4716	1
934	4745	1
934	5203	1
940	1088	2
940	1279	1
940	1399	1
940	1532	1
940	1758	2
940	2371	1
940	2676	1
940	3030	1
940	3613	3
940	4457	1
940	5216	2
945	1099	1
945	1118	1
945	1175	1
945	1332	1
945	1603	1
945	2270	1
945	2431	1
945	2587	1
945	2961	1
945	3564	1
945	3839	1
945	4183	1
945	4198	1
945	4421	1
945	4722	1
946	2131	1
946	2291	2
946	4895	2
946	4898	1
946	4976	2
950	1027	1
950	1496	1
950	1577	1
950	1735	1
950	2200	1
950	2720	1
950	2749	1
950	3208	1
950	4215	1
950	4259	1
950	4489	1
952	2130	1
952	4763	1
952	5212	1
957	959	1
957	1029	1
957	1364	1
957	2848	1
957	3169	1
957	4001	1
957	4317	1
957	4534	1
957	4648	1
957	4965	1
959	1029	1
959	1364	1
959	2848	1
959	3169	1
959	4001	1
959	4317	1
959	4534	1
959	4648	1
959	4965	1
966	1532	1
966	1758	1
966	2220	1
966	3403	1
966	3613	2
966	5061	2
975	1484	1
975	3878	3
975	4275	2
976	2339	1
976	2387	2
976	3384	1
992	1881	1
992	2221	1
992	2317	1
992	2936	1
992	3052	1
992	3198	1
992	3728	1
992	4063	1
992	4486	1
992	4558	1
992	4687	1
992	4809	1
992	5039	1
994	1884	1
994	2335	1
994	3393	3
994	3454	1
994	3940	3
994	4895	1
994	4898	1
1000	1305	1
1000	1424	1
1000	1560	1
1000	2174	2
1000	2177	1
1000	3030	2
1000	3207	2
1000	4206	1
1000	4221	1
1000	4328	1
1000	4338	1
1000	5052	1
1000	5104	2
1000	5110	1
1013	1371	2
1013	2335	2
1013	2707	1
1013	2855	1
1013	2859	1
1013	2870	1
1013	3511	1
1013	3571	1
1013	3625	2
1013	4971	1
1027	1496	1
1027	1577	1
1027	1735	1
1027	2200	1
1027	2720	1
1027	2749	1
1027	3208	1
1027	4215	1
1027	4259	1
1027	4489	1
1029	1364	1
1029	2848	1
1029	3169	1
1029	4001	1
1029	4317	1
1029	4534	1
1029	4648	1
1029	4965	1
1036	1679	1
1036	2295	1
1040	1845	1
1040	2250	1
1040	2283	1
1040	3004	1
1040	3123	1
1040	4449	1
1040	4716	1
1040	4745	1
1040	5203	1
1051	3819	2
1051	4703	4
1053	1333	3
1053	2071	1
1053	2817	1
1053	3734	3
1053	4277	1
1067	2452	2
1067	3100	2
1067	4179	1
1067	4893	2
1081	1449	1
1081	1636	1
1081	1979	1
1081	3418	1
1081	3639	1
1081	3771	1
1081	3960	1
1081	4365	1
1081	4527	1
1081	4705	1
1081	4826	1
1088	1399	2
1088	1473	1
1088	2419	1
1088	2488	1
1088	2676	2
1088	3030	2
1088	3985	1
1088	4196	1
1088	4522	1
1088	4814	1
1088	5216	1
1090	1398	1
1090	1423	1
1090	1766	1
1090	1890	1
1090	1973	1
1090	2210	1
1090	2897	1
1090	3039	1
1090	3510	1
1090	3980	1
1090	5035	1
1090	5123	1
1092	1164	1
1092	2133	1
1092	2190	1
1092	2904	1
1092	3880	1
1092	4517	1
1092	4574	1
1092	4753	1
1092	4756	1
1092	5148	1
1095	2355	1
1095	2596	1
1095	2814	6
1095	2841	6
1099	1118	1
1099	1175	1
1099	1332	1
1099	1603	1
1099	2270	1
1099	2431	1
1099	2587	1
1099	2961	1
1099	3564	1
1099	3839	1
1099	4183	1
1099	4198	1
1099	4421	1
1099	4722	1
1103	1125	2
1103	1129	1
1103	2308	2
1103	2553	1
1103	3206	2
1103	3842	2
1103	3948	1
1103	4486	1
1103	4803	1
1103	4909	1
1103	4924	1
1103	4930	1
1106	1533	2
1106	1636	1
1106	1777	2
1106	2039	1
1106	2130	1
1106	2191	2
1106	2420	2
1106	2596	1
1106	2742	2
1106	3388	2
1106	4909	1
1108	2365	2
1108	3573	1
1108	3613	2
1109	1800	1
1109	1812	1
1109	1849	1
1109	2455	1
1109	2509	1
1109	2678	1
1109	3984	1
1109	3991	1
1109	3992	1
1109	5163	1
1109	5166	1
1111	1116	1
1111	1578	1
1111	1641	1
1111	1914	1
1111	1945	1
1111	2253	1
1111	2489	1
1111	2589	1
1111	2751	1
1111	3337	1
1111	3697	1
1111	3700	1
1111	4511	1
1111	4595	1
1111	4598	1
1111	4859	1
1111	5127	1
1111	5129	1
1111	5130	1
1111	5132	1
1116	1474	1
1116	1578	1
1116	1641	2
1116	1914	2
1116	1945	2
1116	2253	1
1116	2489	1
1116	2589	2
1116	2751	2
1116	3337	2
1116	3652	1
1116	3697	1
1116	3700	2
1116	3840	1
1116	3983	1
1116	4089	1
1116	4300	1
1116	4511	1
1116	4593	1
1116	4595	2
1116	4598	2
1116	4859	1
1116	5125	1
1116	5127	2
1116	5129	1
1116	5130	1
1116	5132	2
1118	1175	1
1118	1332	1
1118	1603	1
1118	2270	1
1118	2431	1
1118	2587	1
1118	2961	1
1118	3564	1
1118	3839	1
1118	4183	1
1118	4198	1
1118	4421	1
1118	4722	1
1120	1719	1
1120	1741	1
1120	1806	1
1120	2333	1
1120	2964	1
1120	3410	1
1120	3732	1
1120	3825	1
1120	3903	1
1120	4112	1
1120	4113	1
1120	4181	1
1120	4339	1
1120	4611	1
1120	4638	1
1120	4852	1
1120	4878	1
1120	4909	1
1125	1129	1
1125	2308	2
1125	2553	1
1125	3206	2
1125	3842	2
1125	3948	1
1125	4486	1
1125	4803	1
1125	4909	1
1125	4924	1
1125	4930	1
1129	2308	1
1129	2553	1
1129	3206	1
1129	3842	1
1129	3948	1
1129	4486	1
1129	4909	1
1129	4924	1
1129	4930	1
1130	1868	1
1130	2337	1
1130	2780	1
1130	3006	1
1130	3052	1
1130	3188	1
1130	3198	1
1130	4028	1
1130	4075	1
1130	4202	1
1130	4823	1
1130	5159	1
1137	1404	1
1137	1866	1
1137	1905	1
1137	2188	1
1137	2301	1
1137	2440	1
1137	2477	1
1137	2898	1
1137	3053	1
1137	3638	1
1137	3647	1
1137	4556	1
1137	4572	1
1137	4651	1
1137	4976	1
1140	1203	2
1140	1284	2
1140	3066	2
1140	3341	2
1140	5080	2
1144	1292	1
1144	1755	1
1144	1860	1
1144	1887	1
1144	2140	1
1144	2211	1
1144	3040	1
1144	5044	1
1144	5128	1
1144	5250	1
1152	1341	1
1152	3030	3
1152	5113	3
1153	1868	1
1153	2122	1
1153	2174	2
1153	2281	1
1153	2290	1
1153	2294	1
1153	3037	1
1153	3052	1
1153	3467	1
1153	3739	1
1153	4609	2
1153	4661	1
1153	4724	1
1156	1931	1
1156	2343	1
1156	3002	1
1156	3871	1
1156	4498	1
1156	4624	1
1156	4759	1
1156	4845	1
1156	5196	1
1160	1296	1
1160	1568	1
1160	1588	1
1160	1604	1
1160	1610	1
1160	1972	1
1160	2423	1
1160	2530	1
1160	2659	1
1160	3461	1
1160	3469	1
1160	3602	1
1160	3913	1
1160	4709	1
1160	4761	1
1160	4788	1
1164	2133	1
1164	2190	1
1164	2904	1
1164	3880	1
1164	4517	1
1164	4574	1
1164	4753	1
1164	4756	1
1164	5148	1
1171	1444	1
1171	1679	1
1171	1804	1
1171	2303	1
1171	2323	1
1171	2865	1
1171	3167	1
1171	3335	1
1171	4319	1
1171	4614	1
1175	1332	1
1175	1603	1
1175	2270	1
1175	2431	1
1175	2587	1
1175	2961	1
1175	3564	1
1175	3839	1
1175	4183	1
1175	4198	1
1175	4421	1
1175	4722	1
1197	2097	1
1197	2295	1
1197	2342	1
1197	2388	1
1197	2480	1
1197	2705	1
1197	4035	1
1197	4841	1
1197	5093	1
1200	1310	2
1200	4177	2
1200	5001	2
1203	1284	2
1203	3066	2
1203	3341	2
1203	5080	2
1204	2329	1
1204	2855	1
1204	4133	1
1204	4971	1
1207	1652	1
1207	3736	1
1208	3338	4
1208	5144	1
1213	1966	1
1213	2663	1
1213	2710	1
1213	3020	1
1213	3361	1
1213	3782	1
1213	3916	1
1213	4562	1
1213	4771	1
1213	5075	1
1216	1241	3
1216	2884	3
1216	3288	4
1216	3454	1
1216	3858	2
1218	2335	1
1218	2809	1
1219	1733	1
1219	3142	1
1231	2371	1
1231	2633	1
1231	2855	1
1231	4600	1
1231	4871	1
1231	4963	1
1231	5028	1
1232	2179	1
1232	2457	1
1232	2748	3
1232	2882	1
1232	2956	3
1232	3007	3
1232	4075	2
1232	4725	1
1232	4815	2
1232	4818	1
1232	5248	2
1241	2884	3
1241	3288	2
1241	3454	1
1241	3858	2
1259	4410	2
1268	1917	1
1268	2142	1
1268	2748	1
1268	2929	1
1268	3786	1
1268	3844	2
1268	4075	2
1268	4570	1
1268	4856	2
1279	3030	1
1279	4221	2
1279	4710	1
1279	5216	7
1283	1629	2
1283	4702	1
1283	5182	2
1284	3066	2
1284	3341	2
1284	5080	2
1292	1755	1
1292	1860	1
1292	1887	1
1292	2140	1
1292	2211	1
1292	3040	1
1292	5044	1
1292	5128	1
1292	5250	1
1293	1373	1
1293	1771	1
1293	1809	1
1293	2346	1
1293	2951	1
1293	3097	1
1293	3421	1
1293	3959	1
1293	4237	1
1293	4704	1
1293	5081	1
1296	1568	2
1296	1588	2
1296	1604	1
1296	1610	2
1296	1972	1
1296	2423	2
1296	2530	2
1296	2659	1
1296	3461	2
1296	3469	2
1296	3602	1
1296	3913	2
1296	4709	2
1296	4761	2
1296	4788	2
1305	1424	1
1305	1560	1
1305	2177	1
1305	3030	1
1305	4221	1
1305	4338	1
1305	5110	1
1310	4177	2
1310	5001	2
1319	1337	1
1319	2141	2
1319	2269	4
1319	4010	2
1322	1335	2
1322	3232	1
1324	2004	3
1324	2666	3
1324	3417	2
1324	3745	1
1324	3762	3
1324	4901	2
1332	1603	1
1332	2270	1
1332	2431	1
1332	2587	1
1332	2961	1
1332	3564	1
1332	3839	1
1332	4183	1
1332	4198	1
1332	4421	1
1332	4722	1
1333	1487	1
1333	2814	3
1333	3019	1
1333	3734	2
1333	3927	2
1333	4080	1
1333	5065	1
1334	1857	1
1334	2829	1
1335	2039	1
1335	3232	1
1337	4916	1
1337	4992	1
1337	5216	1
1341	3030	3
1341	5113	1
1341	5216	2
1344	1613	1
1344	4277	1
1348	2392	2
1348	2704	4
1348	2714	4
1348	2752	4
1348	4802	2
1348	4817	2
1348	5036	2
1364	1827	1
1364	2848	1
1364	3169	1
1364	4001	1
1364	4317	1
1364	4525	1
1364	4534	1
1364	4648	1
1364	4827	1
1364	4965	1
1366	2814	1
1366	4914	1
1371	2016	2
1371	2707	2
1371	2855	1
1371	2859	5
1371	2870	1
1371	3472	1
1371	3511	1
1371	3571	2
1371	3829	1
1371	4347	1
1371	4849	2
1371	4971	3
1373	1771	1
1373	1809	1
1373	2346	1
1373	2951	1
1373	3097	1
1373	3421	1
1373	3959	1
1373	4237	1
1373	4704	1
1373	5081	1
1379	1868	2
1379	2096	2
1379	2994	1
1379	3052	2
1379	3198	2
1379	3943	1
1379	4028	2
1379	4202	2
1379	4573	1
1389	3682	5
1395	1453	1
1395	1916	2
1395	2455	2
1395	2905	2
1395	3375	2
1395	3470	2
1395	4420	2
1395	4711	2
1398	1423	1
1398	1766	1
1398	1890	1
1398	1973	1
1398	2210	1
1398	2897	1
1398	3039	1
1398	3510	1
1398	3980	1
1398	5035	1
1398	5123	1
1399	1473	1
1399	2419	1
1399	2488	1
1399	2676	2
1399	3030	1
1399	3985	1
1399	4196	1
1399	4522	1
1399	4814	1
1404	1866	1
1404	1905	1
1404	2188	1
1404	2301	1
1404	2440	1
1404	2477	1
1404	2898	1
1404	3053	1
1404	3638	1
1404	3647	1
1404	4556	1
1404	4572	1
1404	4651	1
1404	4976	1
1410	3929	3
1410	4197	2
1410	5072	2
1421	1764	1
1421	2084	1
1421	2159	1
1421	2470	1
1421	3043	1
1421	3854	1
1421	4597	1
1422	1623	1
1422	1825	1
1422	1929	1
1422	2561	1
1422	3173	1
1422	3193	1
1422	4122	1
1422	4194	1
1422	4872	1
1422	4886	1
1423	1766	1
1423	1890	1
1423	1973	1
1423	2210	1
1423	2897	1
1423	3039	1
1423	3510	1
1423	3980	1
1423	5035	1
1423	5123	1
1424	1560	1
1424	2177	1
1424	3030	1
1424	4221	1
1424	4338	1
1424	5110	1
1433	2814	1
1433	3161	3
1433	4779	1
1444	1679	1
1444	1804	1
1444	2303	1
1444	2323	1
1444	2865	1
1444	3167	1
1444	3335	1
1444	3682	2
1444	4319	1
1444	4614	1
1449	1636	1
1449	1979	1
1449	3418	1
1449	3639	1
1449	3771	1
1449	3960	1
1449	4365	1
1449	4527	1
1449	4705	1
1449	4826	1
1453	1916	1
1453	2455	3
1453	2905	1
1453	3260	1
1453	3355	2
1453	3375	1
1453	3470	1
1453	3613	1
1453	4420	1
1453	4711	3
1453	5106	1
1465	2365	1
1465	2620	1
1473	2419	1
1473	2488	1
1473	2676	1
1473	3030	1
1473	3985	1
1473	4196	1
1473	4522	1
1473	4814	1
1474	1641	1
1474	1914	1
1474	1945	1
1474	2589	1
1474	2751	1
1474	3337	1
1474	3652	1
1474	3700	1
1474	3840	1
1474	3983	1
1474	4089	1
1474	4300	1
1474	4593	1
1474	4595	1
1474	4598	1
1474	5125	1
1474	5127	1
1474	5132	1
1482	2475	2
1482	3949	1
1482	4505	1
1484	3750	1
1484	3878	3
1484	5192	1
1487	2641	1
1487	2814	6
1487	4080	1
1487	4277	1
1487	4779	1
1487	4891	2
1487	5065	2
1489	1773	4
1489	2055	1
1489	2155	1
1489	3012	2
1489	3528	1
1489	3635	1
1489	4624	4
1489	5225	1
1492	3117	1
1492	5012	1
1496	1577	1
1496	1735	1
1496	2200	1
1496	2720	1
1496	2749	1
1496	3208	1
1496	4215	1
1496	4259	1
1496	4489	1
1508	3762	2
1508	4723	2
1508	4734	1
1532	1758	2
1532	3613	2
1532	5061	1
1533	1777	2
1533	2191	2
1533	2742	2
1533	3388	2
1534	1541	2
1534	2098	2
1534	2203	1
1534	2933	3
1534	4203	1
1534	4865	2
1541	2098	2
1541	2203	1
1541	2933	3
1541	4203	1
1541	4865	3
1544	1652	1
1544	1886	1
1544	2272	1
1544	2665	1
1544	3340	1
1544	3476	1
1544	3477	1
1544	3715	1
1550	2544	3
1550	4279	2
1560	2177	1
1560	3030	1
1560	4221	1
1560	4338	1
1560	5110	1
1562	1998	2
1567	1933	3
1567	2871	1
1567	4676	1
1567	4746	2
1567	4914	3
1567	4921	4
1568	1588	2
1568	1604	1
1568	1610	2
1568	1972	1
1568	2423	2
1568	2530	2
1568	2659	1
1568	3461	2
1568	3469	2
1568	3602	1
1568	3913	2
1568	4709	2
1568	4761	2
1568	4788	2
1577	1735	1
1577	2200	1
1577	2720	1
1577	2749	1
1577	3208	1
1577	4215	1
1577	4259	1
1577	4428	1
1577	4489	1
1578	1641	1
1578	1914	1
1578	1945	1
1578	2253	1
1578	2489	1
1578	2589	1
1578	2751	1
1578	3337	1
1578	3697	1
1578	3700	1
1578	4511	1
1578	4595	1
1578	4598	1
1578	4859	1
1578	5127	1
1578	5129	1
1578	5130	1
1578	5132	1
1581	1751	2
1581	1849	2
1581	1902	2
1581	2107	1
1581	2165	1
1581	2455	3
1581	2678	1
1581	3355	1
1581	4711	2
1581	5166	1
1588	1604	1
1588	1610	2
1588	1972	1
1588	2423	2
1588	2530	2
1588	2659	1
1588	3461	2
1588	3469	2
1588	3602	1
1588	3913	2
1588	4709	2
1588	4761	2
1588	4788	2
1598	2439	4
1598	3441	1
1598	3978	3
1600	1836	3
1603	2270	1
1603	2431	1
1603	2587	1
1603	2961	1
1603	3564	1
1603	3839	1
1603	4183	1
1603	4198	1
1603	4421	1
1603	4722	1
1604	1610	1
1604	1972	1
1604	2423	1
1604	2530	1
1604	2659	1
1604	3461	1
1604	3469	1
1604	3602	1
1604	3913	1
1604	4709	1
1604	4761	1
1604	4788	1
1605	2712	2
1605	2734	2
1605	3226	3
1605	4394	1
1610	1972	1
1610	2423	2
1610	2530	2
1610	2659	1
1610	3461	2
1610	3469	2
1610	3602	1
1610	3913	2
1610	4709	2
1610	4761	2
1610	4788	2
1619	1791	2
1619	3952	2
1619	4975	2
1623	1825	1
1623	1929	1
1623	2561	1
1623	3173	1
1623	3193	1
1623	4122	1
1623	4194	1
1623	4872	1
1623	4886	1
1629	2007	2
1629	4270	3
1629	5182	3
1636	1979	1
1636	2420	1
1636	3418	1
1636	3639	1
1636	3771	1
1636	3960	1
1636	4365	1
1636	4527	1
1636	4705	1
1636	4826	1
1641	1914	2
1641	1945	2
1641	2253	1
1641	2489	1
1641	2589	2
1641	2751	2
1641	3337	2
1641	3652	1
1641	3697	1
1641	3700	2
1641	3840	1
1641	3983	1
1641	4089	1
1641	4300	1
1641	4511	1
1641	4593	1
1641	4595	2
1641	4598	2
1641	4859	1
1641	5125	1
1641	5127	2
1641	5129	1
1641	5130	1
1641	5132	2
1652	1886	1
1652	2272	1
1652	2665	1
1652	3340	1
1652	3476	1
1652	3477	1
1652	3715	1
1679	1804	3
1679	2295	2
1679	2303	1
1679	2323	1
1679	2865	1
1679	3167	1
1679	3335	1
1679	4319	1
1679	4614	1
1695	1806	1
1695	1884	2
1695	2131	2
1695	2335	2
1695	4799	2
1695	4895	2
1695	4898	1
1695	5246	1
1719	1741	1
1719	1806	1
1719	2333	1
1719	2964	1
1719	3410	1
1719	3732	1
1719	3825	1
1719	3903	1
1719	4112	1
1719	4113	1
1719	4181	1
1719	4339	1
1719	4611	1
1719	4638	1
1719	4852	1
1719	4878	1
1719	4909	1
1721	1781	2
1721	1855	2
1721	2023	1
1721	2494	2
1721	2510	2
1721	2906	2
1721	4123	1
1735	2200	1
1735	2720	1
1735	2749	1
1735	3208	1
1735	4215	1
1735	4259	1
1735	4489	1
1741	1754	1
1741	1806	2
1741	2014	1
1741	2333	1
1741	2696	1
1741	2964	2
1741	3236	1
1741	3283	1
1741	3410	2
1741	3732	2
1741	3825	2
1741	3903	1
1741	4061	1
1741	4112	1
1741	4113	1
1741	4179	1
1741	4181	1
1741	4291	1
1741	4292	1
1741	4339	1
1741	4611	1
1741	4638	1
1741	4852	2
1741	4878	2
1741	4909	2
1751	1849	2
1751	1902	2
1751	2107	1
1751	2165	2
1751	2455	4
1751	2620	1
1751	2678	1
1751	3355	2
1751	3613	1
1751	4711	4
1751	5166	1
1754	1806	1
1754	2014	1
1754	2696	1
1754	2964	1
1754	3236	1
1754	3283	1
1754	3410	1
1754	3732	1
1754	3825	1
1754	4061	1
1754	4179	1
1754	4291	1
1754	4292	1
1754	4852	1
1754	4878	1
1754	4909	1
1755	1860	1
1755	1887	1
1755	2140	1
1755	2211	1
1755	3040	1
1755	5044	1
1755	5128	1
1755	5250	1
1758	3613	3
1758	5061	1
1759	2852	1
1759	3287	1
1759	4149	1
1759	4409	1
1759	4702	1
1762	1906	2
1762	1910	2
1762	2139	2
1762	2144	2
1762	2974	2
1764	2084	1
1764	2159	1
1764	2470	1
1764	3043	1
1764	3854	1
1764	4597	1
1766	1890	1
1766	1973	1
1766	2210	1
1766	2897	1
1766	3039	1
1766	3510	1
1766	3980	1
1766	5035	1
1766	5123	1
1771	1809	1
1771	2346	1
1771	2951	1
1771	3097	1
1771	3421	1
1771	3959	1
1771	4075	1
1771	4237	1
1771	4704	1
1771	5081	1
1773	2055	1
1773	2155	1
1773	3012	2
1773	3528	1
1773	3635	1
1773	4624	4
1773	5225	1
1777	2191	2
1777	2742	2
1777	3388	2
1781	1855	2
1781	2023	1
1781	2494	2
1781	2510	2
1781	2906	2
1781	4123	1
1782	2023	1
1782	3117	1
1782	3192	1
1782	3289	1
1782	4001	1
1782	4053	1
1782	4123	1
1782	4482	1
1782	4615	2
1782	5266	1
1791	4975	2
1795	4149	2
1795	4879	2
1800	1812	1
1800	1849	1
1800	2455	1
1800	2509	1
1800	2678	1
1800	3984	1
1800	3991	1
1800	3992	1
1800	5163	1
1800	5166	1
1804	2295	2
1804	2303	1
1804	2323	1
1804	2865	1
1804	3167	1
1804	3335	1
1804	4319	1
1804	4614	1
1806	2014	1
1806	2333	1
1806	2696	1
1806	2964	2
1806	3236	1
1806	3283	1
1806	3410	2
1806	3732	2
1806	3825	2
1806	3903	1
1806	4061	1
1806	4112	1
1806	4113	1
1806	4179	1
1806	4181	1
1806	4291	1
1806	4292	1
1806	4339	1
1806	4611	1
1806	4638	1
1806	4852	2
1806	4878	2
1806	4909	2
1809	2346	1
1809	2951	1
1809	3097	1
1809	3421	1
1809	3959	1
1809	4237	1
1809	4704	1
1809	5081	1
1812	1849	2
1812	2165	1
1812	2455	2
1812	2509	2
1812	2678	2
1812	3984	1
1812	3991	2
1812	3992	2
1812	5163	2
1812	5166	2
1825	1929	1
1825	2561	1
1825	3173	1
1825	3193	1
1825	4122	1
1825	4194	1
1825	4872	1
1825	4886	1
1827	4525	2
1827	4827	1
1836	3116	1
1836	3272	1
1836	3762	3
1842	2361	2
1842	2639	2
1842	2852	1
1842	3069	2
1842	3287	2
1842	3416	1
1845	2250	1
1845	2283	1
1845	3004	1
1845	3123	1
1845	4449	1
1845	4716	1
1845	4745	1
1845	5203	1
1849	1902	1
1849	2107	1
1849	2165	2
1849	2455	4
1849	2509	2
1849	2678	3
1849	3355	1
1849	3984	1
1849	3991	2
1849	3992	2
1849	4711	2
1849	5163	2
1849	5166	3
1850	2597	1
1850	2808	1
1850	4224	1
1855	2023	1
1855	2494	2
1855	2510	2
1855	2906	2
1855	4123	1
1857	2829	1
1857	4582	2
1857	4840	1
1860	1887	1
1860	2140	1
1860	2211	1
1860	3040	1
1860	5044	1
1860	5128	1
1860	5250	1
1866	1905	1
1866	2188	1
1866	2301	1
1866	2440	1
1866	2477	1
1866	2898	1
1866	3053	1
1866	3638	1
1866	3647	1
1866	4556	1
1866	4572	1
1866	4651	1
1866	4976	1
1868	1895	2
1868	2096	3
1868	2174	1
1868	2281	1
1868	2337	1
1868	2596	1
1868	2780	1
1868	2994	1
1868	3006	1
1868	3052	7
1868	3188	1
1868	3198	5
1868	3943	1
1868	4028	4
1868	4075	1
1868	4202	5
1868	4573	1
1868	4609	1
1868	4661	1
1868	4724	1
1868	4823	1
1868	5095	1
1868	5157	1
1868	5159	1
1881	2221	1
1881	2317	1
1881	2936	1
1881	3052	1
1881	3198	1
1881	3728	1
1881	4063	1
1881	4486	1
1881	4558	1
1881	4687	1
1881	4809	1
1881	5039	1
1884	2131	2
1884	2335	5
1884	3625	1
1884	4799	2
1884	4895	3
1884	4898	1
1886	2272	1
1886	2665	1
1886	3340	1
1886	3476	1
1886	3477	1
1886	3715	1
1887	2140	1
1887	2211	1
1887	3040	1
1887	5044	1
1887	5128	1
1887	5250	1
1890	1973	1
1890	2210	1
1890	2897	1
1890	3039	1
1890	3510	1
1890	3980	1
1890	5035	1
1890	5123	1
1895	3052	2
1895	3198	2
1895	4028	1
1895	4202	1
1895	5095	1
1895	5157	1
1902	2455	2
1902	3355	1
1902	4711	2
1905	2188	1
1905	2301	1
1905	2440	1
1905	2477	1
1905	2898	1
1905	3053	1
1905	3638	1
1905	3647	1
1905	4556	1
1905	4572	1
1905	4651	1
1905	4976	1
1906	1910	2
1906	2139	2
1906	2144	2
1906	2974	2
1908	2138	2
1908	2349	1
1908	2393	2
1908	2806	2
1908	3272	2
1908	4434	2
1908	5156	2
1908	5205	2
1910	2139	2
1910	2144	2
1910	2974	2
1914	1945	2
1914	2253	1
1914	2489	1
1914	2589	2
1914	2751	2
1914	3337	2
1914	3652	1
1914	3697	1
1914	3700	2
1914	3840	1
1914	3983	1
1914	4089	1
1914	4300	1
1914	4511	1
1914	4593	1
1914	4595	2
1914	4598	2
1914	4859	1
1914	5125	1
1914	5127	2
1914	5129	1
1914	5130	1
1914	5132	2
1915	2814	1
1915	4387	2
1915	5048	2
1916	2455	2
1916	2905	2
1916	3375	2
1916	3470	2
1916	4420	2
1916	4711	2
1917	2142	1
1917	2748	1
1917	2929	1
1917	3786	1
1917	3844	1
1917	4075	1
1917	4856	1
1929	2561	1
1929	3173	1
1929	3193	1
1929	4122	1
1929	4194	1
1929	4872	1
1929	4886	1
1931	2343	1
1931	3002	1
1931	3871	1
1931	4498	1
1931	4624	1
1931	4759	1
1931	4845	1
1931	5196	1
1933	2871	1
1933	4676	1
1933	4746	2
1933	4921	3
1940	3091	2
1940	3553	2
1940	5079	2
1945	2253	1
1945	2489	1
1945	2589	2
1945	2751	2
1945	3337	2
1945	3652	1
1945	3697	1
1945	3700	2
1945	3840	1
1945	3983	1
1945	4089	1
1945	4300	1
1945	4511	1
1945	4593	1
1945	4595	2
1945	4598	2
1945	4859	1
1945	5125	1
1945	5127	2
1945	5129	1
1945	5130	1
1945	5132	2
1950	2414	2
1950	2590	2
1950	3698	2
1966	2663	1
1966	2710	1
1966	3020	1
1966	3361	1
1966	3782	1
1966	3916	1
1966	4562	1
1966	4771	1
1966	5075	1
1967	5266	1
1972	2423	1
1972	2530	1
1972	2659	1
1972	3461	1
1972	3469	1
1972	3602	1
1972	3913	1
1972	4709	1
1972	4761	1
1972	4788	1
1973	2210	1
1973	2897	1
1973	3039	1
1973	3510	1
1973	3980	1
1973	5035	1
1973	5123	1
1979	3418	1
1979	3639	1
1979	3771	1
1979	3960	1
1979	4365	1
1979	4527	1
1979	4705	1
1979	4826	1
2004	2666	3
2004	3417	2
2004	3762	3
2007	4270	2
2007	4392	1
2007	4535	1
2014	2696	1
2014	2964	1
2014	3236	1
2014	3283	1
2014	3410	1
2014	3732	1
2014	3825	1
2014	4061	1
2014	4179	1
2014	4291	1
2014	4292	1
2014	4852	1
2014	4878	1
2014	4909	1
2016	2859	2
2016	4849	2
2023	2494	1
2023	2510	1
2023	2906	1
2023	3289	1
2023	4792	1
2039	2130	1
2039	2596	1
2039	4486	1
2039	4909	1
2055	2810	4
2055	3528	6
2055	3635	6
2055	4624	6
2055	4845	1
2055	5225	1
2071	2817	1
2071	3019	2
2071	3734	3
2077	2522	1
2077	3635	1
2077	4053	2
2077	4783	1
2084	2159	1
2084	2470	1
2084	3043	1
2084	3854	1
2084	4597	1
2089	4007	3
2090	3125	1
2090	3134	1
2096	2596	1
2096	2994	1
2096	3052	3
2096	3198	2
2096	3943	1
2096	4028	2
2096	4202	3
2096	4573	1
2097	2295	1
2097	2342	1
2097	2388	1
2097	2480	1
2097	2705	1
2097	4035	1
2097	4841	1
2097	5093	1
2098	2203	1
2098	2933	2
2098	4203	1
2098	4865	2
2107	2165	1
2107	2455	2
2107	2678	1
2107	3355	1
2107	4711	1
2107	5166	1
2122	2174	1
2122	2290	1
2122	2294	1
2122	3037	1
2122	3467	1
2122	3739	1
2122	4609	1
2125	2648	2
2125	4191	1
2125	4751	1
2125	4851	1
2130	2740	4
2130	3842	2
2130	4683	1
2130	4763	1
2130	5212	1
2131	2291	1
2131	2335	2
2131	4799	2
2131	4895	3
2131	4898	5
2131	4976	1
2131	5246	1
2133	2190	1
2133	2904	1
2133	3880	1
2133	4517	1
2133	4574	1
2133	4753	1
2133	4756	1
2133	5148	1
2138	2349	1
2138	2393	2
2138	2806	2
2138	3272	2
2138	4434	2
2138	5156	2
2138	5205	2
2139	2144	2
2139	2974	2
2140	2211	1
2140	3040	1
2140	5044	1
2140	5128	1
2140	5250	1
2141	2269	2
2141	4010	2
2142	2748	1
2142	2929	1
2142	3786	1
2142	3844	1
2142	4075	1
2142	4856	1
2144	2974	2
2155	3012	1
2155	4624	1
2155	5225	1
2159	2470	1
2159	3043	1
2159	3854	1
2159	4597	1
2165	2455	4
2165	2509	1
2165	2620	2
2165	2678	2
2165	3355	1
2165	3991	1
2165	3992	1
2165	4711	3
2165	5163	1
2165	5166	2
2174	2281	1
2174	2290	1
2174	2294	1
2174	3030	1
2174	3037	1
2174	3052	1
2174	3207	2
2174	3467	1
2174	3739	1
2174	4206	1
2174	4328	1
2174	4609	2
2174	4661	1
2174	4724	1
2174	5052	1
2174	5104	3
2177	3030	1
2177	4221	1
2177	4338	1
2177	5110	1
2179	2956	1
2179	3007	1
2179	4725	1
2179	4815	1
2179	4818	1
2179	5248	1
2188	2301	1
2188	2440	1
2188	2477	1
2188	2898	1
2188	3053	1
2188	3638	1
2188	3647	1
2188	4556	1
2188	4572	1
2188	4651	1
2188	4976	1
2190	2904	1
2190	3880	1
2190	4517	1
2190	4574	1
2190	4753	1
2190	4756	1
2190	5148	1
2191	2742	2
2191	3388	2
2200	2720	1
2200	2749	1
2200	3208	1
2200	3571	1
2200	4215	1
2200	4259	1
2200	4489	1
2203	2933	2
2203	4203	1
2203	4865	1
2203	5097	1
2203	5099	1
2210	2897	1
2210	3039	1
2210	3510	1
2210	3980	1
2210	5035	1
2210	5123	1
2211	3040	1
2211	5044	1
2211	5128	1
2211	5250	1
2220	2371	1
2220	2868	1
2220	3403	2
2220	3573	2
2220	3613	3
2220	5061	2
2221	2317	1
2221	2936	1
2221	3052	1
2221	3198	1
2221	3728	1
2221	4063	1
2221	4486	1
2221	4558	1
2221	4687	1
2221	4809	1
2221	5039	1
2250	2283	1
2250	3004	1
2250	3123	1
2250	4449	1
2250	4716	1
2250	4745	1
2250	5203	1
2253	2489	1
2253	2589	1
2253	2751	1
2253	3337	1
2253	3697	1
2253	3700	1
2253	4511	1
2253	4595	1
2253	4598	1
2253	4859	1
2253	5127	1
2253	5129	1
2253	5130	1
2253	5132	1
2269	4010	2
2269	4177	2
2269	4921	1
2270	2431	1
2270	2587	1
2270	2961	1
2270	3564	1
2270	3839	1
2270	4183	1
2270	4198	1
2270	4421	1
2270	4722	1
2272	2665	1
2272	3340	1
2272	3476	1
2272	3477	1
2272	3715	1
2274	4471	2
2281	2938	1
2281	3052	1
2281	3706	1
2281	3952	1
2281	4609	1
2281	4619	1
2281	4661	1
2281	4715	1
2281	4724	1
2281	4731	1
2283	3004	1
2283	3123	1
2283	4449	1
2283	4716	1
2283	4745	1
2283	5203	1
2290	2294	1
2290	3037	1
2290	3467	1
2290	3739	1
2290	4609	1
2291	4895	2
2291	4898	1
2291	4976	2
2294	3037	1
2294	3467	1
2294	3739	1
2294	4609	1
2295	2342	1
2295	2388	1
2295	2480	1
2295	2705	1
2295	4035	1
2295	4841	1
2295	5093	1
2301	2440	1
2301	2477	1
2301	2898	1
2301	3053	1
2301	3638	1
2301	3647	1
2301	4556	1
2301	4572	1
2301	4651	1
2301	4976	1
2303	2323	1
2303	2865	1
2303	3167	1
2303	3335	1
2303	4319	1
2303	4614	1
2308	2553	1
2308	3206	2
2308	3842	2
2308	3948	1
2308	4486	1
2308	4803	1
2308	4909	1
2308	4924	1
2308	4930	1
2317	2936	1
2317	3052	1
2317	3198	1
2317	3728	1
2317	4063	1
2317	4486	1
2317	4558	1
2317	4687	1
2317	4809	1
2317	5039	1
2323	2865	1
2323	3167	1
2323	3335	1
2323	4319	1
2323	4614	1
2329	3360	1
2329	4113	1
2329	4876	1
2333	2964	1
2333	3410	1
2333	3732	1
2333	3825	1
2333	3903	1
2333	4112	1
2333	4113	1
2333	4181	1
2333	4339	1
2333	4611	1
2333	4638	1
2333	4852	1
2333	4878	1
2333	4909	1
2335	3625	3
2335	4799	2
2335	4895	3
2335	4898	1
2337	2780	1
2337	3006	1
2337	3052	1
2337	3188	1
2337	3198	1
2337	4028	1
2337	4075	1
2337	4202	1
2337	4823	1
2337	5159	1
2342	2388	1
2342	2480	1
2342	2705	1
2342	4035	1
2342	4841	1
2342	5093	1
2343	3002	1
2343	3871	1
2343	4498	1
2343	4624	1
2343	4759	1
2343	4845	1
2343	5196	1
2346	2951	1
2346	3097	1
2346	3421	1
2346	3959	1
2346	4237	1
2346	4704	1
2346	5081	1
2349	2393	1
2349	2806	1
2349	3272	2
2349	4434	1
2349	5156	1
2349	5205	1
2355	2596	1
2355	2814	1
2355	2841	1
2355	4080	1
2355	4387	1
2361	3287	2
2365	2620	1
2365	3613	2
2371	3573	1
2371	3613	9
2371	4221	1
2371	4710	1
2387	3384	1
2388	2480	1
2388	2705	1
2388	4035	1
2388	4841	1
2388	5093	1
2392	2704	2
2392	2714	2
2392	2752	2
2392	4817	2
2392	5036	1
2393	2806	3
2393	3272	2
2393	3762	1
2393	4434	2
2393	5156	2
2393	5205	2
2414	2590	2
2414	3698	2
2419	2488	1
2419	2676	1
2419	3030	1
2419	3985	1
2419	4196	1
2419	4522	1
2419	4814	1
2423	2530	2
2423	2659	1
2423	3461	2
2423	3469	2
2423	3602	1
2423	3913	2
2423	4709	2
2423	4761	2
2423	4788	2
2431	2587	1
2431	2961	1
2431	3564	1
2431	3839	1
2431	4183	1
2431	4198	1
2431	4421	1
2431	4722	1
2439	3441	2
2439	3978	3
2440	2477	1
2440	2898	1
2440	3053	1
2440	3638	1
2440	3647	1
2440	4556	1
2440	4572	1
2440	4651	1
2440	4976	1
2452	3100	2
2452	4179	1
2452	4893	2
2455	2509	2
2455	2620	2
2455	2678	3
2455	2905	2
2455	3260	1
2455	3355	2
2455	3375	2
2455	3470	2
2455	3984	1
2455	3991	2
2455	3992	2
2455	4420	3
2455	4711	8
2455	5106	1
2455	5163	2
2455	5166	3
2457	2748	1
2457	2882	1
2470	3043	1
2470	3854	1
2470	4597	1
2475	4505	2
2477	2898	1
2477	3053	1
2477	3638	1
2477	3647	1
2477	4556	1
2477	4572	1
2477	4651	1
2477	4976	1
2480	2705	1
2480	4035	1
2480	4841	1
2480	5093	1
2488	2676	1
2488	3030	1
2488	3985	1
2488	4196	1
2488	4522	1
2488	4814	1
2489	2589	1
2489	2751	1
2489	3337	1
2489	3697	1
2489	3700	1
2489	4511	1
2489	4595	1
2489	4598	1
2489	4859	1
2489	5127	1
2489	5129	1
2489	5130	1
2489	5132	1
2494	2510	2
2494	2906	2
2494	4123	1
2498	3416	1
2498	4624	1
2509	2678	2
2509	3984	1
2509	3991	2
2509	3992	2
2509	5163	2
2509	5166	2
2510	2906	2
2510	4123	1
2511	3870	3
2511	4727	2
2522	3635	1
2522	4053	1
2522	4371	1
2530	2659	1
2530	3461	2
2530	3469	2
2530	3602	1
2530	3913	2
2530	4709	2
2530	4761	2
2530	4788	2
2534	3009	1
2534	3033	2
2534	3125	1
2541	3612	1
2541	4685	1
2544	4279	1
2553	3206	1
2553	3842	1
2553	3948	1
2553	4486	1
2553	4909	1
2553	4924	1
2553	4930	1
2561	3173	1
2561	3193	1
2561	4122	1
2561	4194	1
2561	4872	1
2561	4886	1
2587	2961	1
2587	3564	1
2587	3839	1
2587	4183	1
2587	4198	1
2587	4421	1
2587	4722	1
2589	2641	2
2589	2751	2
2589	3337	2
2589	3652	1
2589	3697	1
2589	3700	2
2589	3840	1
2589	3983	1
2589	4089	1
2589	4277	1
2589	4300	1
2589	4511	1
2589	4593	1
2589	4595	2
2589	4598	2
2589	4859	1
2589	5125	1
2589	5127	2
2589	5129	1
2589	5130	1
2589	5132	2
2590	3698	2
2596	2814	3
2596	2841	1
2596	3052	1
2596	3927	2
2596	4202	1
2596	4909	1
2596	5020	1
2597	2938	1
2597	5020	1
2599	4075	1
2620	3613	1
2620	4260	1
2620	4711	2
2633	4600	2
2633	4871	2
2633	4963	2
2633	5028	2
2639	3069	2
2641	4277	6
2648	4191	1
2648	4751	1
2648	4851	1
2659	3461	1
2659	3469	1
2659	3602	1
2659	3913	1
2659	4709	1
2659	4761	1
2659	4788	1
2663	2710	1
2663	3020	1
2663	3361	1
2663	3782	1
2663	3916	1
2663	4562	1
2663	4771	1
2663	5075	1
2665	3340	1
2665	3476	1
2665	3477	1
2665	3715	1
2666	3417	2
2666	3762	3
2667	2784	1
2667	2938	1
2667	2991	1
2667	3058	1
2667	3371	1
2667	4519	1
2667	4566	1
2667	4567	1
2667	4619	1
2667	4640	1
2667	4750	1
2667	4821	1
2667	4822	1
2667	4863	1
2667	4907	1
2667	5243	1
2676	3030	1
2676	3985	1
2676	4196	1
2676	4522	1
2676	4814	1
2678	3355	1
2678	3984	1
2678	3991	2
2678	3992	2
2678	4711	1
2678	5163	2
2678	5166	3
2683	2707	2
2683	3360	1
2683	3448	1
2683	4292	1
2683	4876	1
2696	2964	1
2696	3236	1
2696	3283	1
2696	3410	1
2696	3732	1
2696	3825	1
2696	4061	1
2696	4179	1
2696	4291	1
2696	4292	1
2696	4852	1
2696	4878	1
2696	4909	1
2704	2714	4
2704	2752	4
2704	4817	2
2704	5036	2
2705	4035	1
2705	4841	1
2705	5093	1
2707	2855	1
2707	2859	1
2707	2870	1
2707	3360	2
2707	3448	2
2707	3472	3
2707	3511	1
2707	3571	4
2707	4292	1
2707	4876	1
2707	4971	4
2710	3020	1
2710	3361	1
2710	3782	1
2710	3916	1
2710	4562	1
2710	4771	1
2710	5075	1
2712	2734	1
2714	2752	4
2714	4817	2
2714	5036	2
2720	2749	1
2720	3208	1
2720	4215	1
2720	4259	1
2720	4489	1
2740	4619	1
2742	3388	2
2748	2882	1
2748	2929	1
2748	2956	1
2748	3007	1
2748	3786	1
2748	3844	1
2748	4075	3
2748	4856	1
2749	3208	1
2749	4215	1
2749	4259	1
2749	4489	1
2751	3337	2
2751	3652	1
2751	3697	1
2751	3700	2
2751	3840	1
2751	3983	1
2751	4089	1
2751	4300	1
2751	4511	1
2751	4593	1
2751	4595	2
2751	4598	2
2751	4859	1
2751	5125	1
2751	5127	2
2751	5129	1
2751	5130	1
2751	5132	2
2752	4817	2
2752	5036	2
2774	4676	1
2774	4710	2
2774	4921	1
2780	3006	1
2780	3052	1
2780	3188	1
2780	3198	1
2780	4028	1
2780	4075	1
2780	4202	1
2780	4823	1
2780	5159	1
2784	2938	1
2784	2991	1
2784	3058	1
2784	3371	1
2784	4519	1
2784	4566	1
2784	4567	1
2784	4619	1
2784	4640	1
2784	4750	1
2784	4821	1
2784	4822	1
2784	4863	1
2784	4907	1
2784	5243	1
2787	4685	1
2800	3878	1
2806	2911	6
2806	3272	3
2806	4434	10
2806	4939	1
2806	5156	2
2806	5205	2
2808	3079	1
2808	4434	1
2810	3528	4
2810	3635	4
2810	4624	4
2810	4845	1
2814	2841	6
2814	3019	1
2814	3927	3
2814	4080	1
2814	4779	2
2814	4876	1
2814	5065	2
2817	3019	2
2817	3734	2
2817	4277	1
2817	4979	3
2829	4393	1
2848	3169	1
2848	4001	1
2848	4317	1
2848	4534	1
2848	4648	1
2848	4965	1
2852	3287	2
2852	3416	1
2852	4409	2
2852	5021	1
2855	2859	1
2855	2870	1
2855	3511	1
2855	3571	1
2855	4133	2
2855	4971	1
2855	5106	1
2859	2870	1
2859	3511	1
2859	3571	1
2859	4347	1
2859	4849	2
2859	4971	1
2865	3167	1
2865	3335	1
2865	4319	1
2865	4614	1
2868	3403	1
2868	3613	3
2868	5061	1
2870	3511	1
2870	3571	1
2870	4971	1
2871	4676	1
2871	4746	1
2871	4921	2
2884	3288	2
2884	3454	1
2884	3858	2
2897	3039	1
2897	3510	1
2897	3980	1
2897	5035	1
2897	5123	1
2898	3053	1
2898	3638	1
2898	3647	1
2898	4556	1
2898	4572	1
2898	4651	1
2898	4976	1
2904	3880	1
2904	4517	1
2904	4574	1
2904	4753	1
2904	4756	1
2904	5148	1
2905	3375	2
2905	3470	2
2905	4420	2
2905	4711	2
2906	3192	1
2906	4123	1
2911	4434	6
2911	4939	1
2929	3786	1
2929	3844	1
2929	4075	1
2929	4856	1
2933	4203	2
2933	4865	4
2933	5097	2
2933	5099	2
2936	3052	1
2936	3198	1
2936	3728	1
2936	4063	1
2936	4486	1
2936	4558	1
2936	4687	1
2936	4809	1
2936	5039	1
2938	2991	1
2938	3058	1
2938	3371	1
2938	4075	1
2938	4519	1
2938	4566	1
2938	4567	1
2938	4619	1
2938	4640	1
2938	4750	1
2938	4821	1
2938	4822	1
2938	4863	1
2938	4907	1
2938	5243	1
2944	3949	3
2951	3097	1
2951	3421	1
2951	3959	1
2951	4237	1
2951	4704	1
2951	5081	1
2956	3007	3
2956	4075	1
2956	4725	1
2956	4815	2
2956	4818	1
2956	5248	2
2961	3564	1
2961	3839	1
2961	4183	1
2961	4198	1
2961	4421	1
2961	4722	1
2964	3236	1
2964	3283	1
2964	3410	2
2964	3732	2
2964	3825	2
2964	3903	1
2964	4061	1
2964	4112	1
2964	4113	1
2964	4179	1
2964	4181	1
2964	4291	1
2964	4292	1
2964	4339	1
2964	4611	1
2964	4638	1
2964	4852	2
2964	4878	2
2964	4909	2
2991	3058	1
2991	3371	1
2991	4519	1
2991	4566	1
2991	4567	1
2991	4619	1
2991	4640	1
2991	4750	1
2991	4821	1
2991	4822	1
2991	4863	1
2991	4907	1
2991	5243	1
2993	3691	2
2994	3052	1
2994	3198	1
2994	4028	1
2994	4202	1
3002	3871	1
3002	4498	1
3002	4624	1
3002	4759	1
3002	4845	1
3002	5196	1
3004	3123	1
3004	4449	1
3004	4716	1
3004	4745	1
3004	5203	1
3006	3052	1
3006	3188	1
3006	3198	1
3006	4028	1
3006	4075	1
3006	4202	1
3006	4823	1
3006	5159	1
3007	4075	1
3007	4725	1
3007	4815	2
3007	4818	1
3007	5248	2
3009	3033	4
3009	3125	1
3009	3919	1
3009	4840	1
3009	4939	1
3012	4624	2
3012	5225	1
3019	3734	1
3019	3927	1
3020	3361	1
3020	3782	1
3020	3916	1
3020	4562	1
3020	4771	1
3020	5075	1
3030	3207	1
3030	3985	1
3030	4196	1
3030	4206	1
3030	4221	1
3030	4328	1
3030	4338	1
3030	4522	1
3030	4814	1
3030	5052	1
3030	5104	1
3030	5110	1
3030	5113	3
3030	5216	4
3033	3125	3
3033	3258	1
3033	3919	1
3033	4840	1
3037	3467	1
3037	3739	1
3037	4609	1
3039	3510	1
3039	3980	1
3039	5035	1
3039	5123	1
3040	5044	1
3040	5128	1
3040	5250	1
3043	3854	1
3043	4597	1
3052	3188	1
3052	3198	6
3052	3728	1
3052	3943	1
3052	4028	4
3052	4063	1
3052	4075	1
3052	4202	5
3052	4486	1
3052	4558	1
3052	4573	1
3052	4609	1
3052	4661	1
3052	4687	1
3052	4724	1
3052	4809	1
3052	4823	1
3052	5039	1
3052	5095	1
3052	5157	1
3052	5159	1
3053	3638	1
3053	3647	1
3053	4556	1
3053	4572	1
3053	4651	1
3053	4976	1
3058	3371	1
3058	4519	1
3058	4566	1
3058	4567	1
3058	4619	1
3058	4640	1
3058	4750	1
3058	4821	1
3058	4822	1
3058	4863	1
3058	4907	1
3058	5243	1
3062	4570	1
3062	4717	2
3066	3341	2
3066	5080	2
3091	3553	2
3091	5079	2
3097	3421	1
3097	3959	1
3097	4237	1
3097	4704	1
3097	5081	1
3100	4179	1
3100	4893	2
3116	3745	1
3117	3289	1
3117	4482	1
3117	5012	1
3123	4449	1
3123	4716	1
3123	4745	1
3123	5203	1
3125	3258	1
3125	4783	1
3125	4939	1
3161	4779	2
3161	5065	1
3167	3335	1
3167	4319	1
3167	4614	1
3169	3287	1
3169	3416	1
3169	3613	1
3169	4001	1
3169	4317	1
3169	4534	1
3169	4648	1
3169	4965	1
3173	3193	1
3173	4122	1
3173	4194	1
3173	4872	1
3173	4886	1
3188	3198	1
3188	4028	1
3188	4075	1
3188	4202	1
3188	4823	1
3188	5159	1
3192	4001	1
3192	4053	1
3192	4615	1
3192	5266	1
3193	4122	1
3193	4194	1
3193	4872	1
3193	4886	1
3198	3728	1
3198	3943	1
3198	4028	4
3198	4063	1
3198	4075	1
3198	4202	4
3198	4486	1
3198	4558	1
3198	4573	1
3198	4687	1
3198	4809	1
3198	4823	1
3198	5039	1
3198	5095	1
3198	5157	1
3198	5159	1
3206	3842	2
3206	3948	1
3206	4486	1
3206	4803	1
3206	4909	1
3206	4924	1
3206	4930	1
3207	4206	1
3207	4328	1
3207	5052	1
3207	5104	2
3208	4215	1
3208	4259	1
3208	4489	1
3226	3685	1
3236	3283	1
3236	3410	1
3236	3732	1
3236	3825	1
3236	4061	1
3236	4179	1
3236	4291	1
3236	4292	1
3236	4852	1
3236	4878	1
3236	4909	1
3254	3750	4
3258	4275	1
3258	5192	1
3272	3417	1
3272	4340	2
3272	4434	3
3272	5156	2
3272	5205	2
3283	3410	1
3283	3732	1
3283	3825	1
3283	4061	1
3283	4179	1
3283	4291	1
3283	4292	1
3283	4852	1
3283	4878	1
3283	4909	1
3287	4409	3
3288	3454	1
3288	3858	2
3289	3454	1
3289	4482	1
3313	4921	2
3335	4319	1
3335	4614	1
3337	3652	1
3337	3697	1
3337	3700	2
3337	3840	1
3337	3983	1
3337	4089	1
3337	4300	1
3337	4511	1
3337	4593	1
3337	4595	2
3337	4598	2
3337	4859	1
3337	5125	1
3337	5127	2
3337	5129	1
3337	5130	1
3337	5132	2
3338	4857	1
3338	5144	2
3340	3476	1
3340	3477	1
3340	3715	1
3341	5080	2
3355	4711	3
3355	5166	1
3360	3448	1
3360	4113	1
3360	4292	2
3360	4876	3
3361	3782	1
3361	3916	1
3361	4562	1
3361	4771	1
3361	5075	1
3371	4519	1
3371	4566	1
3371	4567	1
3371	4619	1
3371	4640	1
3371	4750	1
3371	4821	1
3371	4822	1
3371	4863	1
3371	4907	1
3371	5243	1
3375	3470	2
3375	4420	2
3375	4711	2
3393	3454	1
3393	3940	3
3403	3613	3
3403	5061	3
3410	3732	2
3410	3825	2
3410	3903	1
3410	4061	1
3410	4112	1
3410	4113	1
3410	4179	1
3410	4181	1
3410	4291	1
3410	4292	1
3410	4339	1
3410	4611	1
3410	4638	1
3410	4852	2
3410	4878	2
3410	4909	2
3416	4624	1
3417	3762	3
3418	3639	1
3418	3771	1
3418	3960	1
3418	4365	1
3418	4527	1
3418	4705	1
3418	4826	1
3421	3959	1
3421	4237	1
3421	4704	4
3421	4948	2
3421	5081	1
3452	4655	3
3452	5134	3
3454	3858	1
3454	3940	1
3461	3469	2
3461	3602	1
3461	3913	2
3461	4709	2
3461	4761	2
3461	4788	2
3467	3739	1
3467	4609	1
3469	3602	1
3469	3913	2
3469	4709	2
3469	4761	2
3469	4788	2
3470	4420	2
3470	4711	2
3472	3571	3
3472	4971	3
3476	3477	1
3476	3715	1
3477	3715	1
3510	3980	1
3510	5035	1
3510	5123	1
3511	3571	1
3511	4971	1
3526	3650	2
3526	3958	3
3528	3635	6
3528	4624	6
3528	4845	1
3553	5079	2
3564	3839	1
3564	4183	1
3564	4198	1
3564	4421	1
3564	4722	1
3568	4947	1
3571	4971	4
3573	3613	4
3592	5076	4
3602	3913	1
3602	4709	1
3602	4761	1
3602	4788	1
3612	4685	1
3613	4260	3
3613	4420	1
3613	4482	1
3613	5061	5
3622	3778	3
3622	3950	2
3635	4371	1
3635	4624	6
3635	4783	1
3635	4845	1
3638	3647	1
3638	4556	1
3638	4572	1
3638	4651	1
3638	4976	1
3639	3771	1
3639	3960	1
3639	4365	1
3639	4527	1
3639	4705	1
3639	4826	1
3647	4556	1
3647	4572	1
3647	4651	1
3647	4976	1
3650	3958	1
3652	3700	1
3652	3840	1
3652	3983	1
3652	4089	1
3652	4300	1
3652	4593	1
3652	4595	1
3652	4598	1
3652	5125	1
3652	5127	1
3652	5132	1
3686	3719	3
3686	3865	3
3697	3700	1
3697	4511	1
3697	4595	1
3697	4598	1
3697	4859	1
3697	5127	1
3697	5129	1
3697	5130	1
3697	5132	1
3700	3840	1
3700	3983	1
3700	4089	1
3700	4300	1
3700	4511	1
3700	4593	1
3700	4595	2
3700	4598	2
3700	4859	1
3700	5125	1
3700	5127	2
3700	5129	1
3700	5130	1
3700	5132	2
3706	3952	2
3706	4126	2
3706	4128	1
3706	4162	3
3706	4297	1
3706	4731	4
3719	3865	3
3728	4063	1
3728	4486	1
3728	4558	1
3728	4687	1
3728	4809	1
3728	5039	1
3732	3825	2
3732	3903	1
3732	4061	1
3732	4112	1
3732	4113	1
3732	4179	1
3732	4181	1
3732	4291	1
3732	4292	1
3732	4339	1
3732	4611	1
3732	4638	1
3732	4852	2
3732	4878	2
3732	4909	2
3734	4277	1
3736	4053	1
3739	4609	1
3745	4901	1
3762	4723	3
3762	4734	1
3771	3960	1
3771	4365	1
3771	4527	1
3771	4705	1
3771	4826	1
3778	3950	2
3778	4425	1
3778	4847	1
3778	5212	1
3782	3916	1
3782	4562	1
3782	4771	1
3782	5075	1
3786	3844	1
3786	4075	1
3786	4856	1
3819	4703	3
3825	3903	1
3825	4061	1
3825	4112	1
3825	4113	1
3825	4179	1
3825	4181	1
3825	4291	1
3825	4292	1
3825	4339	1
3825	4611	1
3825	4638	1
3825	4852	2
3825	4878	2
3825	4909	2
3839	4183	1
3839	4198	1
3839	4421	1
3839	4722	1
3840	3983	1
3840	4089	1
3840	4300	1
3840	4593	1
3840	4595	1
3840	4598	1
3840	5125	1
3840	5127	1
3840	5132	1
3842	3948	1
3842	4486	1
3842	4683	1
3842	4803	1
3842	4909	1
3842	4924	1
3842	4930	1
3844	4075	2
3844	4570	1
3844	4856	2
3854	4597	1
3870	4727	2
3871	4498	1
3871	4624	1
3871	4759	1
3871	4845	1
3871	5196	1
3878	4275	2
3878	5192	1
3880	4517	1
3880	4574	1
3880	4753	1
3880	4756	1
3880	5148	1
3896	5198	2
3903	4112	1
3903	4113	1
3903	4181	1
3903	4339	1
3903	4611	1
3903	4638	1
3903	4852	1
3903	4878	1
3903	4909	1
3913	4709	2
3913	4761	2
3913	4788	2
3916	4562	1
3916	4771	1
3916	5075	1
3919	5044	3
3927	4779	1
3929	3963	1
3929	4197	2
3929	5072	3
3943	4028	1
3943	4202	1
3943	4573	1
3948	4486	1
3948	4909	1
3948	4924	1
3948	4930	1
3952	4128	1
3952	4162	1
3952	4297	1
3952	4731	2
3959	4237	1
3959	4704	1
3959	5081	1
3960	4365	1
3960	4527	1
3960	4705	1
3960	4826	1
3963	5072	1
3980	5035	1
3980	5123	1
3983	4089	1
3983	4300	1
3983	4593	1
3983	4595	1
3983	4598	1
3983	5125	1
3983	5127	1
3983	5132	1
3984	3991	1
3984	3992	1
3984	5163	1
3984	5166	1
3985	4196	1
3985	4522	1
3985	4814	1
3991	3992	2
3991	5163	2
3991	5166	2
3992	5163	2
3992	5166	2
4001	4053	1
4001	4317	1
4001	4534	1
4001	4615	1
4001	4648	1
4001	4965	1
4001	5266	1
4028	4075	1
4028	4202	4
4028	4573	1
4028	4823	1
4028	5159	1
4035	4841	1
4035	5093	1
4053	4615	1
4053	4783	1
4053	5266	1
4061	4179	1
4061	4291	1
4061	4292	1
4061	4852	1
4061	4878	1
4061	4909	1
4063	4486	1
4063	4558	1
4063	4687	1
4063	4809	1
4063	5039	1
4070	5079	1
4075	4202	1
4075	4570	1
4075	4823	1
4075	4856	2
4075	5159	1
4080	4779	1
4089	4300	1
4089	4593	1
4089	4595	1
4089	4598	1
4089	5125	1
4089	5127	1
4089	5132	1
4098	4596	1
4112	4113	1
4112	4181	1
4112	4339	1
4112	4611	1
4112	4638	1
4112	4852	1
4112	4878	1
4112	4909	1
4113	4181	1
4113	4339	1
4113	4611	1
4113	4638	1
4113	4852	1
4113	4876	1
4113	4878	1
4113	4909	1
4122	4194	1
4122	4872	1
4122	4886	1
4123	4615	1
4126	4162	2
4126	4731	2
4128	4162	1
4128	4297	1
4128	4731	1
4133	5106	1
4149	4702	1
4149	4879	2
4162	4297	1
4162	4541	1
4162	4731	3
4162	5075	1
4162	5084	1
4177	5001	2
4179	4291	1
4179	4292	1
4179	4852	1
4179	4878	1
4179	4893	2
4179	4909	1
4181	4339	1
4181	4611	1
4181	4638	1
4181	4852	1
4181	4878	1
4181	4909	1
4183	4198	1
4183	4421	1
4183	4722	1
4191	4751	1
4191	4851	1
4194	4872	1
4194	4886	1
4196	4522	1
4196	4814	1
4197	5072	2
4198	4421	1
4198	4722	1
4202	4573	1
4202	4823	1
4202	5159	1
4203	4865	1
4203	5097	1
4203	5099	1
4206	4328	1
4206	5052	1
4206	5104	1
4215	4259	1
4215	4489	1
4221	4338	1
4221	4457	1
4221	4676	3
4221	4710	2
4221	4948	4
4221	5110	1
4221	5216	2
4237	4704	1
4237	5081	1
4259	4489	1
4265	4453	1
4265	5040	1
4265	5235	1
4270	4702	1
4270	5224	1
4277	4979	2
4291	4292	1
4291	4852	1
4291	4878	1
4291	4909	1
4292	4852	1
4292	4876	1
4292	4878	1
4292	4909	1
4297	4731	1
4300	4593	1
4300	4595	1
4300	4598	1
4300	5125	1
4300	5127	1
4300	5132	1
4312	4425	1
4317	4534	1
4317	4648	1
4317	4792	1
4317	4950	1
4317	4965	1
4319	4614	1
4328	5052	1
4328	5104	1
4338	5110	1
4339	4611	1
4339	4638	1
4339	4852	1
4339	4878	1
4339	4909	1
4365	4527	1
4365	4705	1
4365	4826	1
4380	4405	2
4387	5048	2
4392	4457	1
4392	4535	1
4392	4676	1
4392	4710	1
4420	4711	2
4421	4722	1
4434	4939	1
4434	5156	2
4434	5205	2
4449	4716	1
4449	4745	1
4449	5203	1
4451	4768	2
4453	5040	1
4453	5235	1
4457	4676	1
4457	4710	2
4457	4948	1
4482	5061	1
4486	4558	1
4486	4687	1
4486	4809	1
4486	4909	1
4486	4924	1
4486	4930	1
4486	5039	1
4498	4624	1
4498	4759	1
4498	4845	1
4498	5196	1
4511	4595	1
4511	4598	1
4511	4859	1
4511	5127	1
4511	5129	1
4511	5130	1
4511	5132	1
4517	4574	1
4517	4753	1
4517	4756	1
4517	5148	1
4519	4566	1
4519	4567	1
4519	4619	1
4519	4640	1
4519	4750	1
4519	4821	1
4519	4822	1
4519	4863	1
4519	4907	1
4519	5243	1
4522	4814	1
4525	4827	1
4527	4705	1
4527	4826	1
4534	4648	1
4534	4965	1
4541	5075	1
4541	5084	1
4556	4572	1
4556	4651	1
4556	4976	1
4558	4687	1
4558	4809	1
4558	5039	1
4562	4771	1
4562	5075	1
4566	4567	1
4566	4619	1
4566	4640	1
4566	4750	1
4566	4821	1
4566	4822	1
4566	4863	1
4566	4907	1
4566	5243	1
4567	4619	1
4567	4640	1
4567	4750	1
4567	4821	1
4567	4822	1
4567	4863	1
4567	4907	1
4567	5243	1
4570	4717	1
4570	4856	1
4572	4651	1
4572	4976	1
4574	4753	1
4574	4756	1
4574	5148	1
4582	4840	1
4585	4997	2
4593	4595	1
4593	4598	1
4593	5125	1
4593	5127	1
4593	5132	1
4595	4598	2
4595	4859	1
4595	5125	1
4595	5127	2
4595	5129	1
4595	5130	1
4595	5132	2
4598	4859	1
4598	5125	1
4598	5127	2
4598	5129	1
4598	5130	1
4598	5132	2
4600	4871	2
4600	4883	1
4600	4963	2
4600	5028	4
4609	4661	1
4609	4724	1
4611	4638	1
4611	4852	1
4611	4878	1
4611	4909	1
4615	5266	1
4619	4640	1
4619	4750	1
4619	4821	1
4619	4822	1
4619	4863	1
4619	4907	1
4619	5243	1
4621	5012	1
4624	4759	1
4624	4845	2
4624	5196	1
4624	5225	1
4638	4852	1
4638	4878	1
4638	4909	1
4640	4750	1
4640	4821	1
4640	4822	1
4640	4863	1
4640	4907	1
4640	5243	1
4648	4965	1
4651	4976	1
4655	5134	3
4661	4724	1
4676	4710	3
4676	4746	1
4676	4921	1
4676	4948	2
4687	4809	1
4687	5039	1
4689	5028	1
4702	5224	3
4704	4948	2
4704	5081	1
4705	4826	1
4709	4761	2
4709	4788	2
4710	4948	1
4711	5106	1
4711	5166	1
4716	4745	1
4716	5203	1
4723	4734	1
4725	4815	1
4725	4818	1
4725	5248	1
4745	5203	1
4746	4921	2
4750	4821	1
4750	4822	1
4750	4863	1
4750	4907	1
4750	5243	1
4751	4851	1
4753	4756	1
4753	5148	1
4756	5148	1
4759	4845	1
4759	5196	1
4761	4788	2
4763	5212	1
4771	5075	1
4779	5065	1
4792	4950	1
4799	4895	2
4809	5039	1
4815	4818	1
4815	5248	2
4817	5036	1
4818	5248	1
4821	4822	1
4821	4863	1
4821	4907	1
4821	5243	1
4822	4863	1
4822	4907	1
4822	5243	1
4823	5159	1
4840	5044	1
4841	5093	1
4845	5196	1
4852	4878	2
4852	4909	2
4859	5127	1
4859	5129	1
4859	5130	1
4859	5132	1
4863	4907	1
4863	5243	1
4865	5097	1
4865	5099	1
4866	5067	1
4871	4963	2
4871	5028	2
4872	4886	1
4878	4909	2
4895	4898	2
4895	4976	2
4898	4976	1
4898	5246	3
4907	5243	1
4909	4924	1
4909	4930	1
4916	4992	1
4916	5216	1
4924	4930	1
4963	5028	2
4992	5216	1
5035	5123	1
5040	5235	1
5044	5128	1
5044	5250	1
5052	5104	1
5075	5084	1
5095	5157	1
5097	5099	2
5125	5127	1
5125	5132	1
5127	5129	1
5127	5130	1
5127	5132	2
5128	5250	1
5129	5130	1
5129	5132	1
5130	5132	1
5156	5205	2
5163	5166	2
