3	165	1
3	167	2
3	282	1
3	580	2
3	1744	2
3	2134	1
3	2237	1
3	2539	1
3	2843	1
3	3128	1
3	3516	3
3	3989	2
3	4298	3
6	1283	2
6	1612	2
6	1639	1
6	4207	1
6	4635	2
6	4718	1
9	474	1
9	718	2
9	870	2
9	1022	1
9	1156	1
9	1285	1
9	1491	1
9	2645	1
9	2701	2
9	3819	2
9	3820	2
9	4296	1
15	398	1
15	863	1
15	1766	1
15	3142	1
15	3469	1
15	4032	1
15	4362	1
15	4472	1
18	138	1
18	253	1
18	1225	1
18	1297	1
18	1412	1
18	1830	1
18	1927	1
18	2058	1
18	2083	1
18	2121	1
18	2322	1
18	3085	1
18	3571	1
18	4621	1
18	4646	1
18	4651	1
18	4662	1
19	455	1
19	723	1
19	745	1
19	803	1
19	832	1
19	1086	1
19	1660	1
19	1729	1
19	2093	1
19	2257	1
19	3237	1
19	3699	1
19	3713	1
19	3809	1
19	4341	1
19	4387	1
19	4623	1
33	506	1
33	712	1
33	758	1
33	794	2
33	2057	1
49	131	1
49	419	1
49	691	1
49	741	1
49	905	1
49	1118	1
49	1637	1
49	1754	1
49	2087	1
49	2745	1
49	3945	1
49	3981	1
49	4417	1
49	4467	1
58	758	1
58	931	1
58	1519	1
58	3506	1
61	1398	2
61	3036	1
61	4635	1
63	406	2
63	1515	1
63	2237	1
63	2539	1
63	2987	1
63	3551	2
63	3642	1
63	3772	1
63	4542	1
72	2006	2
72	3090	1
72	3506	1
75	849	2
75	1366	2
75	1603	3
75	2069	3
75	2832	2
75	2834	3
75	3413	3
75	4244	2
77	568	1
77	810	2
77	1771	1
77	3108	1
77	3426	2
77	3527	2
79	184	1
79	1103	1
79	1117	1
79	1255	1
79	1614	1
79	1806	1
79	2373	1
79	2447	1
79	2485	1
79	2570	1
79	3593	1
79	4357	1
89	353	2
89	1339	1
89	1853	1
89	2970	1
89	4707	2
100	102	1
100	153	1
100	192	1
100	205	1
100	646	1
100	786	1
100	1283	2
100	1639	1
100	1668	1
100	2771	1
100	3265	1
100	4635	1
101	124	1
101	810	1
101	946	1
101	1283	2
101	1521	1
101	1766	1
101	3426	1
101	4635	2
102	105	1
102	119	5
102	153	5
102	205	5
102	239	1
102	402	1
102	646	2
102	733	5
102	786	6
102	850	2
102	1283	7
102	1556	10
102	1608	1
102	1668	1
102	2011	1
102	2332	3
102	2771	6
102	3228	4
102	3263	1
102	3265	4
102	3266	3
102	3414	1
102	3490	4
102	4199	12
102	4219	7
102	4635	5
102	4719	3
102	4747	1
102	4789	2
105	402	4
105	1283	6
105	1608	1
105	1668	1
105	2011	1
105	2362	5
105	3155	2
105	3377	1
105	3414	1
105	4400	2
105	4635	1
105	4747	5
112	1984	2
112	3193	8
112	3422	8
112	3824	2
112	4261	2
112	4271	8
112	4372	8
113	870	1
113	1235	2
113	1610	1
113	2217	1
113	2645	2
113	2766	2
113	3193	5
113	3422	6
113	3608	2
113	3955	4
113	4271	6
113	4372	4
113	4464	2
113	4726	1
119	1556	1
119	3266	1
119	4199	1
119	4219	4
119	4719	1
120	130	1
120	673	1
120	1168	1
120	1787	1
120	1803	1
120	2060	1
120	2512	1
120	4172	1
120	4305	1
120	4663	1
120	4765	1
124	568	1
124	810	2
124	946	1
124	1771	1
124	3108	1
124	3426	2
130	673	1
130	1168	1
130	1787	1
130	1803	1
130	2060	1
130	2512	1
130	4172	1
130	4305	1
130	4663	1
130	4765	1
131	419	1
131	643	1
131	691	1
131	741	1
131	905	1
131	1118	1
131	1637	1
131	2078	1
131	2745	1
131	2875	1
131	2956	1
131	3981	1
131	4417	1
131	4467	1
133	419	2
133	691	1
133	1118	2
133	4417	1
133	4467	2
133	4782	1
136	963	3
136	1122	2
136	1347	3
136	2798	3
136	3465	2
136	3724	3
136	4161	2
138	253	1
138	1225	1
138	1297	1
138	1412	1
138	1830	1
138	1927	1
138	2058	1
138	2083	1
138	2121	1
138	2322	1
138	3085	1
138	3571	1
138	4621	1
138	4646	1
138	4651	1
138	4662	1
144	515	1
144	3631	1
153	205	5
153	646	1
153	733	4
153	786	5
153	850	2
153	1283	5
153	1668	1
153	2771	5
153	3263	1
153	3265	4
153	4635	1
154	1342	1
154	3000	1
158	1283	4
158	3470	3
158	4400	1
158	4584	3
158	4635	1
163	197	1
163	1221	1
163	1622	1
163	1722	1
163	1723	1
163	1848	1
163	1990	1
163	2013	1
163	2088	1
163	2115	1
163	2117	1
163	2305	1
163	2406	1
163	2762	1
163	3022	1
163	3965	1
163	4593	1
164	282	3
164	932	1
164	1792	3
164	1798	1
164	3616	1
165	282	17
165	932	3
165	1792	14
165	1797	2
165	2034	4
165	2752	3
165	2843	1
165	3616	4
167	238	2
167	580	1
167	1744	1
167	1894	2
167	1998	2
167	2134	1
167	2237	1
167	2843	1
167	3485	1
167	3502	1
167	3516	3
167	3865	1
167	3910	1
167	4298	2
170	1223	7
170	2217	2
170	2764	1
170	3173	1
170	3349	1
170	4728	1
171	565	2
171	622	2
171	737	2
171	1097	2
171	1168	2
171	1318	2
171	1642	2
171	2310	2
171	2335	2
171	2399	2
171	3210	2
171	3482	1
171	4205	1
171	4237	1
171	4449	2
174	206	1
174	236	1
174	609	1
174	882	1
174	893	1
174	1671	1
174	2607	1
174	3507	1
174	4048	1
174	4118	1
174	4197	1
177	531	1
177	570	1
177	654	1
177	746	1
177	827	1
177	1140	1
177	2510	1
177	3563	1
177	3694	1
177	3697	1
177	3736	1
177	3738	1
177	4150	1
177	4167	1
177	4313	1
177	4639	1
179	4339	3
179	4394	2
184	1103	1
184	1117	1
184	1255	1
184	1614	1
184	1806	1
184	2373	1
184	2447	1
184	2485	1
184	2570	1
184	3593	1
184	4357	1
187	1103	1
187	1801	1
192	325	1
192	1283	2
192	1639	2
192	1668	1
192	1784	1
192	4635	2
192	4735	1
197	1221	1
197	1622	1
197	1722	1
197	1723	1
197	1848	1
197	1901	1
197	1990	1
197	2013	1
197	2088	1
197	2115	1
197	2117	1
197	2305	1
197	2406	1
197	2581	1
197	2762	1
197	2946	1
197	3022	1
197	3965	1
197	4379	1
197	4593	1
205	646	1
205	733	4
205	786	5
205	850	2
205	1283	5
205	1668	1
205	2771	5
205	3263	1
205	3265	4
205	4635	1
206	236	1
206	609	1
206	882	1
206	893	1
206	1671	1
206	2607	1
206	3507	1
206	4048	1
206	4118	1
206	4197	1
211	543	1
211	604	1
211	1079	1
211	1310	1
211	1449	1
211	1705	1
211	1978	1
211	2023	1
211	2081	1
211	3222	1
211	3604	1
211	4147	1
211	4448	1
213	445	1
213	954	2
213	1878	2
236	609	1
236	865	3
236	882	1
236	893	1
236	1194	2
236	1311	1
236	1432	1
236	1465	2
236	1671	1
236	1755	2
236	1776	1
236	1840	1
236	2093	1
236	2134	1
236	2155	1
236	2304	1
236	2607	1
236	2816	1
236	2834	2
236	3012	2
236	3161	2
236	3507	1
236	3646	2
236	3805	1
236	3807	1
236	4048	1
236	4118	1
236	4197	1
236	4341	1
236	4387	1
236	4608	2
236	4623	1
237	724	1
237	1312	3
237	1515	1
237	2628	1
237	3060	1
237	4404	1
238	1998	1
238	2237	1
238	2843	1
238	3516	1
238	3865	1
239	1556	1
239	1754	1
239	1861	6
239	2797	1
239	3215	5
239	3945	1
239	4158	5
239	4199	1
239	4789	1
248	524	2
248	1085	2
248	1547	2
248	1785	2
248	1972	3
248	2256	3
248	2457	2
248	2458	2
248	2574	2
248	2597	1
248	2684	3
248	3617	3
248	3622	1
248	3698	3
248	4196	2
253	1225	1
253	1297	1
253	1412	1
253	1830	1
253	1927	1
253	2058	1
253	2083	1
253	2121	1
253	2322	1
253	3085	1
253	3571	1
253	4621	1
253	4646	1
253	4651	1
253	4662	1
257	803	1
257	1849	1
257	2093	1
257	2285	2
257	2691	2
257	4287	1
257	4387	1
257	4623	1
259	632	1
259	696	1
259	1119	1
259	1903	1
259	1909	1
259	2070	1
259	2429	1
259	2783	1
259	3156	1
259	3231	1
259	3290	1
259	3316	1
259	3411	1
259	3438	1
259	4643	1
274	789	1
274	929	1
274	1080	1
274	1095	1
274	1123	1
274	1270	1
274	1481	1
274	2130	1
274	2273	1
274	2400	1
274	2734	1
274	3326	1
274	3581	1
274	3902	1
274	3918	1
274	4070	1
274	4345	1
282	932	4
282	1792	19
282	1797	2
282	1798	3
282	2034	5
282	2752	3
282	2843	2
282	3616	5
282	4658	2
285	931	2
285	1201	2
285	1241	2
285	3491	2
285	4338	2
291	436	2
291	922	2
291	1498	2
291	4114	2
291	4478	2
307	1512	2
307	2271	3
307	4486	3
309	724	4
309	942	2
309	1314	5
309	1437	5
309	1517	2
309	1928	4
309	2530	1
309	2947	2
309	2956	2
309	3076	3
309	3234	1
309	3727	1
309	3910	1
309	4075	4
309	4391	2
309	4546	5
309	4712	2
309	4792	1
314	896	2
314	1176	1
314	1836	2
314	2431	1
314	2805	1
314	3910	2
314	4409	2
314	4508	2
314	4725	1
325	370	1
325	402	2
325	445	1
325	1283	3
325	1608	1
325	1639	1
325	1784	1
325	2011	1
325	2150	1
325	3414	2
325	4635	1
325	4735	1
327	1548	1
327	2468	1
327	2597	1
327	3189	1
335	538	1
335	577	1
335	854	1
335	1057	1
335	2865	1
335	3207	1
335	3409	1
335	3642	1
335	4097	1
335	4127	1
335	4452	1
335	4560	1
338	1782	3
338	3167	2
338	3941	1
353	1339	2
353	1853	1
362	758	2
362	1859	3
362	1893	2
362	2486	1
362	3112	4
369	1185	2
369	4408	2
369	4459	2
370	445	2
370	3652	1
370	4735	1
372	515	1
372	3631	1
372	4589	1
372	4770	1
373	440	5
373	1504	3
373	1889	3
374	619	2
374	2814	2
374	3640	1
374	4344	2
390	1088	2
390	1396	2
390	1403	2
390	1404	2
390	1464	1
390	1689	2
390	1734	2
390	2312	2
390	3703	2
390	3706	2
390	4157	2
390	4620	2
390	4656	2
390	4661	2
393	869	1
393	1735	1
393	2258	1
393	2676	1
393	2707	1
393	2714	1
393	4169	1
393	4195	1
393	4270	1
393	4625	1
393	4637	1
398	863	3
398	954	2
398	1758	1
398	2480	1
398	3142	2
398	3469	2
398	4362	1
402	510	1
402	1283	8
402	1608	2
402	1668	1
402	2011	4
402	2150	1
402	2362	3
402	3155	2
402	3177	1
402	3377	1
402	3414	3
402	4400	2
402	4747	3
406	2237	1
406	2539	1
406	2987	1
406	3551	3
406	3642	1
411	1234	3
411	2218	1
411	2287	2
411	4132	3
411	4602	2
419	691	2
419	741	1
419	905	1
419	1118	3
419	1239	1
419	1637	1
419	2745	1
419	3981	1
419	4417	2
419	4467	3
419	4782	2
423	2346	2
423	2814	2
423	3012	1
423	4348	1
423	4600	2
426	2192	1
426	3507	1
426	3646	1
435	884	1
435	1332	1
435	1645	1
435	1753	1
435	1867	1
435	2344	1
435	2367	1
435	2845	1
435	2898	1
435	3415	1
435	3650	1
435	4068	1
435	4123	1
435	4253	1
435	4299	1
435	4301	1
435	4353	1
435	4390	1
435	4439	1
435	4573	1
436	922	2
436	1498	1
436	2069	1
436	4114	2
436	4478	2
436	4787	1
440	904	1
440	1504	3
440	1889	3
445	954	1
445	3018	2
445	3036	5
445	3652	2
445	4131	2
445	4546	1
445	4735	2
454	3090	2
454	3154	4
454	3668	1
454	4746	1
455	723	13
455	745	1
455	803	1
455	832	1
455	895	3
455	931	1
455	1063	2
455	1086	1
455	1371	1
455	1435	1
455	1660	1
455	1729	1
455	2093	1
455	2257	1
455	3022	1
455	3236	3
455	3237	10
455	3291	2
455	3699	1
455	3713	1
455	3809	1
455	3890	12
455	3904	1
455	4042	2
455	4341	1
455	4387	1
455	4498	1
455	4623	1
464	534	1
464	793	1
464	1320	1
464	2176	1
464	2396	1
464	3237	1
464	3890	1
464	4027	1
464	4051	1
464	4350	1
464	4462	1
464	4509	1
474	870	6
474	1156	1
474	1491	1
474	2824	1
474	3112	1
476	639	2
476	651	2
476	660	2
476	836	1
476	1114	2
476	1679	2
476	1692	2
476	2030	2
476	2138	2
476	2185	2
476	2513	2
476	3567	2
476	3695	2
476	3705	2
476	3722	2
476	3733	2
476	4164	2
476	4175	2
476	4284	2
476	4308	2
476	4398	1
476	4615	2
476	4631	2
476	4761	1
476	4766	2
476	4767	1
488	804	1
488	904	1
488	1324	1
488	1469	1
488	1705	1
488	2468	1
488	2597	1
488	2757	1
488	2827	1
488	3234	1
488	4076	1
489	580	2
489	1744	2
489	2237	2
489	2539	1
489	4298	4
506	712	2
506	758	1
506	794	1
506	1987	1
506	3774	1
506	4033	1
506	4602	1
508	1158	2
508	2370	2
508	3994	2
510	733	1
510	786	1
510	801	1
510	1283	3
510	2011	3
510	2771	1
510	3177	3
510	3265	1
510	3414	1
510	4400	3
515	3234	1
515	3631	1
515	4589	1
515	4770	1
524	1972	2
524	2256	2
524	2458	1
524	2574	1
524	2684	2
524	3617	2
524	3698	2
531	570	1
531	654	1
531	746	1
531	827	1
531	1140	1
531	2510	1
531	3563	1
531	3694	1
531	3697	1
531	3736	1
531	3738	1
531	4150	1
531	4167	1
531	4313	1
531	4639	1
534	793	1
534	1320	2
534	2176	1
534	2396	2
534	3237	1
534	3890	1
534	4027	1
534	4051	2
534	4350	2
534	4462	1
534	4509	1
537	1435	3
537	1565	3
537	1715	3
537	3022	3
538	577	1
538	854	1
538	1057	1
538	2865	1
538	3207	1
538	3409	1
538	3642	1
538	4097	1
538	4127	1
538	4452	1
538	4560	1
543	604	1
543	1079	1
543	1310	1
543	1449	1
543	1705	1
543	1978	1
543	2023	1
543	2081	1
543	3222	1
543	3604	1
543	4147	1
543	4448	1
554	575	9
554	1252	1
554	1968	3
554	2722	7
554	3216	4
554	3369	3
554	3654	1
554	3835	2
554	4445	2
554	4446	3
565	622	2
565	737	2
565	1097	2
565	1168	2
565	1318	2
565	1642	2
565	2310	2
565	2335	2
565	2399	2
565	3210	2
565	3482	1
565	4205	1
565	4237	1
565	4449	2
566	1401	1
566	1407	1
566	1736	1
566	1737	1
566	1823	1
566	1833	1
566	2121	1
566	2288	1
566	2451	1
566	2683	1
566	2713	1
566	3460	1
566	3692	1
566	4156	1
566	4236	1
566	4437	1
566	4618	1
566	4619	1
566	4638	1
566	4768	1
568	810	3
568	946	1
568	1771	3
568	3108	3
568	3426	3
568	3527	2
570	654	1
570	746	1
570	827	1
570	1140	1
570	2510	1
570	3563	1
570	3694	1
570	3697	1
570	3736	1
570	3738	1
570	4150	1
570	4167	1
570	4313	1
570	4639	1
575	1252	2
575	1968	4
575	2722	14
575	3149	1
575	3216	8
575	3369	3
575	3654	3
575	3835	2
575	4038	1
575	4445	3
575	4446	5
577	854	1
577	1057	1
577	2865	1
577	3207	1
577	3409	1
577	3642	1
577	4097	1
577	4127	1
577	4452	1
577	4560	1
580	1744	4
580	2539	1
580	3193	1
580	3422	1
580	3516	1
580	3989	1
580	4271	1
580	4298	5
602	1029	2
602	1110	2
602	1522	2
602	2159	2
602	2813	2
602	4434	2
604	1079	1
604	1310	1
604	1449	1
604	1705	1
604	1978	1
604	2023	1
604	2081	1
604	3222	1
604	3604	1
604	4147	1
604	4448	1
609	882	1
609	893	1
609	1671	1
609	2607	1
609	3507	1
609	4048	1
609	4118	1
609	4197	1
619	2814	2
619	3640	1
619	4344	2
622	737	2
622	1097	2
622	1168	2
622	1318	2
622	1642	2
622	2310	2
622	2335	2
622	2399	2
622	3210	2
622	3482	1
622	4205	1
622	4237	1
622	4449	2
627	1153	1
627	2309	1
627	3349	2
628	1878	1
628	2044	6
628	2695	1
628	2980	1
628	3409	1
632	696	1
632	1119	1
632	1903	1
632	1909	1
632	2070	1
632	2429	1
632	2783	1
632	3156	1
632	3231	1
632	3290	1
632	3316	1
632	3411	1
632	3438	1
632	4643	1
636	736	1
636	739	1
636	741	1
636	1111	1
636	1116	1
636	1720	1
636	1741	1
636	3117	1
636	3346	1
636	3347	1
636	3461	1
636	3602	1
636	3606	1
636	3846	1
636	4352	1
639	651	2
639	660	2
639	836	1
639	1114	2
639	1679	2
639	1692	2
639	2030	2
639	2138	2
639	2185	2
639	2513	2
639	3567	2
639	3695	2
639	3705	2
639	3722	2
639	3733	2
639	4164	2
639	4175	2
639	4284	2
639	4308	2
639	4398	1
639	4615	2
639	4631	2
639	4761	1
639	4766	2
639	4767	1
643	2078	1
643	2875	1
643	2956	1
643	3570	1
646	733	1
646	786	2
646	1283	2
646	2771	2
646	3265	1
651	660	2
651	836	1
651	1114	2
651	1679	2
651	1692	2
651	2030	2
651	2138	2
651	2185	2
651	2513	2
651	3567	2
651	3695	2
651	3705	2
651	3722	2
651	3733	2
651	4164	2
651	4175	2
651	4284	2
651	4308	2
651	4398	1
651	4615	2
651	4631	2
651	4761	1
651	4766	2
651	4767	1
654	746	1
654	827	1
654	1140	1
654	2510	1
654	3563	1
654	3694	1
654	3697	1
654	3736	1
654	3738	1
654	4150	1
654	4167	1
654	4313	1
654	4639	1
660	836	1
660	1114	2
660	1679	2
660	1692	2
660	2030	2
660	2138	2
660	2185	2
660	2513	2
660	3567	2
660	3695	2
660	3705	2
660	3722	2
660	3733	2
660	4164	2
660	4175	2
660	4284	2
660	4308	2
660	4398	1
660	4615	2
660	4631	2
660	4761	1
660	4766	2
660	4767	1
673	1168	1
673	1787	1
673	1803	1
673	2060	1
673	2512	1
673	4172	1
673	4305	1
673	4663	1
673	4765	1
679	1072	1
679	1255	4
679	1569	1
679	3060	3
679	3777	1
680	1366	1
680	1498	1
680	2412	1
680	2834	1
680	3234	1
680	3663	1
680	4787	1
691	741	1
691	905	1
691	1118	2
691	1637	1
691	2745	1
691	3981	1
691	4417	1
691	4467	2
693	1507	1
693	2100	1
693	3053	1
693	3654	1
693	3774	2
694	2793	8
694	3110	2
694	3433	2
694	3446	1
694	3727	3
694	4725	1
696	1119	1
696	1903	1
696	1909	1
696	2070	1
696	2429	1
696	2783	1
696	3156	1
696	3231	1
696	3290	1
696	3316	1
696	3411	1
696	3438	1
696	4643	1
703	1611	3
703	1640	1
703	2157	3
703	2328	3
703	2330	3
703	3851	4
703	4235	1
708	2889	5
712	758	1
712	794	1
712	1234	1
712	1987	1
712	3216	1
712	3654	1
712	3994	1
712	4033	3
712	4602	2
718	2701	2
718	3819	2
718	3820	2
723	745	1
723	803	1
723	832	1
723	895	3
723	931	1
723	1063	2
723	1086	1
723	1371	1
723	1435	1
723	1660	1
723	1729	1
723	2093	1
723	2257	1
723	3022	1
723	3236	3
723	3237	10
723	3291	2
723	3699	1
723	3713	1
723	3809	1
723	3890	12
723	3904	1
723	4042	2
723	4341	1
723	4387	1
723	4498	1
723	4623	1
724	1312	1
724	1314	8
724	1437	7
724	2785	2
724	2956	4
724	3904	1
724	4075	5
724	4391	6
724	4503	1
724	4546	9
724	4792	2
729	1878	5
729	2181	1
729	4032	5
729	4362	1
733	786	9
733	801	1
733	850	2
733	1283	9
733	1668	1
733	2011	3
733	2150	1
733	2771	9
733	3177	3
733	3263	2
733	3265	5
733	3377	1
733	3414	1
733	4400	1
733	4635	3
733	4713	1
736	739	1
736	741	1
736	1111	1
736	1116	1
736	1720	1
736	1741	1
736	3117	1
736	3346	1
736	3347	1
736	3461	1
736	3602	1
736	3606	1
736	3846	1
736	4352	1
737	1097	2
737	1168	4
737	1318	2
737	1642	2
737	2310	2
737	2335	2
737	2399	2
737	3210	2
737	3482	1
737	4205	1
737	4237	1
737	4449	2
739	741	1
739	1111	1
739	1116	1
739	1720	1
739	1741	1
739	3117	1
739	3346	1
739	3347	1
739	3461	1
739	3602	1
739	3606	1
739	3846	1
739	4352	1
741	905	1
741	1111	1
741	1116	1
741	1118	1
741	1637	1
741	1720	1
741	1741	1
741	2745	1
741	3117	1
741	3346	1
741	3347	1
741	3461	1
741	3602	1
741	3606	1
741	3846	1
741	3981	1
741	4352	1
741	4417	1
741	4467	1
743	2051	2
743	2733	2
743	3073	2
743	3654	2
743	4564	2
743	4654	2
745	803	1
745	832	1
745	1086	1
745	1660	1
745	1729	1
745	2093	1
745	2257	1
745	3237	1
745	3699	1
745	3713	1
745	3809	1
745	4341	1
745	4387	1
745	4623	1
746	827	1
746	1140	1
746	2510	1
746	3563	1
746	3694	1
746	3697	1
746	3736	1
746	3738	1
746	4150	1
746	4167	1
746	4313	1
746	4639	1
758	794	1
758	931	1
758	1859	1
758	2645	1
758	3112	1
760	930	1
760	2339	1
760	2488	1
760	2585	1
760	2808	1
760	2858	1
760	3130	1
760	3134	1
760	3701	1
760	3702	1
760	3780	1
774	2074	2
774	2237	2
774	2539	1
774	2987	4
774	3454	3
774	3551	2
774	3589	1
786	801	1
786	850	2
786	1283	10
786	1668	1
786	2011	3
786	2150	1
786	2771	10
786	3177	3
786	3263	2
786	3265	6
786	3377	1
786	3414	1
786	4400	1
786	4635	3
786	4713	1
789	929	1
789	1080	1
789	1095	1
789	1123	1
789	1270	1
789	1481	1
789	2130	1
789	2273	1
789	2400	1
789	2734	1
789	3326	1
789	3581	1
789	3902	1
789	3918	1
789	4070	1
789	4345	1
793	1320	1
793	2176	1
793	2396	1
793	3237	1
793	3890	1
793	4027	1
793	4051	1
793	4350	1
793	4462	1
793	4509	1
801	1283	3
801	1612	1
801	1639	1
801	1766	1
801	2011	2
801	2771	1
801	3177	2
801	3265	1
801	3414	2
801	4400	1
801	4635	1
801	4718	1
803	832	1
803	1086	1
803	1124	1
803	1660	1
803	1729	1
803	2093	2
803	2257	1
803	2285	1
803	2691	1
803	3237	1
803	3699	1
803	3713	2
803	3807	1
803	3809	1
803	3890	1
803	4341	2
803	4387	3
803	4623	2
804	904	4
804	921	5
804	1336	4
804	1468	4
804	1469	4
804	1706	5
804	2468	4
804	2597	4
804	2827	2
804	3004	3
804	3234	7
804	3291	1
804	4076	4
804	4553	1
810	946	2
810	1771	3
810	3108	3
810	3426	5
810	3527	4
827	1140	1
827	2510	1
827	3563	1
827	3694	1
827	3697	1
827	3736	1
827	3738	1
827	4150	1
827	4167	1
827	4313	1
827	4639	1
832	1086	1
832	1660	1
832	1729	1
832	2093	1
832	2257	1
832	3237	1
832	3699	1
832	3713	1
832	3809	1
832	4341	1
832	4387	1
832	4623	1
836	1114	1
836	1679	1
836	1692	1
836	2030	1
836	2138	1
836	2185	1
836	2513	1
836	3567	1
836	3695	1
836	3705	1
836	3722	1
836	3733	1
836	4164	1
836	4175	1
836	4284	1
836	4308	1
836	4615	1
836	4631	1
836	4761	1
836	4766	1
838	2309	2
838	3874	2
838	4436	2
838	4624	2
845	1099	1
845	1826	1
845	3504	2
845	4216	2
845	4671	2
849	1603	2
849	2069	2
849	2832	2
849	2834	1
849	3413	2
849	4244	2
850	1283	2
850	1668	1
850	2771	2
850	3263	1
850	3265	2
850	4635	1
854	1057	1
854	2865	1
854	3207	1
854	3409	1
854	3642	1
854	4097	1
854	4127	1
854	4452	1
854	4560	1
863	954	2
863	1758	1
863	2480	1
863	3142	2
863	3469	2
863	4362	1
865	1465	2
865	1755	2
865	2834	2
865	3161	2
869	1735	1
869	2258	1
869	2676	1
869	2707	1
869	2714	1
869	4169	1
869	4195	1
869	4270	1
869	4625	1
869	4637	1
870	1017	1
870	1022	2
870	1156	2
870	1285	1
870	1491	2
870	1893	1
870	1904	3
870	2645	7
870	2824	3
870	3112	2
870	3507	1
870	3608	2
870	3904	1
870	4255	1
870	4296	2
870	4726	1
871	1244	1
871	1306	1
871	1840	1
871	2805	1
871	4281	4
882	893	1
882	1671	1
882	2607	1
882	3507	1
882	4048	1
882	4118	1
882	4197	1
884	1332	1
884	1645	1
884	1753	1
884	1867	1
884	2344	1
884	2367	1
884	2845	1
884	2898	1
884	3415	1
884	3650	1
884	4068	1
884	4123	1
884	4253	1
884	4299	1
884	4301	1
884	4353	1
884	4390	1
884	4439	1
884	4573	1
893	1671	3
893	2607	1
893	3507	1
893	4048	1
893	4118	1
893	4197	2
895	1371	1
895	1383	1
895	1435	1
895	2293	1
895	2506	1
895	3022	1
895	3236	1
895	3237	2
895	3890	3
895	4193	1
895	4335	1
896	1836	3
896	3910	3
896	4409	4
898	1251	2
898	4703	1
904	921	1
904	1147	2
904	1324	1
904	1336	3
904	1435	2
904	1469	4
904	1706	1
904	2137	2
904	2301	2
904	2304	1
904	2468	5
904	2597	9
904	2757	3
904	2827	4
904	2868	3
904	3022	1
904	3119	2
904	3149	1
904	3234	5
904	3291	1
904	3761	2
904	4038	2
904	4076	3
904	4264	3
904	4553	1
905	1118	1
905	1637	1
905	2745	1
905	3981	1
905	4417	1
905	4467	1
909	1205	1
909	1840	1
909	2805	1
909	3076	1
909	3234	2
909	4103	1
909	4281	2
909	4508	1
909	4725	1
921	1336	2
921	1468	4
921	1469	1
921	1706	5
921	1846	1
921	2468	1
921	2597	1
921	2834	1
921	3004	3
921	3234	4
921	3317	1
921	3672	1
921	3881	1
921	4076	2
921	4567	1
922	1498	1
922	4114	2
922	4478	2
924	926	1
924	965	1
924	1030	1
924	1337	1
924	1348	1
924	1644	1
924	2000	1
924	2334	1
924	2393	1
924	3578	1
924	3778	1
924	4499	1
924	4533	1
926	965	1
926	1030	1
926	1337	1
926	1348	1
926	1644	1
926	2000	1
926	2334	1
926	2393	1
926	3578	1
926	3778	1
926	4499	1
926	4533	1
929	1080	1
929	1095	1
929	1123	1
929	1270	1
929	1481	1
929	2130	1
929	2273	1
929	2400	1
929	2734	1
929	3326	1
929	3581	1
929	3902	1
929	3918	1
929	4070	1
929	4345	1
930	2339	1
930	2488	1
930	2585	1
930	2808	1
930	2858	1
930	3130	1
930	3134	1
930	3701	1
930	3702	1
930	3780	1
931	1201	2
931	1241	2
931	2645	1
931	3237	1
931	3491	2
931	3506	1
931	3890	1
931	4338	2
932	1792	3
932	2034	1
942	1548	1
942	1928	2
942	2468	1
942	2530	1
942	2947	5
942	3076	2
942	3234	2
942	3910	3
946	1771	1
946	3108	1
946	3426	2
946	3527	1
954	1553	1
954	1758	1
954	1878	2
954	2480	1
954	2710	1
954	3018	1
954	3036	1
954	3142	2
954	3469	2
954	3507	1
954	3624	1
954	4032	1
954	4131	1
954	4362	1
954	4472	1
954	4683	1
954	4735	1
963	1122	2
963	1347	3
963	2798	3
963	3465	2
963	3724	3
963	4161	2
965	1030	1
965	1337	1
965	1348	1
965	1644	1
965	2000	1
965	2334	1
965	2393	1
965	3578	1
965	3778	1
965	4499	1
965	4533	1
1017	3507	1
1017	3904	1
1022	1285	2
1022	1491	2
1022	2531	1
1022	2645	2
1022	4255	1
1022	4296	4
1029	1110	2
1029	1522	2
1029	2159	2
1029	2813	2
1029	4434	2
1030	1337	1
1030	1348	1
1030	1644	1
1030	2000	1
1030	2334	1
1030	2393	1
1030	3578	1
1030	3778	1
1030	4499	1
1030	4533	1
1038	1524	3
1038	1530	3
1038	2904	3
1038	2978	3
1040	1469	1
1040	1846	2
1040	2581	1
1040	3317	1
1040	3495	2
1057	2865	1
1057	3207	1
1057	3409	1
1057	3642	1
1057	4097	1
1057	4127	1
1057	4452	1
1057	4560	1
1063	3236	1
1063	3237	1
1063	3890	2
1063	4498	1
1072	1383	1
1072	1569	3
1072	2544	3
1072	2695	2
1072	3590	1
1072	3772	1
1072	3777	1
1079	1310	1
1079	1449	1
1079	1705	1
1079	1978	1
1079	2023	1
1079	2081	1
1079	3222	1
1079	3604	1
1079	4147	1
1079	4448	1
1080	1095	1
1080	1123	1
1080	1270	1
1080	1481	1
1080	2130	1
1080	2273	1
1080	2400	1
1080	2734	1
1080	3326	1
1080	3581	1
1080	3902	1
1080	3918	1
1080	4070	1
1080	4345	1
1085	1547	2
1085	1785	2
1085	2457	2
1085	4196	2
1086	1660	1
1086	1729	2
1086	2093	2
1086	2257	1
1086	3237	1
1086	3699	1
1086	3713	2
1086	3809	1
1086	4341	2
1086	4387	2
1086	4623	1
1088	1396	2
1088	1403	2
1088	1404	2
1088	1464	1
1088	1689	2
1088	1734	2
1088	2312	2
1088	3703	2
1088	3706	2
1088	4157	2
1088	4620	2
1088	4656	2
1088	4661	2
1095	1123	1
1095	1270	1
1095	1481	1
1095	2130	1
1095	2273	1
1095	2400	1
1095	2734	1
1095	3326	1
1095	3581	1
1095	3902	1
1095	3918	1
1095	4070	1
1095	4345	1
1097	1168	2
1097	1318	2
1097	1642	2
1097	2310	2
1097	2335	2
1097	2399	2
1097	3210	2
1097	3482	1
1097	4205	1
1097	4237	1
1097	4449	2
1099	1826	2
1099	3504	2
1099	4216	1
1099	4671	2
1103	1117	1
1103	1255	1
1103	1614	1
1103	1801	2
1103	1806	1
1103	2028	1
1103	2373	1
1103	2447	1
1103	2485	1
1103	2570	1
1103	3593	1
1103	4332	1
1103	4357	1
1103	4404	1
1110	1522	2
1110	2159	2
1110	2813	2
1110	4434	2
1111	1116	1
1111	1720	1
1111	1741	1
1111	3117	1
1111	3346	1
1111	3347	1
1111	3461	1
1111	3602	1
1111	3606	1
1111	3846	1
1111	4352	1
1114	1679	2
1114	1692	2
1114	2030	2
1114	2138	2
1114	2185	2
1114	2513	2
1114	3567	2
1114	3695	2
1114	3705	2
1114	3722	2
1114	3733	2
1114	4164	2
1114	4175	2
1114	4284	2
1114	4308	2
1114	4398	1
1114	4615	2
1114	4631	2
1114	4761	1
1114	4766	2
1114	4767	1
1116	1720	1
1116	1741	1
1116	3117	1
1116	3346	1
1116	3347	1
1116	3461	1
1116	3602	1
1116	3606	1
1116	3846	1
1116	4352	1
1117	1255	1
1117	1614	1
1117	1806	1
1117	2373	1
1117	2447	1
1117	2485	1
1117	2570	1
1117	3593	1
1117	4357	1
1118	1637	1
1118	2745	1
1118	3981	1
1118	4417	2
1118	4467	3
1118	4782	1
1119	1903	1
1119	1909	1
1119	2070	1
1119	2429	1
1119	2783	1
1119	3156	1
1119	3231	1
1119	3290	1
1119	3316	1
1119	3411	1
1119	3438	1
1119	4643	1
1122	1347	2
1122	2798	2
1122	3465	2
1122	3724	2
1122	4161	2
1123	1270	1
1123	1481	1
1123	2130	1
1123	2273	1
1123	2400	1
1123	2734	1
1123	3326	1
1123	3581	1
1123	3902	1
1123	3918	1
1123	4070	1
1123	4345	1
1124	3713	1
1124	3807	1
1124	3890	1
1124	4341	1
1124	4387	1
1140	2510	1
1140	3563	1
1140	3694	1
1140	3697	1
1140	3736	1
1140	3738	1
1140	4150	1
1140	4167	1
1140	4313	1
1140	4639	1
1147	1324	1
1147	2137	1
1147	2304	1
1147	2757	1
1147	3119	1
1147	3761	1
1147	4038	1
1153	2309	1
1153	2984	1
1153	4264	1
1156	4296	1
1158	2370	2
1158	3994	2
1168	1318	2
1168	1642	2
1168	1787	1
1168	1803	1
1168	2060	1
1168	2310	2
1168	2335	2
1168	2399	2
1168	2512	1
1168	3210	2
1168	3482	1
1168	4172	1
1168	4205	1
1168	4237	1
1168	4305	1
1168	4449	2
1168	4663	1
1168	4765	1
1176	2970	2
1176	3910	1
1176	3962	1
1176	4508	1
1176	4725	1
1185	4408	2
1185	4459	2
1194	1432	2
1194	1754	1
1194	1776	1
1194	2087	1
1194	2093	1
1194	2155	1
1194	2185	1
1194	2816	3
1194	3012	1
1194	3646	2
1194	3805	1
1194	4608	4
1201	1241	2
1201	3491	2
1201	4338	2
1205	2120	1
1205	2805	1
1205	3910	1
1205	4103	1
1205	4281	2
1217	1371	2
1217	1519	4
1217	2927	3
1217	4498	4
1221	1622	1
1221	1722	1
1221	1723	1
1221	1848	1
1221	1990	1
1221	2013	1
1221	2088	1
1221	2115	1
1221	2117	1
1221	2305	1
1221	2406	1
1221	2762	1
1221	3022	1
1221	3965	1
1221	4593	1
1223	2217	1
1223	2764	1
1223	4728	1
1225	1297	1
1225	1412	1
1225	1830	1
1225	1927	1
1225	2058	1
1225	2083	1
1225	2121	1
1225	2322	1
1225	3085	1
1225	3571	1
1225	4621	1
1225	4646	1
1225	4651	1
1225	4662	1
1234	2287	2
1234	3216	1
1234	3654	1
1234	4132	3
1234	4602	3
1235	2645	2
1235	4101	2
1235	4255	1
1235	4726	1
1238	1351	1
1238	2120	1
1238	3446	3
1238	3536	1
1238	3841	1
1238	4080	1
1238	4332	1
1239	4782	1
1241	3491	2
1241	4338	2
1244	1374	1
1244	1426	1
1244	1840	1
1244	2077	1
1244	2455	1
1244	2805	1
1244	3782	1
1244	4281	1
1244	4422	1
1244	4680	1
1251	3668	1
1252	2722	1
1252	3216	1
1252	3369	1
1255	1614	1
1255	1806	1
1255	2181	1
1255	2373	1
1255	2447	1
1255	2485	1
1255	2570	1
1255	2980	1
1255	3060	1
1255	3593	1
1255	3772	1
1255	4357	1
1255	4404	1
1270	1481	1
1270	2130	1
1270	2273	1
1270	2400	1
1270	2734	1
1270	3326	1
1270	3581	1
1270	3902	1
1270	3918	1
1270	4070	1
1270	4345	1
1271	1861	1
1271	2380	1
1283	1521	2
1283	1608	3
1283	1612	5
1283	1639	6
1283	1668	6
1283	1766	3
1283	1784	2
1283	2011	9
1283	2150	3
1283	2362	6
1283	2771	10
1283	3155	3
1283	3177	7
1283	3263	2
1283	3265	6
1283	3377	3
1283	3382	2
1283	3414	5
1283	3470	3
1283	4207	2
1283	4400	6
1283	4584	3
1283	4635	19
1283	4713	2
1283	4718	4
1283	4735	1
1283	4747	5
1283	4790	2
1285	1491	1
1285	2645	1
1285	4296	2
1287	2119	1
1287	2476	7
1294	1515	1
1294	3060	1
1297	1412	1
1297	1830	1
1297	1927	1
1297	2058	1
1297	2083	1
1297	2121	1
1297	2322	1
1297	3085	1
1297	3571	1
1297	4621	1
1297	4646	1
1297	4651	1
1297	4662	1
1301	4264	1
1306	2005	1
1306	4028	1
1306	4103	1
1306	4281	1
1306	4703	1
1309	1689	1
1309	3582	1
1310	1449	1
1310	1705	1
1310	1978	1
1310	2023	1
1310	2081	1
1310	3222	1
1310	3604	1
1310	4147	1
1310	4448	1
1311	1688	1
1311	3012	1
1311	3807	1
1311	4341	1
1311	4387	1
1311	4389	1
1311	4623	1
1312	2628	1
1312	3060	1
1312	4332	1
1312	4391	1
1312	4404	2
1314	1437	9
1314	2785	2
1314	2956	4
1314	4075	7
1314	4391	4
1314	4546	10
1314	4792	2
1318	1642	2
1318	2310	2
1318	2335	2
1318	2399	2
1318	3210	2
1318	3482	1
1318	4205	1
1318	4237	1
1318	4449	2
1320	2176	1
1320	2396	2
1320	3237	1
1320	3890	1
1320	4027	1
1320	4051	2
1320	4350	2
1320	4462	1
1320	4509	1
1324	1705	1
1324	2137	1
1324	2757	2
1324	3119	1
1324	4038	1
1332	1645	1
1332	1753	1
1332	1867	1
1332	2344	1
1332	2367	1
1332	2845	1
1332	2898	1
1332	3415	1
1332	3650	1
1332	4068	1
1332	4123	1
1332	4253	1
1332	4299	1
1332	4301	1
1332	4353	1
1332	4390	1
1332	4439	1
1332	4573	1
1336	1468	2
1336	1469	3
1336	1706	2
1336	2468	3
1336	2597	3
1336	2827	1
1336	3004	1
1336	3005	1
1336	3234	6
1336	3291	1
1336	4076	4
1336	4553	1
1337	1348	1
1337	1644	1
1337	2000	1
1337	2334	1
1337	2393	1
1337	3578	1
1337	3778	1
1337	4499	1
1337	4533	1
1339	1853	1
1339	3570	1
1339	3750	1
1342	2087	1
1342	3000	3
1342	3549	2
1346	1980	1
1346	2271	1
1346	3256	4
1346	4486	2
1347	2798	3
1347	3465	2
1347	3724	3
1347	4161	2
1348	1644	1
1348	2000	1
1348	2334	1
1348	2393	1
1348	3578	1
1348	3778	1
1348	4499	1
1348	4533	1
1351	1374	1
1351	1998	1
1351	3446	3
1351	4332	1
1351	4433	3
1366	1386	1
1366	1498	1
1366	2184	1
1366	2220	1
1366	2412	2
1366	2834	2
1366	3234	1
1370	2057	2
1370	2218	1
1371	1519	2
1371	2927	2
1371	3237	1
1371	3890	1
1371	4498	2
1374	1426	1
1374	1998	1
1374	2077	1
1374	2455	1
1374	3433	2
1374	3446	2
1374	3782	1
1374	4422	1
1374	4433	1
1374	4680	1
1383	2134	1
1386	2184	1
1386	2220	1
1386	2412	1
1386	2614	1
1386	2969	1
1386	2983	1
1389	1754	1
1389	2983	1
1389	3945	1
1396	1403	2
1396	1404	2
1396	1464	1
1396	1689	2
1396	1734	2
1396	2312	2
1396	3703	2
1396	3706	2
1396	4157	2
1396	4620	2
1396	4656	2
1396	4661	2
1398	3036	5
1398	4131	1
1398	4492	1
1398	4635	2
1401	1407	1
1401	1736	1
1401	1737	1
1401	1823	1
1401	1833	1
1401	2121	1
1401	2288	1
1401	2451	1
1401	2683	1
1401	2713	1
1401	3460	1
1401	3692	1
1401	4156	1
1401	4236	1
1401	4437	1
1401	4618	1
1401	4619	1
1401	4638	1
1401	4768	1
1403	1404	2
1403	1464	1
1403	1689	2
1403	1734	2
1403	2312	2
1403	3703	2
1403	3706	2
1403	4157	2
1403	4620	2
1403	4656	2
1403	4661	2
1404	1464	1
1404	1689	2
1404	1734	2
1404	2312	2
1404	3703	2
1404	3706	2
1404	4157	2
1404	4620	2
1404	4656	2
1404	4661	2
1407	1736	1
1407	1737	1
1407	1823	1
1407	1833	1
1407	2121	1
1407	2288	1
1407	2451	1
1407	2683	1
1407	2713	1
1407	3460	1
1407	3692	1
1407	4156	1
1407	4236	1
1407	4437	1
1407	4618	1
1407	4619	1
1407	4638	1
1407	4768	1
1412	1830	1
1412	1927	1
1412	2058	1
1412	2083	1
1412	2121	1
1412	2322	1
1412	3085	1
1412	3571	1
1412	4621	1
1412	4646	1
1412	4651	1
1412	4662	1
1426	2077	2
1426	2455	2
1426	3782	2
1426	4422	2
1426	4680	2
1432	1754	1
1432	2087	1
1432	2816	2
1432	3646	1
1432	4608	2
1435	1565	3
1435	1715	3
1435	2301	2
1435	2597	2
1435	2868	2
1435	3022	4
1435	3236	1
1435	3761	1
1435	3890	1
1435	4264	2
1437	2785	1
1437	2956	4
1437	4075	7
1437	4391	4
1437	4546	9
1437	4792	2
1449	1705	1
1449	1978	1
1449	2023	1
1449	2081	1
1449	3222	1
1449	3604	1
1449	4147	1
1449	4448	1
1457	2543	2
1457	2628	1
1457	3015	2
1457	4045	1
1457	4250	2
1457	4677	1
1464	1689	1
1464	1734	1
1464	2312	1
1464	3703	1
1464	3706	1
1464	4157	1
1464	4620	1
1464	4656	1
1464	4661	1
1465	1755	2
1465	2834	1
1465	3161	2
1468	1706	4
1468	3004	3
1468	3005	1
1468	3234	4
1468	4076	2
1469	1706	1
1469	1846	1
1469	2468	4
1469	2597	4
1469	2827	2
1469	3234	4
1469	3291	1
1469	3317	1
1469	3495	1
1469	4076	3
1469	4553	1
1480	1508	2
1480	2611	2
1480	2831	2
1480	2995	2
1480	3245	2
1480	4585	2
1481	2130	1
1481	2273	1
1481	2400	1
1481	2734	1
1481	3326	1
1481	3581	1
1481	3902	1
1481	3918	1
1481	4070	1
1481	4345	1
1483	1916	10
1483	2544	1
1483	2998	4
1483	3777	2
1491	2645	1
1491	4255	1
1491	4296	1
1498	2412	1
1498	2834	1
1498	3234	1
1498	4114	1
1498	4478	1
1504	1889	2
1507	2100	3
1507	3654	1
1508	2611	2
1508	2831	2
1508	2995	2
1508	3245	2
1508	4585	2
1512	2271	2
1512	3256	1
1512	4486	3
1515	1878	1
1515	3060	2
1515	3772	1
1515	3777	2
1515	4542	3
1517	1928	2
1517	2530	1
1517	3076	1
1517	3727	1
1517	4712	2
1519	2927	3
1519	2984	2
1519	4498	4
1521	1766	2
1521	3777	1
1521	4635	3
1521	4735	1
1522	2159	2
1522	2813	2
1522	4434	2
1524	1530	3
1524	2904	3
1524	2978	3
1530	2904	3
1530	2978	3
1534	1752	1
1534	4038	1
1545	1623	2
1545	2101	3
1545	3676	2
1545	3777	2
1547	1785	2
1547	2457	2
1547	4196	2
1548	2468	3
1548	2530	2
1548	2597	1
1548	2947	1
1548	3189	1
1548	3910	2
1551	2978	1
1551	2983	2
1553	2710	2
1553	3142	2
1553	3507	2
1553	4362	1
1553	4472	1
1556	2332	3
1556	3228	1
1556	3266	2
1556	3490	2
1556	4199	4
1556	4219	1
1556	4635	1
1556	4719	3
1556	4789	1
1564	3000	1
1564	3149	1
1564	3812	2
1564	4335	1
1565	1715	3
1565	3022	3
1569	2544	1
1569	2695	1
1569	3777	1
1603	2069	3
1603	2832	2
1603	2834	2
1603	3413	3
1603	4244	2
1608	1668	1
1608	2011	1
1608	2150	1
1608	3377	1
1608	3414	2
1608	4635	1
1608	4747	1
1608	4790	1
1610	2217	1
1610	3173	1
1610	3193	1
1610	3422	1
1610	4271	3
1610	4471	1
1611	1640	2
1611	2157	5
1611	2328	3
1611	2330	3
1611	3851	3
1611	4235	2
1612	1639	4
1612	1766	2
1612	3155	1
1612	4207	2
1612	4635	5
1612	4718	4
1614	1806	1
1614	2373	1
1614	2447	1
1614	2485	1
1614	2570	1
1614	3593	1
1614	4357	1
1622	1722	1
1622	1723	1
1622	1848	1
1622	1990	1
1622	2013	1
1622	2088	1
1622	2115	1
1622	2117	1
1622	2305	1
1622	2406	1
1622	2762	1
1622	3022	1
1622	3965	1
1622	4593	1
1623	2101	2
1623	3676	2
1623	3777	1
1637	2745	1
1637	3981	1
1637	4417	1
1637	4467	1
1637	4503	2
1639	1668	1
1639	1766	2
1639	1784	1
1639	3155	1
1639	4207	1
1639	4635	6
1639	4718	4
1639	4735	1
1640	2157	2
1640	2328	1
1640	2330	1
1640	3851	1
1640	4235	2
1642	2310	2
1642	2335	2
1642	2399	2
1642	3210	2
1642	3482	1
1642	4205	1
1642	4237	1
1642	4449	2
1644	2000	1
1644	2334	1
1644	2393	1
1644	3578	1
1644	3778	1
1644	4499	1
1644	4533	1
1645	1753	1
1645	1867	1
1645	2344	1
1645	2367	1
1645	2845	1
1645	2898	1
1645	3415	1
1645	3650	1
1645	4068	1
1645	4123	1
1645	4253	1
1645	4299	1
1645	4301	1
1645	4353	1
1645	4390	1
1645	4439	1
1645	4573	1
1660	1729	1
1660	2093	1
1660	2257	1
1660	3237	1
1660	3699	1
1660	3713	1
1660	3809	1
1660	4341	1
1660	4387	1
1660	4623	1
1668	2362	2
1668	2771	1
1668	3263	1
1668	3265	1
1668	3377	2
1668	3382	2
1668	4635	4
1668	4790	1
1671	2607	1
1671	3507	1
1671	4048	1
1671	4118	1
1671	4197	2
1679	1692	2
1679	2030	2
1679	2138	2
1679	2185	2
1679	2513	2
1679	3567	2
1679	3695	2
1679	3705	2
1679	3722	2
1679	3733	2
1679	4164	2
1679	4175	2
1679	4284	2
1679	4308	2
1679	4398	1
1679	4615	2
1679	4631	2
1679	4761	1
1679	4766	2
1679	4767	1
1680	3004	1
1688	1758	1
1688	1849	1
1688	2285	1
1688	2480	1
1688	2691	1
1688	3805	1
1688	4287	1
1688	4389	1
1689	1734	2
1689	2312	2
1689	3703	2
1689	3706	2
1689	4157	2
1689	4620	2
1689	4656	2
1689	4661	2
1692	2030	2
1692	2138	2
1692	2185	2
1692	2513	2
1692	3567	2
1692	3695	2
1692	3705	2
1692	3722	2
1692	3733	2
1692	4164	2
1692	4175	2
1692	4284	2
1692	4308	2
1692	4398	1
1692	4615	2
1692	4631	2
1692	4761	1
1692	4766	2
1692	4767	1
1705	1708	1
1705	1776	1
1705	1978	1
1705	2023	1
1705	2081	1
1705	2155	1
1705	2309	1
1705	2665	1
1705	2757	1
1705	2964	1
1705	3222	1
1705	3604	1
1705	3646	1
1705	3930	1
1705	4147	1
1705	4200	1
1705	4355	1
1705	4448	1
1705	4511	1
1706	2468	1
1706	2597	1
1706	3004	3
1706	3234	4
1706	4076	2
1708	1776	1
1708	2155	1
1708	2309	1
1708	2665	1
1708	2964	1
1708	3646	1
1708	3930	1
1708	4200	1
1708	4355	1
1708	4511	1
1715	3022	3
1720	1741	1
1720	3117	1
1720	3346	1
1720	3347	1
1720	3461	1
1720	3602	1
1720	3606	1
1720	3846	1
1720	4352	1
1722	1723	1
1722	1848	1
1722	1990	1
1722	2013	1
1722	2088	1
1722	2115	1
1722	2117	1
1722	2305	1
1722	2406	1
1722	2762	1
1722	3022	1
1722	3965	1
1722	4593	1
1723	1848	1
1723	1990	1
1723	2013	1
1723	2088	1
1723	2115	1
1723	2117	1
1723	2305	1
1723	2406	1
1723	2762	1
1723	3022	1
1723	3965	1
1723	4593	1
1729	2093	2
1729	2257	1
1729	3237	1
1729	3699	1
1729	3713	2
1729	3809	1
1729	4341	2
1729	4387	2
1729	4623	1
1734	2312	2
1734	3703	2
1734	3706	2
1734	4157	2
1734	4620	2
1734	4656	2
1734	4661	2
1735	2258	1
1735	2676	1
1735	2707	1
1735	2714	1
1735	4169	1
1735	4195	1
1735	4270	1
1735	4625	1
1735	4637	1
1736	1737	4
1736	1822	1
1736	1823	1
1736	1833	2
1736	2121	3
1736	2288	4
1736	2451	2
1736	2683	4
1736	2713	1
1736	3460	1
1736	3692	2
1736	4156	2
1736	4236	1
1736	4437	2
1736	4618	4
1736	4619	1
1736	4638	1
1736	4768	1
1737	1822	1
1737	1823	1
1737	1833	2
1737	2121	3
1737	2288	4
1737	2451	2
1737	2683	4
1737	2713	1
1737	3460	1
1737	3692	2
1737	4156	2
1737	4236	1
1737	4437	2
1737	4618	4
1737	4619	1
1737	4638	1
1737	4768	1
1741	3117	1
1741	3346	1
1741	3347	1
1741	3461	1
1741	3602	1
1741	3606	1
1741	3846	1
1741	4352	1
1744	2134	1
1744	2539	1
1744	3516	1
1744	4298	6
1752	1846	1
1752	2468	1
1752	2834	1
1752	3149	1
1752	3234	1
1752	3317	1
1752	3805	1
1753	1867	1
1753	2344	1
1753	2367	1
1753	2845	1
1753	2898	1
1753	3415	1
1753	3650	1
1753	4068	1
1753	4123	1
1753	4253	1
1753	4299	1
1753	4301	1
1753	4353	1
1753	4390	1
1753	4439	1
1753	4573	1
1754	2087	2
1754	2816	1
1754	3945	3
1754	4608	1
1755	2834	1
1755	3161	2
1758	1849	3
1758	2285	1
1758	2480	2
1758	2691	1
1758	3142	1
1758	3469	1
1758	3805	1
1758	4287	3
1766	3155	1
1766	3777	1
1766	4207	1
1766	4472	1
1766	4635	4
1766	4718	2
1766	4735	1
1771	3108	3
1771	3426	3
1771	3527	2
1776	2093	1
1776	2155	8
1776	2309	7
1776	2665	7
1776	2964	6
1776	3012	1
1776	3646	8
1776	3789	1
1776	3805	1
1776	3930	6
1776	4200	7
1776	4355	7
1776	4511	7
1776	4608	1
1782	3167	2
1782	3941	1
1784	2150	1
1784	4635	1
1784	4735	1
1784	4790	1
1785	2457	2
1785	4196	2
1787	1803	1
1787	2060	1
1787	2512	1
1787	4172	1
1787	4305	1
1787	4663	1
1787	4765	1
1792	1797	2
1792	1798	3
1792	2034	4
1792	2752	3
1792	3616	5
1792	4658	2
1798	2034	1
1798	4658	2
1801	2028	1
1802	2028	2
1802	2751	3
1802	4657	2
1803	2060	1
1803	2512	1
1803	4172	1
1803	4305	1
1803	4663	1
1803	4765	1
1806	2373	1
1806	2447	1
1806	2485	1
1806	2570	1
1806	3593	1
1806	4357	1
1822	1833	1
1822	2121	1
1822	2288	1
1822	2451	1
1822	2683	1
1822	3692	1
1822	4156	1
1822	4437	1
1822	4618	1
1823	1833	1
1823	2121	1
1823	2288	1
1823	2451	1
1823	2683	1
1823	2713	1
1823	3460	1
1823	3692	1
1823	4156	1
1823	4236	1
1823	4437	1
1823	4618	1
1823	4619	1
1823	4638	1
1823	4768	1
1826	3504	2
1826	4216	1
1826	4671	2
1829	2933	1
1829	4620	1
1830	1927	1
1830	2058	1
1830	2083	1
1830	2121	1
1830	2322	1
1830	3085	1
1830	3571	1
1830	4621	1
1830	4646	1
1830	4651	1
1830	4662	1
1833	2121	2
1833	2288	2
1833	2451	2
1833	2683	2
1833	2713	1
1833	3460	1
1833	3692	2
1833	4156	2
1833	4236	1
1833	4437	2
1833	4618	2
1833	4619	1
1833	4638	1
1833	4768	1
1836	3910	2
1836	4409	2
1839	2670	1
1839	2984	1
1840	2134	1
1840	4103	1
1840	4281	2
1846	2581	1
1846	2834	3
1846	3234	5
1846	3317	7
1846	3495	2
1846	4076	2
1846	4538	2
1846	4567	2
1848	1990	1
1848	2013	1
1848	2088	1
1848	2115	1
1848	2117	1
1848	2305	1
1848	2406	1
1848	2762	1
1848	3022	1
1848	3965	1
1848	4593	1
1849	2285	2
1849	2480	1
1849	2691	2
1849	3805	1
1849	4287	4
1853	3570	1
1853	3750	1
1859	1893	3
1859	2486	1
1859	3112	3
1861	2797	2
1861	3215	6
1861	4158	5
1867	2344	1
1867	2367	1
1867	2845	1
1867	2898	1
1867	3415	1
1867	3650	1
1867	4068	1
1867	4123	1
1867	4253	1
1867	4299	1
1867	4301	1
1867	4353	1
1867	4390	1
1867	4439	1
1867	4573	1
1878	2181	1
1878	2695	3
1878	2980	1
1878	3772	1
1878	4032	5
1893	1904	1
1893	2486	1
1893	3112	2
1893	4726	1
1901	2581	1
1901	2946	1
1901	3608	2
1901	4379	1
1903	1909	1
1903	2070	1
1903	2429	1
1903	2783	1
1903	3156	1
1903	3231	1
1903	3290	1
1903	3316	1
1903	3411	1
1903	3438	1
1903	4643	1
1904	2824	1
1904	3608	1
1904	4726	1
1906	2237	1
1906	2843	1
1906	3454	1
1909	2070	1
1909	2429	1
1909	2783	1
1909	3156	1
1909	3231	1
1909	3290	1
1909	3316	1
1909	3411	1
1909	3438	1
1909	4643	1
1916	2544	1
1916	2998	4
1916	3777	3
1927	2058	1
1927	2083	1
1927	2121	1
1927	2322	1
1927	3085	1
1927	3571	1
1927	4621	1
1927	4646	1
1927	4651	1
1927	4662	1
1928	2530	1
1928	2947	2
1928	3076	3
1928	3234	1
1928	3727	1
1928	3910	1
1928	4712	2
1968	2722	2
1968	3216	1
1968	3654	1
1968	4446	3
1972	2256	3
1972	2458	2
1972	2574	2
1972	2684	3
1972	3617	3
1972	3622	1
1972	3698	3
1978	2023	1
1978	2081	1
1978	3222	1
1978	3604	1
1978	4147	1
1978	4448	1
1980	2119	1
1984	3193	2
1984	3422	2
1984	4271	2
1984	4372	2
1987	3774	2
1987	4033	2
1987	4602	5
1990	2013	1
1990	2088	1
1990	2115	1
1990	2117	1
1990	2305	1
1990	2406	1
1990	2762	1
1990	3022	1
1990	3965	1
1990	4593	1
1998	2077	2
1998	2237	1
1998	3502	3
1998	3551	1
1998	4433	2
2000	2334	1
2000	2393	1
2000	3578	1
2000	3778	1
2000	4499	1
2000	4533	1
2005	4028	2
2005	4103	2
2005	4703	2
2006	3795	1
2006	4213	1
2006	4457	1
2011	2150	1
2011	2771	3
2011	3177	6
2011	3265	2
2011	3414	4
2011	4400	3
2011	4635	1
2011	4713	1
2011	4747	1
2013	2088	1
2013	2115	1
2013	2117	1
2013	2305	1
2013	2406	1
2013	2762	1
2013	3022	1
2013	3965	1
2013	4593	1
2023	2081	1
2023	3222	1
2023	3604	1
2023	4147	1
2023	4448	1
2028	2751	2
2028	4657	2
2030	2138	2
2030	2185	2
2030	2513	2
2030	3567	2
2030	3695	2
2030	3705	2
2030	3722	2
2030	3733	2
2030	4164	2
2030	4175	2
2030	4284	2
2030	4308	2
2030	4398	1
2030	4615	2
2030	4631	2
2030	4761	1
2030	4766	2
2030	4767	1
2034	2752	1
2034	4658	1
2051	2733	2
2051	3073	2
2051	3654	2
2051	4564	2
2051	4654	2
2057	2065	1
2057	2218	2
2057	2581	1
2058	2083	1
2058	2121	1
2058	2322	1
2058	3085	1
2058	3571	1
2058	4621	1
2058	4646	1
2058	4651	1
2058	4662	1
2060	2512	1
2060	4172	1
2060	4305	1
2060	4663	1
2060	4765	1
2065	2218	1
2069	2412	1
2069	2832	2
2069	2834	2
2069	3413	3
2069	3495	1
2069	4244	2
2070	2429	1
2070	2783	1
2070	3156	1
2070	3231	1
2070	3290	1
2070	3316	1
2070	3411	1
2070	3438	1
2070	4643	1
2074	2237	3
2074	2987	2
2074	3454	3
2074	3551	2
2077	2455	2
2077	3502	1
2077	3551	1
2077	3782	2
2077	4422	2
2077	4680	2
2078	2718	2
2078	2875	4
2078	2956	4
2081	3222	1
2081	3604	1
2081	4147	1
2081	4448	1
2083	2121	1
2083	2322	1
2083	3085	1
2083	3571	1
2083	4621	1
2083	4646	1
2083	4651	1
2083	4662	1
2087	2816	1
2087	3000	1
2087	3549	1
2087	3945	1
2087	4608	1
2088	2115	1
2088	2117	1
2088	2305	1
2088	2406	1
2088	2762	1
2088	3022	1
2088	3965	1
2088	4593	1
2093	2155	1
2093	2257	1
2093	2285	1
2093	2691	1
2093	3012	1
2093	3237	1
2093	3646	1
2093	3699	1
2093	3713	2
2093	3805	1
2093	3809	1
2093	4341	3
2093	4387	3
2093	4608	1
2093	4623	3
2100	3654	1
2101	3676	2
2101	3777	2
2115	2117	1
2115	2305	1
2115	2406	1
2115	2762	1
2115	3022	1
2115	3965	1
2115	4593	1
2117	2305	1
2117	2406	1
2117	2762	1
2117	3022	1
2117	3965	1
2117	4593	1
2119	2476	1
2120	3446	2
2120	3536	1
2120	3841	2
2120	3910	1
2120	4080	1
2120	4281	1
2121	2288	3
2121	2322	1
2121	2451	2
2121	2683	4
2121	2713	1
2121	3085	1
2121	3460	1
2121	3571	1
2121	3692	2
2121	4156	2
2121	4236	1
2121	4437	2
2121	4618	3
2121	4619	2
2121	4621	1
2121	4638	1
2121	4646	1
2121	4651	1
2121	4662	1
2121	4768	1
2127	2671	2
2127	2765	2
2127	3672	1
2127	3881	1
2127	4162	2
2130	2273	1
2130	2400	1
2130	2734	1
2130	3326	1
2130	3581	1
2130	3902	1
2130	3918	1
2130	4070	1
2130	4345	1
2134	3502	1
2134	3589	1
2134	3865	1
2134	4022	1
2134	4298	2
2134	4554	3
2134	4728	1
2137	2757	2
2137	3119	2
2137	4038	1
2138	2185	2
2138	2513	2
2138	3567	2
2138	3695	2
2138	3705	2
2138	3722	2
2138	3733	2
2138	4164	2
2138	4175	2
2138	4284	2
2138	4308	2
2138	4398	1
2138	4615	2
2138	4631	2
2138	4761	1
2138	4766	2
2138	4767	1
2147	3614	5
2150	2771	1
2150	3177	1
2150	3414	1
2150	4635	1
2150	4713	1
2150	4790	1
2155	2309	8
2155	2665	8
2155	2964	7
2155	3012	1
2155	3646	9
2155	3789	1
2155	3805	1
2155	3930	6
2155	4200	8
2155	4355	8
2155	4511	8
2155	4608	1
2157	2328	3
2157	2330	3
2157	3851	3
2157	4235	2
2159	2813	2
2159	4434	2
2176	2396	1
2176	3237	1
2176	3890	1
2176	4027	1
2176	4051	1
2176	4350	1
2176	4462	1
2176	4509	1
2181	2980	1
2181	4032	1
2181	4045	1
2181	4173	1
2184	2220	2
2184	2412	2
2185	2513	2
2185	2816	1
2185	3567	2
2185	3695	2
2185	3705	2
2185	3722	2
2185	3733	2
2185	4164	2
2185	4175	2
2185	4284	2
2185	4308	2
2185	4398	1
2185	4608	1
2185	4615	2
2185	4631	2
2185	4761	1
2185	4766	2
2185	4767	1
2192	3507	3
2217	2637	1
2217	2764	2
2217	2984	1
2217	3173	4
2217	3193	1
2217	3349	1
2217	3422	1
2217	4101	2
2217	4271	2
2218	2287	2
2218	3506	1
2218	4473	1
2220	2412	2
2237	2539	6
2237	2843	1
2237	2987	3
2237	3454	4
2237	3551	3
2237	3589	1
2237	3642	1
2237	3989	1
2237	4298	1
2256	2458	2
2256	2574	2
2256	2684	3
2256	3617	3
2256	3622	1
2256	3698	3
2257	3237	1
2257	3699	1
2257	3713	1
2257	3809	1
2257	4341	1
2257	4387	1
2257	4623	1
2258	2304	1
2258	2676	1
2258	2707	1
2258	2714	1
2258	4169	1
2258	4195	1
2258	4270	1
2258	4625	1
2258	4637	1
2271	3256	1
2271	4486	5
2273	2400	1
2273	2734	1
2273	3326	1
2273	3581	1
2273	3902	1
2273	3918	1
2273	4070	1
2273	4345	1
2285	2480	1
2285	2691	3
2285	3805	1
2285	4287	2
2285	4387	1
2285	4623	1
2287	4132	2
2287	4602	2
2288	2451	2
2288	2683	4
2288	2713	1
2288	3460	1
2288	3692	2
2288	4156	2
2288	4236	1
2288	4437	2
2288	4618	4
2288	4619	1
2288	4638	1
2288	4768	1
2293	2506	1
2293	4193	1
2293	4335	1
2293	4687	1
2301	2597	2
2301	2868	2
2301	3761	1
2301	4264	2
2304	2852	1
2304	3761	1
2304	4334	1
2305	2406	1
2305	2762	1
2305	3022	1
2305	3965	1
2305	4593	1
2309	2586	1
2309	2665	9
2309	2829	1
2309	2964	7
2309	3646	8
2309	3789	2
2309	3874	2
2309	3930	6
2309	4062	1
2309	4094	1
2309	4200	8
2309	4229	1
2309	4355	8
2309	4436	3
2309	4457	1
2309	4511	8
2309	4624	3
2310	2335	2
2310	2399	2
2310	3210	2
2310	3482	1
2310	4205	1
2310	4237	1
2310	4449	2
2312	3703	2
2312	3706	2
2312	4157	2
2312	4620	2
2312	4656	2
2312	4661	2
2322	3085	1
2322	3571	1
2322	4621	1
2322	4646	1
2322	4651	1
2322	4662	1
2328	2330	3
2328	3851	3
2328	4235	1
2330	3851	3
2330	4235	1
2332	3228	1
2332	3266	1
2332	3490	1
2332	4199	1
2332	4635	1
2332	4719	2
2334	2393	1
2334	3578	1
2334	3778	1
2334	4499	1
2334	4533	1
2335	2399	2
2335	3210	2
2335	3482	1
2335	4205	1
2335	4237	1
2335	4449	2
2339	2488	1
2339	2585	1
2339	2808	1
2339	2858	1
2339	3130	1
2339	3134	1
2339	3701	1
2339	3702	1
2339	3780	1
2344	2367	1
2344	2845	1
2344	2898	1
2344	3415	1
2344	3650	1
2344	4068	1
2344	4123	1
2344	4253	1
2344	4299	1
2344	4301	1
2344	4353	1
2344	4390	1
2344	4439	1
2344	4573	1
2346	2814	2
2346	3012	1
2346	4348	1
2346	4600	2
2362	3155	2
2362	3377	1
2362	3382	1
2362	4400	2
2362	4635	1
2362	4747	4
2367	2845	1
2367	2898	1
2367	3415	1
2367	3650	1
2367	4068	1
2367	4123	1
2367	4253	1
2367	4299	1
2367	4301	1
2367	4353	1
2367	4390	1
2367	4439	1
2367	4573	1
2370	3994	2
2373	2447	1
2373	2485	1
2373	2570	1
2373	3593	1
2373	4357	1
2380	4712	1
2393	3578	1
2393	3778	1
2393	4499	1
2393	4533	1
2396	3237	1
2396	3890	1
2396	4027	1
2396	4051	2
2396	4350	2
2396	4462	1
2396	4509	1
2399	3210	2
2399	3482	1
2399	4205	1
2399	4237	1
2399	4449	2
2400	2734	1
2400	3326	1
2400	3581	1
2400	3902	1
2400	3918	1
2400	4070	1
2400	4345	1
2406	2762	1
2406	3022	1
2406	3965	1
2406	4593	1
2412	2834	1
2412	3234	1
2412	3495	1
2412	3663	1
2429	2783	1
2429	3156	1
2429	3231	1
2429	3290	1
2429	3316	1
2429	3411	1
2429	3438	1
2429	4643	1
2431	3841	1
2431	4080	1
2447	2485	1
2447	2570	1
2447	3593	1
2447	4357	1
2451	2683	2
2451	2713	1
2451	3460	1
2451	3692	2
2451	4156	2
2451	4236	1
2451	4437	2
2451	4618	2
2451	4619	1
2451	4638	1
2451	4768	1
2455	3782	2
2455	4422	2
2455	4680	2
2457	4196	2
2458	2574	2
2458	2684	2
2458	3617	2
2458	3622	1
2458	3698	2
2468	2530	2
2468	2597	7
2468	2827	2
2468	2947	1
2468	3053	1
2468	3149	1
2468	3189	2
2468	3234	5
2468	3291	1
2468	3397	1
2468	3910	2
2468	4076	3
2468	4553	1
2480	2691	1
2480	3142	1
2480	3469	1
2480	3805	1
2480	4287	1
2485	2570	1
2485	3593	1
2485	4357	1
2486	2824	1
2486	3112	1
2488	2585	1
2488	2808	1
2488	2858	1
2488	3130	1
2488	3134	1
2488	3701	1
2488	3702	1
2488	3780	1
2506	4193	3
2506	4335	2
2510	3563	1
2510	3694	1
2510	3697	1
2510	3736	1
2510	3738	1
2510	4150	1
2510	4167	1
2510	4313	1
2510	4639	1
2512	4172	1
2512	4305	1
2512	4663	1
2512	4765	1
2513	3567	2
2513	3695	2
2513	3705	2
2513	3722	2
2513	3733	2
2513	4164	2
2513	4175	2
2513	4284	2
2513	4308	2
2513	4398	1
2513	4615	2
2513	4631	2
2513	4761	1
2513	4766	2
2513	4767	1
2530	2947	1
2530	3910	2
2530	4712	2
2531	4296	1
2531	4726	1
2539	3454	2
2539	3551	1
2539	3589	2
2539	4298	2
2543	2628	1
2543	3015	2
2543	4045	1
2543	4250	2
2543	4677	1
2570	3593	1
2570	4357	1
2574	2684	2
2574	3617	2
2574	3622	1
2574	3698	2
2581	2946	1
2581	3495	1
2581	3865	1
2581	4271	1
2581	4379	2
2585	2808	1
2585	2858	1
2585	3130	1
2585	3134	1
2585	3701	1
2585	3702	1
2585	3780	1
2586	2829	2
2586	3789	2
2586	4062	1
2586	4094	2
2586	4229	2
2586	4457	2
2597	2757	1
2597	2827	3
2597	2868	3
2597	3189	2
2597	3234	5
2597	3291	1
2597	3761	1
2597	4033	2
2597	4076	3
2597	4264	3
2597	4378	2
2597	4553	1
2607	3507	1
2607	4048	1
2607	4118	1
2607	4197	1
2611	2831	2
2611	2995	2
2611	3245	2
2611	4585	2
2614	2969	2
2614	2983	1
2628	3015	1
2628	3060	1
2628	4250	1
2628	4404	1
2637	3090	1
2644	3053	1
2644	3506	1
2645	3956	1
2645	4255	2
2645	4296	2
2665	2964	7
2665	3646	8
2665	3789	1
2665	3930	6
2665	4200	8
2665	4355	8
2665	4436	1
2665	4511	8
2665	4624	1
2670	3835	1
2670	4672	5
2671	2765	2
2671	4162	2
2676	2707	1
2676	2714	1
2676	4169	1
2676	4195	1
2676	4270	1
2676	4625	1
2676	4637	1
2683	2713	1
2683	3460	1
2683	3692	2
2683	4156	2
2683	4236	1
2683	4437	2
2683	4618	4
2683	4619	2
2683	4638	1
2683	4768	1
2684	3617	3
2684	3622	1
2684	3698	3
2691	3805	1
2691	4287	2
2691	4387	1
2691	4623	1
2695	2980	1
2695	3772	1
2701	3819	2
2701	3820	2
2707	2714	1
2707	4169	1
2707	4195	1
2707	4270	1
2707	4625	1
2707	4637	1
2710	3142	2
2710	3507	2
2710	4362	1
2710	4472	1
2713	3460	1
2713	3692	1
2713	4156	1
2713	4236	1
2713	4437	1
2713	4618	1
2713	4619	1
2713	4638	1
2713	4768	1
2714	4169	1
2714	4195	1
2714	4270	1
2714	4625	1
2714	4637	1
2718	2875	2
2718	2956	2
2722	3216	7
2722	3369	4
2722	3654	2
2722	3835	3
2722	4445	2
2722	4446	5
2733	3073	2
2733	3654	2
2733	4564	2
2733	4654	2
2734	3326	1
2734	3581	1
2734	3902	1
2734	3918	1
2734	4070	1
2734	4345	1
2745	3981	1
2745	4417	1
2745	4467	1
2751	4657	2
2757	3119	2
2757	4038	1
2762	3022	1
2762	3965	1
2762	4593	1
2764	3173	1
2764	4101	2
2765	4162	2
2766	3193	2
2766	3422	2
2766	3955	2
2766	4086	4
2766	4271	2
2766	4372	2
2766	4464	1
2771	3177	3
2771	3263	2
2771	3265	6
2771	3377	1
2771	3414	1
2771	4400	1
2771	4635	3
2771	4713	1
2783	3156	1
2783	3231	1
2783	3290	1
2783	3316	1
2783	3411	1
2783	3438	1
2783	4643	1
2785	2956	1
2785	4075	1
2785	4274	1
2785	4389	1
2785	4391	1
2785	4479	1
2785	4523	1
2785	4546	2
2793	3110	3
2793	3433	1
2793	3727	3
2793	4725	1
2797	3215	3
2797	4158	1
2798	3465	2
2798	3724	3
2798	4161	2
2805	4281	2
2805	4508	1
2808	2858	1
2808	3130	1
2808	3134	1
2808	3701	1
2808	3702	1
2808	3780	1
2813	4434	2
2814	3012	1
2814	3640	2
2814	4344	2
2814	4348	2
2814	4600	2
2816	3000	1
2816	3646	1
2816	4608	3
2824	3112	2
2824	3608	1
2827	2868	1
2827	3234	2
2827	4076	2
2827	4264	1
2827	4553	1
2829	3789	2
2829	4062	1
2829	4094	2
2829	4229	2
2829	4457	2
2831	2995	2
2831	3245	2
2831	4585	2
2832	2834	1
2832	3413	2
2832	4244	2
2834	3161	1
2834	3234	3
2834	3317	3
2834	3413	2
2834	3663	1
2834	4244	1
2834	4264	1
2834	4567	2
2843	3454	1
2843	3516	1
2843	3865	1
2845	2898	1
2845	3415	1
2845	3650	1
2845	4068	1
2845	4123	1
2845	4253	1
2845	4299	1
2845	4301	1
2845	4353	1
2845	4390	1
2845	4439	1
2845	4573	1
2858	3130	1
2858	3134	1
2858	3701	1
2858	3702	1
2858	3780	1
2865	3207	1
2865	3409	1
2865	3642	1
2865	4097	1
2865	4127	1
2865	4452	1
2865	4560	1
2868	3761	1
2868	4264	3
2875	2956	4
2898	3415	1
2898	3650	1
2898	4068	1
2898	4123	1
2898	4253	1
2898	4299	1
2898	4301	1
2898	4353	1
2898	4390	1
2898	4439	1
2898	4573	1
2904	2978	3
2927	4498	3
2933	3910	1
2933	4703	1
2946	4379	3
2947	3076	2
2947	3234	2
2947	3910	3
2956	4075	4
2956	4391	3
2956	4546	4
2956	4792	1
2964	3646	7
2964	3789	1
2964	3930	5
2964	4200	7
2964	4355	7
2964	4511	7
2969	2983	1
2970	3962	1
2970	4281	1
2970	4707	1
2980	4380	1
2984	3774	2
2984	3921	2
2987	3454	2
2987	3551	3
2987	3642	1
2987	3910	1
2995	3245	2
2995	4585	2
3000	3149	1
3000	3549	1
3000	3812	1
3000	3918	1
3004	3234	3
3005	3234	1
3005	4076	1
3005	4334	1
3012	3646	1
3012	3805	1
3012	3807	1
3012	4341	1
3012	4348	1
3012	4387	1
3012	4600	1
3012	4608	1
3012	4623	1
3015	4045	1
3015	4250	2
3015	4677	1
3018	3036	2
3018	4131	2
3018	4735	1
3022	3236	1
3022	3890	1
3022	3965	1
3022	4593	1
3036	3652	1
3036	4131	3
3036	4546	1
3036	4735	1
3053	3397	1
3053	4726	1
3060	3777	3
3060	4404	1
3073	3654	2
3073	4564	2
3073	4654	2
3076	3234	2
3076	3727	1
3076	3910	1
3076	4712	1
3085	3571	1
3085	4621	1
3085	4646	1
3085	4651	1
3085	4662	1
3090	3154	2
3090	3774	1
3108	3426	3
3108	3527	2
3110	3727	3
3112	4296	1
3117	3346	1
3117	3347	1
3117	3461	1
3117	3602	1
3117	3606	1
3117	3846	1
3117	4352	1
3119	3761	1
3119	4038	1
3128	3502	1
3128	3989	2
3130	3134	1
3130	3701	1
3130	3702	1
3130	3780	1
3134	3701	1
3134	3702	1
3134	3780	1
3142	3469	2
3142	3507	2
3142	4362	2
3142	4472	1
3149	3805	1
3149	3812	1
3149	4038	2
3149	4492	1
3155	4207	1
3155	4400	1
3155	4635	1
3155	4718	1
3155	4747	2
3156	3231	1
3156	3290	1
3156	3316	1
3156	3411	1
3156	3438	1
3156	4643	1
3167	3941	1
3173	3349	1
3173	4101	1
3173	4471	1
3177	3265	2
3177	3414	2
3177	4400	3
3177	4635	2
3177	4713	2
3193	3422	21
3193	3824	2
3193	3955	4
3193	4261	2
3193	4271	22
3193	4372	18
3193	4464	2
3207	3409	1
3207	3642	1
3207	4097	1
3207	4127	1
3207	4452	1
3207	4560	1
3210	3482	1
3210	4205	1
3210	4237	1
3210	4449	2
3215	4158	5
3216	3369	3
3216	3654	2
3216	3835	1
3216	4445	1
3216	4446	2
3216	4602	1
3222	3604	1
3222	4147	1
3222	4448	1
3228	3266	1
3228	4199	1
3228	4719	1
3231	3290	1
3231	3316	1
3231	3411	1
3231	3438	1
3231	4643	1
3234	3291	1
3234	3317	5
3234	3910	2
3234	4076	7
3234	4213	1
3234	4334	1
3234	4508	1
3234	4538	2
3234	4553	1
3234	4567	1
3234	4725	1
3236	3291	1
3236	3890	3
3236	4042	1
3236	4498	1
3237	3291	1
3237	3699	1
3237	3713	1
3237	3809	1
3237	3890	10
3237	3904	1
3237	4027	1
3237	4042	1
3237	4051	1
3237	4341	1
3237	4350	1
3237	4387	1
3237	4462	1
3237	4509	1
3237	4623	1
3245	4585	2
3256	4486	3
3263	3265	1
3263	3377	1
3263	4635	2
3265	3414	1
3265	4400	1
3265	4635	1
3266	4199	1
3266	4219	1
3266	4719	2
3266	4789	1
3286	3670	2
3286	4334	1
3290	3316	1
3290	3411	1
3290	3438	1
3290	4643	1
3291	3890	2
3291	3904	1
3291	4042	2
3316	3411	1
3316	3438	1
3316	4643	1
3317	3495	1
3317	4076	2
3317	4538	2
3317	4567	2
3326	3581	1
3326	3902	1
3326	3918	1
3326	4070	1
3326	4345	1
3346	3347	1
3346	3461	1
3346	3602	1
3346	3606	1
3346	3846	1
3346	4352	1
3347	3461	1
3347	3602	1
3347	3606	1
3347	3846	1
3347	4352	1
3377	4635	2
3377	4790	1
3382	4635	1
3397	3652	1
3397	4492	1
3409	3642	1
3409	4097	1
3409	4127	1
3409	4339	2
3409	4452	1
3409	4560	1
3411	3438	1
3411	4643	1
3413	4244	2
3414	4400	1
3414	4747	1
3415	3650	1
3415	4068	1
3415	4123	1
3415	4253	1
3415	4299	1
3415	4301	1
3415	4353	1
3415	4390	1
3415	4439	1
3415	4573	1
3422	3824	2
3422	3955	4
3422	4261	2
3422	4271	21
3422	4372	18
3422	4464	2
3426	3527	3
3433	3446	3
3433	3727	1
3438	4643	1
3446	3495	1
3446	3536	1
3446	3841	2
3446	4080	1
3446	4281	1
3446	4332	1
3446	4433	2
3454	3551	2
3454	3589	2
3460	3692	1
3460	4156	1
3460	4236	1
3460	4437	1
3460	4618	1
3460	4619	1
3460	4638	1
3460	4768	1
3461	3602	1
3461	3606	1
3461	3846	1
3461	4352	1
3465	3724	2
3465	4161	2
3469	4362	1
3470	4400	1
3470	4584	3
3470	4635	1
3482	4205	1
3482	4449	1
3485	3502	2
3490	4199	1
3490	4635	2
3490	4719	1
3491	3549	1
3491	4338	2
3502	3865	1
3502	4728	1
3504	4216	2
3504	4671	3
3507	3904	2
3507	4048	1
3507	4118	1
3507	4197	1
3507	4362	1
3507	4472	1
3507	4712	1
3516	3865	1
3516	4298	1
3526	4173	2
3526	4221	2
3536	3841	2
3536	4080	1
3549	4334	2
3551	3642	1
3563	3694	1
3563	3697	1
3563	3736	1
3563	3738	1
3563	4150	1
3563	4167	1
3563	4313	1
3563	4639	1
3567	3695	2
3567	3705	2
3567	3722	2
3567	3733	2
3567	4164	2
3567	4175	2
3567	4284	2
3567	4308	2
3567	4398	1
3567	4615	2
3567	4631	2
3567	4761	1
3567	4766	2
3567	4767	1
3570	3750	2
3571	4621	1
3571	4646	1
3571	4651	1
3571	4662	1
3578	3778	1
3578	4499	1
3578	4533	1
3581	3902	1
3581	3918	1
3581	4070	1
3581	4345	1
3589	3989	1
3593	3789	1
3593	4094	1
3593	4357	1
3602	3606	1
3602	3846	1
3602	4352	1
3604	4147	1
3604	4448	1
3606	3846	1
3606	4352	1
3617	3622	1
3617	3698	3
3622	3698	1
3624	4683	2
3640	4344	1
3640	4348	1
3642	4097	1
3642	4127	1
3642	4452	1
3642	4560	1
3646	3789	1
3646	3805	1
3646	3930	6
3646	4200	8
3646	4355	8
3646	4511	8
3646	4608	2
3650	4068	1
3650	4123	1
3650	4253	1
3650	4299	1
3650	4301	1
3650	4353	1
3650	4390	1
3650	4439	1
3650	4573	1
3652	4492	1
3652	4735	1
3654	4446	1
3654	4564	2
3654	4602	1
3654	4654	2
3663	4787	1
3670	4334	1
3672	3881	2
3676	3777	1
3692	4156	2
3692	4236	1
3692	4437	2
3692	4618	2
3692	4619	1
3692	4638	1
3692	4768	1
3694	3697	1
3694	3736	1
3694	3738	1
3694	4150	1
3694	4167	1
3694	4313	1
3694	4639	1
3695	3705	2
3695	3722	2
3695	3733	2
3695	4164	2
3695	4175	2
3695	4284	2
3695	4308	2
3695	4398	1
3695	4615	2
3695	4631	2
3695	4761	1
3695	4766	2
3695	4767	1
3697	3736	1
3697	3738	1
3697	4150	1
3697	4167	1
3697	4313	1
3697	4639	1
3699	3713	1
3699	3809	1
3699	4341	1
3699	4387	1
3699	4623	1
3701	3702	1
3701	3780	1
3702	3780	1
3703	3706	2
3703	4157	2
3703	4620	2
3703	4656	2
3703	4661	2
3705	3722	2
3705	3733	2
3705	4164	2
3705	4175	2
3705	4284	2
3705	4308	2
3705	4398	1
3705	4615	2
3705	4631	2
3705	4761	1
3705	4766	2
3705	4767	1
3706	4157	2
3706	4620	2
3706	4656	2
3706	4661	2
3713	3807	1
3713	3809	1
3713	3890	1
3713	4341	3
3713	4387	3
3713	4623	1
3722	3733	2
3722	4164	2
3722	4175	2
3722	4284	2
3722	4308	2
3722	4398	1
3722	4615	2
3722	4631	2
3722	4761	1
3722	4766	2
3722	4767	1
3724	4161	2
3727	3962	1
3727	4712	1
3733	4164	2
3733	4175	2
3733	4284	2
3733	4308	2
3733	4398	1
3733	4615	2
3733	4631	2
3733	4761	1
3733	4766	2
3733	4767	1
3736	3738	1
3736	4150	1
3736	4167	1
3736	4313	1
3736	4639	1
3738	4150	1
3738	4167	1
3738	4313	1
3738	4639	1
3761	4264	1
3772	4542	1
3774	3921	2
3774	4602	2
3777	4022	1
3777	4032	1
3777	4635	1
3777	4735	1
3778	4499	1
3778	4533	1
3780	4470	1
3782	4422	2
3782	4680	2
3789	4062	1
3789	4094	3
3789	4200	1
3789	4229	3
3789	4355	1
3789	4457	2
3789	4511	1
3795	4213	1
3795	4457	1
3805	4287	1
3805	4608	1
3807	3890	1
3807	4341	2
3807	4387	2
3807	4623	1
3809	4341	1
3809	4387	1
3809	4623	1
3812	4335	1
3819	3820	2
3824	4271	2
3824	4372	2
3835	4445	1
3835	4446	2
3835	4672	1
3841	4080	2
3841	4281	1
3846	4352	1
3851	4235	1
3874	4436	2
3874	4624	2
3890	3904	1
3890	4027	1
3890	4042	2
3890	4051	1
3890	4338	1
3890	4341	1
3890	4350	1
3890	4387	1
3890	4462	1
3890	4498	1
3890	4509	1
3902	3918	1
3902	4070	1
3902	4345	1
3904	4042	1
3904	4503	1
3904	4712	1
3910	4409	4
3910	4508	1
3910	4703	1
3910	4725	1
3918	4070	1
3918	4345	1
3921	4071	2
3921	4110	3
3930	4200	6
3930	4355	6
3930	4511	6
3955	4271	4
3955	4372	4
3955	4464	2
3965	4593	1
3981	4417	1
3981	4467	1
4027	4051	1
4027	4350	1
4027	4462	1
4027	4509	1
4028	4103	2
4028	4703	1
4028	4712	1
4032	4735	1
4033	4378	2
4033	4602	2
4045	4250	1
4045	4677	1
4048	4118	1
4048	4197	1
4051	4338	1
4051	4350	2
4051	4462	1
4051	4509	1
4062	4094	1
4062	4229	1
4062	4457	1
4068	4123	1
4068	4253	1
4068	4299	1
4068	4301	1
4068	4353	1
4068	4390	1
4068	4439	1
4068	4573	1
4070	4345	1
4075	4391	4
4075	4546	7
4075	4792	1
4076	4538	1
4076	4553	1
4094	4229	2
4094	4457	2
4097	4127	1
4097	4452	1
4097	4560	1
4103	4281	1
4103	4703	1
4114	4478	2
4118	4197	1
4123	4253	1
4123	4299	1
4123	4301	1
4123	4353	1
4123	4390	1
4123	4439	1
4123	4573	1
4127	4452	1
4127	4560	1
4131	4368	1
4131	4735	1
4132	4602	2
4147	4448	1
4150	4167	1
4150	4313	1
4150	4639	1
4156	4236	1
4156	4437	2
4156	4618	2
4156	4619	1
4156	4638	1
4156	4768	1
4157	4620	2
4157	4656	2
4157	4661	2
4164	4175	2
4164	4284	2
4164	4308	2
4164	4398	1
4164	4615	2
4164	4631	2
4164	4761	1
4164	4766	2
4164	4767	1
4167	4313	1
4167	4639	1
4169	4195	1
4169	4270	1
4169	4625	1
4169	4637	1
4172	4305	1
4172	4663	1
4172	4765	1
4173	4221	3
4175	4284	2
4175	4308	2
4175	4398	1
4175	4615	2
4175	4631	2
4175	4761	1
4175	4766	2
4175	4767	1
4193	4335	2
4195	4270	1
4195	4625	1
4195	4637	1
4199	4219	2
4199	4635	3
4199	4789	2
4200	4355	8
4200	4511	8
4205	4449	1
4207	4635	2
4207	4718	1
4213	4334	1
4213	4457	1
4216	4671	2
4219	4635	2
4219	4719	1
4229	4457	2
4236	4437	1
4236	4618	1
4236	4619	1
4236	4638	1
4236	4768	1
4237	4449	1
4250	4677	2
4253	4299	1
4253	4301	1
4253	4353	1
4253	4390	1
4253	4439	1
4253	4573	1
4255	4296	1
4255	4726	3
4261	4271	2
4261	4372	2
4270	4625	1
4270	4637	1
4271	4372	17
4271	4379	1
4271	4464	2
4271	4471	3
4274	4389	1
4274	4479	1
4274	4523	2
4284	4308	2
4284	4398	1
4284	4615	2
4284	4631	2
4284	4761	1
4284	4766	2
4284	4767	1
4296	4726	2
4299	4301	1
4299	4353	1
4299	4390	1
4299	4439	1
4299	4573	1
4301	4353	1
4301	4390	1
4301	4439	1
4301	4573	1
4305	4663	1
4305	4765	1
4308	4398	1
4308	4615	2
4308	4631	2
4308	4761	1
4308	4766	2
4308	4767	1
4313	4639	1
4332	4404	1
4332	4703	1
4339	4394	3
4341	4387	4
4341	4623	3
4348	4600	1
4350	4462	1
4350	4509	1
4353	4390	1
4353	4439	1
4353	4573	1
4355	4511	8
4362	4472	1
4372	4464	2
4387	4623	3
4389	4479	1
4389	4523	2
4390	4439	1
4390	4573	1
4391	4546	5
4398	4615	1
4398	4631	1
4398	4766	1
4398	4767	1
4400	4584	1
4400	4747	2
4408	4459	2
4417	4467	2
4417	4782	1
4422	4680	2
4436	4624	4
4437	4618	2
4437	4619	1
4437	4638	1
4437	4768	1
4439	4573	1
4452	4560	1
4462	4509	1
4467	4782	1
4479	4523	1
4492	4546	1
4499	4533	1
4508	4725	2
4546	4792	2
4564	4654	2
4584	4635	1
4589	4770	1
4615	4631	2
4615	4761	1
4615	4766	2
4615	4767	1
4618	4619	1
4618	4638	1
4618	4768	1
4619	4638	1
4619	4768	1
4620	4656	2
4620	4661	2
4621	4646	1
4621	4651	1
4621	4662	1
4625	4637	1
4631	4761	1
4631	4766	2
4631	4767	1
4635	4713	2
4635	4718	4
4635	4719	1
4635	4735	2
4635	4747	1
4635	4789	1
4635	4790	1
4638	4768	1
4646	4651	1
4646	4662	1
4651	4662	1
4656	4661	2
4663	4765	1
4761	4766	1
4766	4767	1
