id	label	x	y	cluster	weight<Links>	weight<Total link strength>	weight<Documents>	weight<Citations>	weight<Norm. citations>	score<Avg. pub. year>	score<Avg. citations>	score<Avg. norm. citations>
10	abdullah c.i.	0.4667	-0.1998	1	5	5	2	0	0	2019	0	0
13	abdullah m.	-0.0249	0.6335	30	14	59	15	19	20.0488	2019	1.2667	1.3366
14	abdulmadjid s.n.	0.6073	-0.616	20	24	38	2	9	9.4968	2019	4.5	4.7484
19	abdurrachman m.	0.6625	0.1086	14	5	5	3	3	3.1656	2019	1	1.0552
24	abidin h.z.	0.1196	-0.7204	4	8	11	6	14	14.7728	2019	2.3333	2.4621
27	abu n.a.	0.6059	0.2627	35	12	12	1	0	0	2019	0	0
30	achiari h.	-0.9201	0.7172	22	21	24	3	25	26.38	2019	8.3333	8.7933
33	adatte t.	1.0197	-0.2781	15	15	15	1	4	4.2208	2019	4	4.2208
36	adhika d.r.	-0.0976	-0.0406	11	14	23	8	8	8.4416	2019	1	1.0552
40	adi k.	0.2365	0.0612	16	8	17	3	8	8.4416	2019	2.6667	2.8139
41	adi t.r.	-0.6321	-0.2768	6	10	10	1	6	6.3312	2019	6	6.3312
45	adiono t.	-0.2609	-0.164	33	11	36	38	29	30.6008	2019	0.7632	0.8053
50	aditiawati p.	-0.3398	0.4956	24	13	14	5	7	7.3864	2019	1.4	1.4773
57	adnyana i.k.	0.2775	-0.3028	11	5	9	7	8	8.4416	2019	1.1429	1.2059
59	adriansyah n.m.	-0.4184	-0.5227	27	4	8	6	0	0	2019	0	0
67	afifah z.n.	1.1157	0.0588	7	11	11	1	0	0	2019	0	0
69	afini i.	-0.5202	0.7272	3	6	10	2	4	4.2208	2019	2	2.1104
80	agusta m.k.	-0.4927	0.1336	18	8	19	6	17	17.9384	2019	2.8333	2.9897
83	agustiadi t.	-0.5705	-0.3549	6	9	9	2	16	16.8832	2019	8	8.4416
89	agustine e.	0.7966	-0.0335	38	13	13	2	0	0	2019	0	0
90	agustini k.	1.1125	0.3353	7	12	12	1	0	0	2019	0	0
95	ahmad a.s.	-0.0509	0.0464	16	5	6	3	8	8.4416	2019	2.6667	2.8139
104	ai b.	-0.251	-0.0433	5	11	21	6	1	1.0552	2019	0.1667	0.1759
106	aimon a.h.	-0.0973	0.3934	3	11	30	11	9	9.4968	2019	0.8182	0.8633
125	akbar f.t.	-0.527	-0.0024	18	8	13	7	3	3.1656	2019	0.4286	0.4522
135	akmalia r.	-0.0093	-0.8605	4	11	11	1	2	2.1104	2019	2	2.1104
144	alam b.r.	-0.1228	-0.3319	9	3	5	9	0	0	2019	0	0
150	alatas h.	-0.5926	0.2839	2	6	11	2	5	5.276	2019	2.5	2.638
151	alatas i.m.	-0.3392	-0.7808	19	19	19	1	1	1.0552	2019	1	1.0552
158	alfat s.	0.8382	-0.0405	38	11	11	1	0	0	2019	0	0
182	alsaadi a.	0.2492	1.0348	31	12	12	1	21	22.1592	2019	21	22.1592
187	amal r.	-0.9533	-0.0017	26	18	32	5	27	28.4904	2019	5.4	5.6981
192	amalia n.	-0.0754	0.6368	30	11	29	6	2	2.1104	2019	0.3333	0.3517
196	amalina a.n.	0.0167	-0.1566	11	6	8	2	4	4.2208	2019	2	2.1104
209	amin m.	-0.0702	-0.4041	18	9	9	4	7	7.3864	2019	1.75	1.8466
215	amir m.f.	0.6763	-0.0389	14	7	14	2	8	8.4416	2019	4	4.2208
222	anam c.	0.1909	0.1288	16	10	49	9	22	23.2144	2019	2.4444	2.5794
223	ananda a.r.	0.1188	-0.14	37	3	8	4	3	3.1656	2019	0.75	0.7914
232	andhika b.	0.7955	0.1847	34	12	12	1	0	0	2019	0	0
237	andini n.	-0.4462	-0.5555	27	2	5	3	0	0	2019	0	0
243	andreas h.	0.0596	-0.7226	4	20	36	10	2	2.1104	2019	0.2	0.211
246	andriana b.b.	-0.6109	0.3076	2	6	15	3	5	5.276	2019	1.6667	1.7587
251	andromeda t.	-0.4059	-0.3657	18	5	5	2	0	0	2019	0	0
255	anggadwita g.	-0.5032	0.9585	55	0	0	3	1	1.0552	2019	0.3333	0.3517
261	anggono t.	0.5561	-0.3277	1	4	6	2	0	0	2019	0	0
266	anggreni sarsito d.	0.1032	-0.6257	4	6	11	3	0	0	2019	0	0
276	anjum d.	0.247	1.0063	31	12	12	1	21	22.1592	2019	21	22.1592
277	annisa r.	0.4547	-0.8592	28	9	18	2	0	0	2019	0	0
279	anshori i.	-0.3466	-0.0188	33	4	4	4	0	0	2019	0	0
288	anwar k.	-0.2822	-0.3987	9	5	5	8	2	2.1104	2019	0.25	0.2638
294	aprianti d.	0.0297	0.5409	24	1	3	3	0	0	2019	0	0
300	"aprilia, hakim m.i."	0.5575	0.5444	21	3	6	4	1	1.0552	2019	0.25	0.2638
315	ardi n.s.	1.0614	-0.5586	50	1	3	3	0	0	2019	0	0
329	arianto a.	0.6159	0.2372	35	12	12	1	0	0	2019	0	0
330	arida e.	-0.2144	1.0729	23	19	33	4	16	16.8832	2019	4	4.2208
332	arief budiman b.	-0.3656	-0.4119	18	4	5	3	0	0	2019	0	0
339	arif i.	0.1745	0.2201	16	13	41	10	17	17.9384	2019	1.7	1.7938
344	arifianto m.s.	-0.2434	-0.3212	9	5	14	8	6	6.3312	2019	0.75	0.7914
352	arifyanto m.i.	0.5635	0.5151	21	7	12	11	5	5.276	2019	0.4545	0.4796
353	ariga k.	-0.8864	0.2766	2	12	12	1	2	2.1104	2019	2	2.1104
356	arini h.m.	0.1425	0.4923	5	5	10	2	0	0	2019	0	0
366	ariwahjoedi s.	0.6363	0.9124	29	2	7	4	0	0	2019	0	0
370	ariztegui d.	1.0202	-0.3239	15	20	32	2	13	13.7176	2019	6.5	6.8588
373	arman z.	1.1668	0.0709	7	11	11	1	0	0	2019	0	0
385	arunachalam s.	0.2748	1.0084	31	12	12	1	21	22.1592	2019	21	22.1592
389	aryanti p.t.p.	-0.7565	-0.2047	17	8	14	5	19	20.0488	2019	3.8	4.0098
391	aránguiz r.	-0.8935	0.762	22	13	14	2	40	42.2081	2019	20	21.104
397	asiah n.	1.1452	0.2668	7	12	12	1	0	0	2019	0	0
401	asri l.a.t.w.	-0.322	0.4192	3	6	7	3	5	5.276	2019	1.6667	1.7587
413	astuti b.	-0.1014	0.7694	30	3	5	2	0	0	2019	0	0
414	astuti d.i.	-0.5967	0.0969	17	4	9	5	9	9.4968	2019	1.8	1.8994
417	atarita f.r.	0.6135	0.1354	14	7	10	2	1	1.0552	2019	0.5	0.5276
419	atmajaya g.k.m.	0.354	-0.8506	28	12	26	5	0	0	2019	0	0
423	aulia a.i.	0.0232	-0.3785	12	4	8	3	2	2.1104	2019	0.6667	0.7035
433	austin c.c.	-0.3156	1.0084	23	19	19	1	4	4.2208	2019	4	4.2208
458	aziz a.a.	0.311	0.7202	10	3	3	2	5	5.276	2019	2.5	2.638
460	aziz m.	-0.1667	-0.5203	18	7	10	5	18	18.9936	2019	3.6	3.7987
474	bachtiar b.m.	-0.6546	0.4876	8	19	27	2	11	11.6072	2019	5.5	5.8036
475	bachtiar e.w.	-0.6766	0.5283	8	19	27	2	11	11.6072	2019	5.5	5.8036
479	backlin a.r.	-0.2485	1.0716	23	19	19	1	4	4.2208	2019	4	4.2208
492	balqis m.	1.1254	0.0321	7	11	11	1	0	0	2019	0	0
493	bando y.	-0.7712	0.1549	2	14	27	4	33	34.8217	2019	8.25	8.7054
495	bandung y.	-0.5442	1.0859	56	0	0	7	1	1.0552	2019	0.1429	0.1507
499	banjar-nahor k.m.	0.3277	-0.5615	12	3	7	6	0	0	2019	0	0
504	barlian a.	-0.463	0.6808	3	11	13	5	5	5.276	2019	1	1.0552
511	basri m.h.	0.5132	1.0557	45	2	5	5	4	4.2208	2019	0.8	0.8442
517	bauer k.w.	0.9505	-0.3511	15	20	32	2	13	13.7176	2019	6.5	6.8588
521	bedard p.l.	-0.335	-1.0904	25	17	17	1	4	4.2208	2019	4	4.2208
522	bedford n.m.	-0.9541	-0.0365	26	16	18	2	20	21.104	2019	10	10.552
525	belgiawan p.f.	-0.0867	-1.1108	57	0	0	3	19	20.0488	2019	6.3333	6.6829
527	benning l.g.	0.9458	-0.4201	15	17	17	1	9	9.4968	2019	9	9.4968
528	benu d.p.	-0.0169	-0.1332	11	8	17	3	5	5.276	2019	1.6667	1.7587
541	bijaksana s.	0.7567	-0.1017	14	54	104	23	45	47.4841	2019	1.9565	2.0645
542	bilal m.	0.5731	-0.4789	20	19	32	2	8	8.4416	2019	4	4.2208
546	bird b.w.	-0.8979	-0.4099	6	20	20	1	2	2.1104	2019	2	2.1104
547	birowosuto m.d.	-0.0673	0.2102	13	19	19	2	12	12.6624	2019	6	6.3312
550	blake g.r.	-0.1762	-0.1385	11	3	3	2	2	2.1104	2019	1	1.0552
551	blom m.p.k.	-0.2836	1.1185	23	19	19	1	4	4.2208	2019	4	4.2208
553	bolzan j.f.	-0.9509	-0.3769	6	20	20	1	2	2.1104	2019	2	2.1104
557	bragg j.g.	-0.2837	0.9969	23	19	19	1	4	4.2208	2019	4	4.2208
559	bramanto b.	0.1428	-0.799	4	14	17	6	5	5.276	2019	0.8333	0.8793
574	budi w.s.	0.3853	-0.2296	16	24	34	4	18	18.9936	2019	4.5	4.7484
575	budi-santoso a.	0.4264	-0.0187	1	10	10	1	1	1.0552	2019	1	1.0552
581	budiman b.a.	-0.0609	-0.6091	4	4	7	9	2	2.1104	2019	0.2222	0.2345
599	burbidge d.	0.2621	-0.0577	1	14	14	1	6	6.3312	2019	6	6.3312
622	carey s.	-0.7844	-0.8462	36	10	10	1	23	24.2696	2019	23	24.2696
623	carleton b.c.	-0.2942	-1.0612	25	17	17	1	4	4.2208	2019	4	4.2208
624	carretero m.a.	-0.3286	1.0388	23	19	19	1	4	4.2208	2019	4	4.2208
637	chan k.k.	-0.1049	0.1967	13	14	14	1	11	11.6072	2019	11	11.6072
646	chen c.-k.	-0.159	0.2516	13	14	14	1	11	11.6072	2019	11	11.6072
647	chen c.-t.	-0.4334	-0.0557	13	15	15	1	2	2.1104	2019	2	2.1104
650	chen z.	-0.3832	-1.0734	25	17	17	1	4	4.2208	2019	4	4.2208
678	crowe s.a.	0.9445	-0.288	15	20	32	2	13	13.7176	2019	6.5	6.8588
679	cui g.	-0.4835	-0.0314	13	15	15	1	2	2.1104	2019	2	2.1104
680	cui y.	-1.0315	-0.0217	26	11	11	1	11	11.6072	2019	11	11.6072
681	cui z.	-0.4068	-0.0655	13	15	15	1	2	2.1104	2019	2	2.1104
682	cummins p.	0.4106	-0.1562	1	6	8	4	9	9.4968	2019	2.25	2.3742
685	dabarsyah b.	0.1021	0.0252	16	1	5	5	0	0	2019	0	0
692	dahono p.a.	0.2005	-0.5269	12	2	6	8	2	2.1104	2019	0.25	0.2638
698	damanhuri e.	0.0135	-0.056	11	3	3	4	10	10.552	2019	2.5	2.638
703	danudirdjo d.	0.1186	-0.1792	37	8	16	6	3	3.1656	2019	0.5	0.5276
706	darma y.	0.0207	0.1635	16	9	28	9	17	17.9384	2019	1.8889	1.9932
720	daryono m.r.	0.3301	-0.1012	1	16	16	2	11	11.6072	2019	5.5	5.8036
722	"daryono, wiyono s.h."	0.2968	-0.0402	1	14	14	1	6	6.3312	2019	6	6.3312
724	davis m.e.	-0.9802	-0.435	6	20	20	1	2	2.1104	2019	2	2.1104
742	desfitriady d.	0.5778	0.2635	35	12	12	1	0	0	2019	0	0
747	devianto h.	-0.722	-0.5781	17	3	5	3	8	8.4416	2019	2.6667	2.8139
748	devina a.	-0.5796	-0.74	27	10	10	1	2	2.1104	2019	2	2.1104
769	dian nugraha a.	0.5155	-0.2882	1	6	10	4	0	0	2019	0	0
780	dinata i.s.	0.3824	-0.8234	28	11	25	4	0	0	2019	0	0
783	dipojono h.k.	-0.456	0.1275	18	10	22	9	39	41.1529	2019	4.3333	4.5725
790	djamal m.	0.4734	0.0313	10	6	7	5	9	9.4968	2019	1.8	1.8994
791	djarwadi d.	-0.3775	-0.6875	19	19	19	1	1	1.0552	2019	1	1.0552
796	djunaidy m.	-0.271	-0.7245	19	19	19	1	1	1.0552	2019	1	1.0552
799	dou s.x.	-0.8439	0.0986	2	9	9	2	10	10.552	2019	5	5.276
801	dougherty g.	0.1632	0.1016	16	11	50	10	24	25.3248	2019	2.4	2.5325
805	drögemöller b.i.	-0.3893	-1.1117	25	17	17	1	4	4.2208	2019	4	4.2208
806	du x.	-0.4653	-0.0865	13	15	15	1	2	2.1104	2019	2	2.1104
812	dupuis p.	0.4502	-0.7638	28	2	6	3	1	1.0552	2019	0.3333	0.3517
820	dwi wicaksono b.g.	0.2987	-0.7217	28	5	7	4	0	0	2019	0	0
827	dwiputra d.	0.6201	0.7746	29	5	21	6	1	1.0552	2019	0.1667	0.1759
831	dwivany f.m.	0.2412	0.6981	10	4	5	4	3	3.1656	2019	0.75	0.7914
845	effendi m.r.	-0.0433	-0.2527	9	10	24	11	5	5.276	2019	0.4545	0.4796
848	eilander d.	-0.011	-0.8881	4	11	11	1	2	2.1104	2019	2	2.1104
849	ekaputri c.	0.0332	-0.2282	11	2	6	7	3	3.1656	2019	0.4286	0.4522
854	el-enshasy h.a.	1.1185	0.2413	7	15	15	2	2	2.1104	2019	1	1.0552
862	engwell s.l.	-0.8226	-0.8761	36	10	10	1	23	24.2696	2019	23	24.2696
864	enshasy h.e.	1.0922	0.104	7	13	15	2	0	0	2019	0	0
875	eso r.	0.8978	-0.0371	38	11	11	1	0	0	2019	0	0
877	esteban m.	-0.8919	0.7176	22	21	25	3	50	52.7601	2019	16.6667	17.5867
879	esyanti r.r.	0.2274	0.719	10	2	3	4	3	3.1656	2019	0.75	0.7914
894	fadliah f.	0.3728	0.1107	11	2	4	3	0	0	2019	0	0
899	fahmi a.a.	0.4708	-0.057	1	10	10	1	1	1.0552	2019	1	1.0552
904	faizal a.	0.2147	0.7432	10	2	3	5	2	2.1104	2019	0.4	0.4221
905	faizal f.	0.0826	0.8164	41	5	13	3	0	0	2019	0	0
906	faizal l.	-0.2841	-0.6978	19	19	19	1	1	1.0552	2019	1	1.0552
907	fajar a.t.n.	0.0486	-0.0771	11	3	5	2	11	11.6072	2019	5.5	5.8036
910	fajar s.j.	0.6246	0.0905	14	10	17	8	5	5.276	2019	0.625	0.6595
922	fan b.	-0.5801	-0.2867	6	10	10	1	6	6.3312	2019	6	6.3312
923	fang g.	-0.6091	-0.2959	6	10	10	1	6	6.3312	2019	6	6.3312
928	farida s.	-0.6071	-0.6957	27	10	10	1	2	2.1104	2019	2	2.1104
930	faried a.	-0.5944	-0.7172	27	10	10	1	2	2.1104	2019	2	2.1104
938	fathany m.y.	-0.3022	-0.2148	33	3	9	3	4	4.2208	2019	1.3333	1.4069
961	fauzi a.	0.1876	0.5739	10	3	3	2	2	2.1104	2019	1	1.0552
964	fauzi m.a.r.	-0.9326	0.6431	22	11	11	1	10	10.552	2019	10	10.552
966	fauzi u.	0.3476	0.369	14	3	4	5	0	0	2019	0	0
985	fela r.f.	0.3771	-1.1006	40	4	8	4	0	0	2019	0	0
986	feranie s.	0.3665	0.3342	14	2	6	5	2	2.1104	2019	0.4	0.4221
993	fernández a.	-1.0147	-0.3817	6	20	20	1	2	2.1104	2019	2	2.1104
997	fidrianny i.	0.2967	-0.331	11	2	2	3	5	5.276	2019	1.6667	1.7587
1000	fikriyah n.n.	1.148	0.0929	7	11	11	1	0	0	2019	0	0
1013	firmansyah f.r.	0.8159	0.1363	34	12	12	1	0	0	2019	0	0
1020	fisher r.n.	-0.2505	0.9983	23	19	19	1	4	4.2208	2019	4	4.2208
1021	fista b.	0.079	0.4545	5	3	3	2	0	0	2019	0	0
1025	fitranatanegara n.	-0.021	-0.8345	4	11	11	1	2	2.1104	2019	2	2.1104
1048	florena f.f.	0.0582	0.8296	41	5	14	4	0	0	2019	0	0
1049	floweri o.	-0.0748	0.3683	3	3	8	3	0	0	2019	0	0
1052	friedmann d.	-1.0277	0.0403	26	13	19	2	14	14.7728	2019	7	7.3864
1053	friese a.	0.9816	-0.3675	15	20	32	2	13	13.7176	2019	6.5	6.8588
1056	fuada s.	-0.3085	-0.1836	33	4	21	11	16	16.8832	2019	1.4545	1.5348
1058	fujibuchi t.	0.2003	0.0897	16	10	40	7	20	21.104	2019	2.8571	3.0149
1061	fujita y.	-0.863	0.2547	2	12	12	1	2	2.1104	2019	2	2.1104
1062	fukumitsu n.	-0.8256	0.2714	2	15	19	2	21	22.1592	2019	10.5	11.0796
1068	gabrielli p.	-0.9874	-0.4682	6	20	20	1	2	2.1104	2019	2	2.1104
1073	gallo a.	0.3226	1.0481	31	12	12	1	21	22.1592	2019	21	22.1592
1074	gamal m.	0.0954	-0.8201	4	7	8	2	0	0	2019	0	0
1083	garmana a.n.	0.1864	-0.3688	12	2	2	2	2	2.1104	2019	1	1.0552
1088	gede wenten i.	-0.7207	-0.1176	17	5	6	2	1	1.0552	2019	0.5	0.5276
1089	gelfi m.	-0.9498	0.6201	22	11	11	1	10	10.552	2019	10	10.552
1090	gelmon k.a.	-0.3436	-1.039	25	17	17	1	4	4.2208	2019	4	4.2208
1092	ghaffour n.	0.321	0.9908	31	12	12	1	21	22.1592	2019	21	22.1592
1105	glaw f.	-0.2904	1.0299	23	19	19	1	4	4.2208	2019	4	4.2208
1109	gordon a.l.	-0.5277	-0.3486	6	4	6	3	25	26.38	2019	8.3333	8.7933
1115	govindaraju r.	-0.2895	0.7916	24	2	6	4	1	1.0552	2019	0.25	0.2638
1116	gozan m.	-0.6223	-0.6649	27	11	12	4	12	12.6624	2019	3	3.1656
1118	grandis h.	0.5321	-0.3365	1	4	6	8	0	0	2019	0	0
1119	grilli a.r.	-0.8165	-0.8522	36	10	10	1	23	24.2696	2019	23	24.2696
1120	grilli s.t.	-0.8351	-0.8353	36	10	10	1	23	24.2696	2019	23	24.2696
1128	gumilar i.	0.1027	-0.7484	4	9	13	7	4	4.2208	2019	0.5714	0.603
1130	gunara b.e.	-0.5072	-0.1375	18	4	10	10	2	2.1104	2019	0.2	0.211
1134	gunawan d.	-0.9529	-0.4455	6	20	20	1	2	2.1104	2019	2	2.1104
1135	gunawan e.	0.3208	-0.1814	1	4	7	4	13	13.7176	2019	3.25	3.4294
1137	gunawan h.	0.5232	-0.073	10	6	9	6	19	20.0488	2019	3.1667	3.3415
1145	gunawi h.s.	0.726	-0.9217	32	12	12	1	2	2.1104	2019	2	2.1104
1147	gupta a.	0.7146	-0.869	32	12	12	1	2	2.1104	2019	2	2.1104
1150	gusman a.r.	0.2929	-0.1076	1	15	17	3	8	8.4416	2019	2.6667	2.8139
1154	götz t.	-0.7813	-0.0582	2	7	9	2	2	2.1104	2019	1	1.0552
1159	habibie m.n.	-0.9951	-0.3567	6	20	20	1	2	2.1104	2019	2	2.1104
1174	hadiyoso s.	0.2865	0.2644	10	3	14	15	18	18.9936	2019	1.2	1.2662
1176	hadley w.	-0.0348	-0.8793	4	11	11	1	2	2.1104	2019	2	2.1104
1186	hakam a.	-1.1782	0.5727	47	1	3	4	2	2.1104	2019	0.5	0.5276
1187	hakim a.	0.239	-0.0369	1	14	14	1	6	6.3312	2019	6	6.3312
1190	hakim e.h.	1.0227	0.3569	7	4	5	5	10	10.552	2019	2	2.1104
1194	halid j.	-0.2692	0.5572	24	10	10	1	3	3.1656	2019	3	3.1656
1208	hamdan a.m.	0.6549	-0.0113	14	7	15	3	9	9.4968	2019	3	3.1656
1214	hamdi k.	0.5933	0.2885	35	12	12	1	0	0	2019	0	0
1218	hamidi e.a.z.	-0.1686	-0.2734	9	8	13	5	0	0	2019	0	0
1222	hamling i.	0.2253	-0.0648	1	14	14	1	6	6.3312	2019	6	6.3312
1229	handayani a.	0.1516	-0.1892	37	6	10	5	26	27.4352	2019	5.2	5.487
1233	handayani n.	0.1531	0.2958	16	5	7	2	2	2.1104	2019	1	1.0552
1238	handojo l.	-0.7227	-0.4284	17	8	11	4	18	18.9936	2019	4.5	4.7484
1244	hanggoro w.	-0.9778	-0.3837	6	20	20	1	2	2.1104	2019	2	2.1104
1249	hanifa r.	-0.2835	-0.7567	19	19	19	1	1	1.0552	2019	1	1.0552
1257	hantoko d.	-0.6332	0.0756	2	4	7	3	24	25.3248	2019	8	8.4416
1260	hape m.m.	-1.1819	0.5598	47	1	3	3	1	1.0552	2019	0.3333	0.3517
1261	hapidin d.a.	0.0423	0.3629	3	4	9	3	26	27.4352	2019	8.6667	9.1451
1265	haq i.n.	-0.2002	0.2493	5	4	7	4	0	0	2019	0	0
1275	hariadi f.i.	-0.1422	-0.3181	9	2	5	6	4	4.2208	2019	0.6667	0.7035
1278	harimurti s.	-0.3224	-0.0892	33	4	6	4	2	2.1104	2019	0.5	0.5276
1283	hariyanto n.	0.306	-0.5397	12	6	9	12	4	4.2208	2019	0.3333	0.3517
1284	harja h.b.	0.7663	0.7066	21	3	5	2	0	0	2019	0	0
1294	harnantyari a.s.	-0.9642	0.6461	22	11	11	1	10	10.552	2019	10	10.552
1295	harninto d.s.	-0.364	-0.7206	19	19	19	1	1	1.0552	2019	1	1.0552
1301	hart j.n.	-1.0621	-0.0188	26	11	11	1	11	11.6072	2019	11	11.6072
1307	harto a.b.	0.2622	0.6678	10	3	6	5	3	3.1656	2019	0.6	0.6331
1313	harudu l.	0.8796	-0.0865	38	11	11	1	0	0	2019	0	0
1318	haryanto f.	0.2172	0.2366	16	20	69	19	27	28.4904	2019	1.4211	1.4995
1319	haryanto i.	-0.384	-0.3752	18	6	6	4	0	0	2019	0	0
1325	hasan u.	1.1195	0.31	7	12	12	1	0	0	2019	0	0
1327	hasanah l.	0.2556	0.3635	14	5	8	3	4	4.2208	2019	1.3333	1.4069
1328	hasanah r.	1.1204	0.0862	7	11	11	1	0	0	2019	0	0
1330	hasberg a.k.m.	0.7747	-0.2569	15	11	21	3	18	18.9936	2019	6	6.3312
1337	"hasrorayan, ardin"	0.8945	-0.0646	38	11	11	1	0	0	2019	0	0
1340	hatano k.	-0.8734	0.3168	2	12	12	1	2	2.1104	2019	2	2.1104
1341	hathaway s.a.	-0.2535	1.1058	23	19	19	1	4	4.2208	2019	4	4.2208
1349	he r.	-0.2862	0.0025	5	8	9	2	0	0	2019	0	0
1350	hedwig r.	0.6075	-0.5645	20	25	61	4	13	13.7176	2019	3.25	3.4294
1359	hendradjaya b.	-0.0521	-0.0189	5	1	2	5	0	0	2019	0	0
1363	hendrawan h.	-0.1658	-0.2208	9	4	6	5	0	0	2019	0	0
1368	hendriatiningsih s.	-1.1747	0.2628	43	3	8	3	0	0	2019	0	0
1376	henny c.	1.015	-0.3616	15	20	32	2	13	13.7176	2019	6.5	6.8588
1415	hidayat e.	0.0775	-0.3529	12	6	8	3	3	3.1656	2019	1	1.0552
1417	hidayat e.m.i.	0.1027	-0.3796	12	4	8	6	1	1.0552	2019	0.1667	0.1759
1424	hidayat r.	0.3623	0.2085	10	13	17	17	16	16.8832	2019	0.9412	0.9931
1425	hidayat s.	-0.0485	-0.0844	11	3	5	6	1	1.0552	2019	0.1667	0.1759
1426	hidayat t.	0.7521	0.57	21	10	10	5	11	11.6072	2019	2.2	2.3214
1428	hidayat w.	0.5579	0.749	29	12	29	9	2	2.1104	2019	0.2222	0.2345
1436	hikita m.	-0.2944	0.133	8	3	4	2	0	0	2019	0	0
1444	himawan a.	-0.3244	-0.6711	19	19	19	1	1	1.0552	2019	1	1.0552
1445	himma n.f.	-0.7939	-0.235	17	6	11	4	67	70.6985	2019	16.75	17.6746
1447	hindersah h.	0.0545	-0.3983	12	9	16	7	4	4.2208	2019	0.5714	0.603
1459	honggowiranto w.	0.4419	0.2498	10	5	10	3	1	1.0552	2019	0.3333	0.3517
1460	hooijer a.	-0.0603	-0.8685	4	11	11	1	2	2.1104	2019	2	2.1104
1468	hu z.	-0.4297	-0.0078	13	15	15	1	2	2.1104	2019	2	2.1104
1469	huang l.	-0.4915	-0.0639	13	15	15	1	2	2.1104	2019	2	2.1104
1487	husna s.n.a.	1.1347	0.1275	7	14	18	3	2	2.1104	2019	0.6667	0.7035
1512	idris i.	-0.3587	0.0762	33	3	11	4	3	3.1656	2019	0.75	0.7914
1513	idris n.	0.6863	-0.5655	20	24	47	3	13	13.7176	2019	4.3333	4.5725
1514	idroes r.	0.6841	-0.6516	20	20	20	1	1	1.0552	2019	1	1.0552
1523	ikono r.	-0.6443	0.5399	8	19	27	2	11	11.6072	2019	5.5	5.8036
1527	ilman b.	0.6267	0.2125	35	12	12	1	0	0	2019	0	0
1535	imaduddin i.	0.598	0.5693	21	4	5	2	1	1.0552	2019	0.5	0.5276
1538	iman d.	0.4228	-0.8769	28	9	18	2	0	0	2019	0	0
1544	indarto a.	-0.6983	-0.4749	17	5	13	6	8	8.4416	2019	1.3333	1.4069
1552	indrastuti n.	0.5454	-0.0973	10	3	6	2	16	16.8832	2019	8	8.4416
1553	indratno s.w.	-0.2796	0.6962	24	2	4	4	0	0	2019	0	0
1566	iqbal j.	0.5363	-0.4906	20	19	32	2	8	8.4416	2019	4	4.2208
1567	iqbal m.	-0.7115	0.1157	2	16	29	5	32	33.7665	2019	6.4	6.7533
1569	irawan b.	0.23	0.5778	10	4	12	9	2	2.1104	2019	0.2222	0.2345
1573	irawan y.s.	1.6347	-0.285	48	1	2	3	1	1.0552	2019	0.3333	0.3517
1589	irianto d.	-0.2943	0.7688	24	4	8	7	1	1.0552	2019	0.1429	0.1507
1597	irsyam m.	-0.2905	-0.6642	19	20	21	4	4	4.2208	2019	1	1.0552
1601	irwanto d.	0.4358	0.4486	14	3	7	5	1	1.0552	2019	0.2	0.211
1605	irzaman i.	-0.5746	0.2326	2	8	10	3	3	3.1656	2019	1	1.0552
1612	iskandar a.a.	-0.0261	-0.4719	9	3	3	4	6	6.3312	2019	1.5	1.5828
1615	iskandar d.t.	-0.2151	1.1086	23	19	33	5	19	20.0488	2019	3.8	4.0098
1616	iskandar f.	-0.0188	0.3424	3	29	54	18	49	51.7049	2019	2.7222	2.8725
1617	iskandar h.r.	0.2161	-0.6116	12	3	6	3	1	1.0552	2019	0.3333	0.3517
1618	iskandar i.	-0.1989	-0.2324	9	4	4	3	18	18.9936	2019	6	6.3312
1633	ismail n.	-0.2013	-0.3877	9	6	13	8	2	2.1104	2019	0.25	0.2638
1636	ismaya w.t.	-0.402	0.4109	3	3	6	2	7	7.3864	2019	3.5	3.6932
1648	istiqomah a.n.	0.6001	0.5436	21	6	7	3	0	0	2019	0	0
1657	ivansyah a.l.	0.3173	-0.4623	39	5	11	5	3	3.1656	2019	0.6	0.6331
1683	jiang b.	-0.7805	0.1156	2	10	15	2	7	7.3864	2019	3.5	3.6932
1688	jiwandono k.	0.3939	-0.8659	28	9	18	2	0	0	2019	0	0
1689	jobiliong e.	0.6755	-0.6105	20	21	29	2	5	5.276	2019	2.5	2.638
1691	joelianto e.	-0.2233	0.0633	5	8	15	13	2	2.1104	2019	0.1538	0.1623
1694	joni i.m.	0.0757	0.7908	41	5	14	4	0	0	2019	0	0
1698	jr.	0.2961	1.0606	31	12	12	1	21	22.1592	2019	21	22.1592
1701	judawisastra h.	-0.453	0.6388	3	6	9	7	4	4.2208	2019	0.5714	0.603
1702	juhana t.	-0.2476	-0.1084	5	10	13	9	1	1.0552	2019	0.1111	0.1172
1704	julian h.	-0.7736	-0.1674	17	6	6	2	9	9.4968	2019	4.5	4.7484
1705	julian m.m.	-0.2952	-0.2709	9	1	1	2	1	1.0552	2019	0.5	0.5276
1706	julianti e.	-0.0221	-0.5031	9	1	1	3	2	2.1104	2019	0.6667	0.7035
1709	juliastuti e.	-0.1718	0.1466	5	6	9	6	1	1.0552	2019	0.1667	0.1759
1710	juliawaty l.d.	1.0372	0.3728	7	4	5	2	2	2.1104	2019	1	1.0552
1714	juliyanto b.	-0.2565	-0.0159	5	5	5	2	0	0	2019	0	0
1724	jusuf a.	-0.2949	-0.4832	18	2	6	6	8	8.4416	2019	1.3333	1.4069
1726	kadir w.g.a.	0.7695	0.1784	34	12	14	3	0	0	2019	0	0
1727	kadja g.t.m.	0.0434	-0.0397	11	7	11	5	22	23.2144	2019	4.4	4.6429
1728	kaewkhao j.	0.4277	0.1296	10	3	5	3	13	13.7176	2019	4.3333	4.5725
1730	kagami h.	-0.6422	0.5132	8	19	27	2	11	11.6072	2019	5.5	5.8036
1731	kagawa k.	0.6467	-0.5555	20	25	61	4	13	13.7176	2019	3.25	3.4294
1734	kaize y.	-0.9035	-0.4427	6	20	20	1	2	2.1104	2019	2	2.1104
1736	kallmeyer j.	0.9829	-0.2987	15	20	32	2	13	13.7176	2019	6.5	6.8588
1745	kaneti y.v.	-0.7907	0.2177	2	24	44	6	57	60.1465	2019	9.5	10.0244
1747	kang y.-m.	-0.7572	0.2504	2	11	14	2	38	40.0977	2019	19	20.0488
1750	kardani i.	0.8432	0.1518	34	12	12	1	0	0	2019	0	0
1751	kariem m.a.	-0.1653	0.5284	3	5	7	3	9	9.4968	2019	3	3.1656
1753	karin b.r.	-0.2262	1.0401	23	19	29	3	7	7.3864	2019	2.3333	2.4621
1761	karnadi i.	0.5419	-0.6151	20	25	52	3	9	9.4968	2019	3	3.1656
1762	kartawiria a.	-0.3069	-0.7785	19	19	19	1	1	1.0552	2019	1	1.0552
1764	kartika i.r.	1.0749	0.3356	7	15	16	2	0	0	2019	0	0
1767	kartini e.	0.4527	0.2209	10	5	10	3	1	1.0552	2019	0.3333	0.3517
1783	kawanda a.	-0.3949	-0.7133	19	19	19	1	1	1.0552	2019	1	1.0552
1786	ke h.	0.7658	-0.8474	32	12	12	1	2	2.1104	2019	2	2.1104
1789	kemnitz h.	0.9809	-0.4055	15	17	17	1	9	9.4968	2019	9	9.4968
1790	kencana e.r.	-0.9575	0.6744	22	11	11	1	10	10.552	2019	10	10.552
1800	khairurrijal	0.2155	0.3626	14	3	7	6	4	4.2208	2019	0.6667	0.7035
1802	khairurrijal k.	0.0073	0.4159	3	19	33	13	33	34.8217	2019	2.5385	2.6786
1812	khayam u.	-0.1657	0.0217	8	8	17	29	7	7.3864	2019	0.2414	0.2547
1813	khodra m.l.	-0.0785	0.0168	5	2	2	12	6	6.3312	2019	0.5	0.5276
1814	khoiruddin k.	-0.723	-0.1726	17	8	19	9	35	36.9321	2019	3.8889	4.1036
1820	khotimah s.n.	0.1054	0.2814	16	6	9	4	2	2.1104	2019	0.5	0.5276
1821	khumaeni a.	0.5788	-0.5916	20	25	52	3	9	9.4968	2019	3	3.1656
1824	kim d.	-0.0235	-0.4904	9	2	2	2	1	1.0552	2019	0.5	0.5276
1827	kim j.	-0.7495	0.1864	2	9	12	2	26	27.4352	2019	13	13.7176
1828	kim m.	-0.6277	-0.082	19	7	7	3	6	6.3312	2019	2	2.1104
1839	kirby j.t.	-0.7927	-0.8977	36	10	10	1	23	24.2696	2019	23	24.2696
1841	kistijantoro a.i.	0.1907	-0.2529	12	4	6	6	4	4.2208	2019	0.6667	0.7035
1842	kitchlu a.	-0.3329	-1.0113	25	17	17	1	4	4.2208	2019	4	4.2208
1845	kobayashi m.	-0.3101	0.162	8	3	3	2	12	12.6624	2019	6	6.3312
1846	kodong f.r.	0.5979	0.2166	35	12	12	1	0	0	2019	0	0
1847	koerniawan m.d.	-0.7703	1.3005	49	1	1	3	2	2.1104	2019	0.6667	0.7035
1848	koesoema a.p.	1.6368	-0.2733	48	1	2	3	0	0	2019	0	0
1854	kollmannsberger c.k.	-0.3738	-1.0458	25	17	17	1	4	4.2208	2019	4	4.2208
1863	korda a.a.	0.3783	0.6071	5	1	1	6	1	1.0552	2019	0.1667	0.1759
1864	kosala r.	0.2466	-0.1646	12	5	17	8	0	0	2019	0	0
1870	kozako m.	-0.2801	0.1448	8	3	4	2	0	0	2019	0	0
1872	krautwald c.	-0.8236	0.786	22	13	13	1	15	15.828	2019	15	15.828
1873	kresnowati m.t.a.p.	-0.7129	-0.3847	17	7	10	4	17	17.9384	2019	4.25	4.4846
1880	kristyawan s.	0.4505	-0.0745	1	10	10	1	1	1.0552	2019	1	1.0552
1883	kumada h.	-0.8599	0.2892	2	12	12	1	2	2.1104	2019	2	2.1104
1893	kurnia d.	0.0046	1.0897	44	3	11	6	1	1.0552	2019	0.1667	0.1759
1894	kurnia dewi f.	1.1621	0.3194	7	12	12	1	0	0	2019	0	0
1899	kurniadi r.	0.4723	0.3459	14	2	2	2	0	0	2019	0	0
1905	kurniati t.h.	1.1538	0.0405	7	11	11	1	0	0	2019	0	0
1906	kurniawan a.	-0.2746	-0.2487	9	9	19	11	6	6.3312	2019	0.5455	0.5756
1910	kurniawan d.h.	0.7689	-0.8883	32	12	12	1	2	2.1104	2019	2	2.1104
1911	kurniawan d.p.	0.6157	-0.4752	20	21	41	3	12	12.6624	2019	4	4.2208
1914	kurniawan f.	0.2362	-0.4461	39	5	6	3	2	2.1104	2019	0.6667	0.7035
1917	kurniawan k.h.	0.6812	-0.5279	20	25	61	4	13	13.7176	2019	3.25	3.4294
1921	kurniawan r.	0.0015	-0.0186	11	2	2	2	3	3.1656	2019	1.5	1.5828
1923	kurniawan y.	0.0149	0.0908	16	6	10	6	14	14.7728	2019	2.3333	2.4621
1930	kusmadi k.	-0.0869	-0.2015	9	4	6	3	0	0	2019	0	0
1935	kusnandar r.	0.5573	-0.0773	10	3	6	2	16	16.8832	2019	8	8.4416
1954	kusumandari d.e.	-0.3257	-1.3592	54	1	2	2	0	0	2019	0	0
1960	kusumoputro b.	-0.6325	-0.6984	27	10	10	1	2	2.1104	2019	2	2.1104
1963	kuswardani a.	-0.5629	-0.3185	6	13	14	2	19	20.0488	2019	9.5	10.0244
1964	kwaria d.	0.6088	-0.6693	20	20	20	1	1	1.0552	2019	1	1.0552
1965	kyaw t.o.	-0.9062	0.6534	22	11	11	1	10	10.552	2019	10	10.552
1970	lahna k.	0.6498	-0.6785	20	20	20	1	1	1.0552	2019	1	1.0552
1981	lara l.	0.8006	0.547	21	7	7	1	2	2.1104	2019	2	2.1104
1986	latief f.d.e.	0.4147	0.3145	14	12	21	16	6	6.3312	2019	0.375	0.3957
1987	latief h.	0.2081	0.0239	1	17	17	2	7	7.3864	2019	3.5	3.6932
1989	latifah n.	-0.2969	0.5549	24	10	10	1	3	3.1656	2019	3	3.1656
1991	latifah s.	0.5905	0.7941	29	5	15	3	1	1.0552	2019	0.3333	0.3517
1993	latip j.	0.9685	0.4553	7	5	5	1	1	1.0552	2019	1	1.0552
1995	laurin a.	0.4448	-0.044	1	10	10	1	1	1.0552	2019	1	1.0552
1997	lazim a.m.	0.9778	0.4745	7	5	5	1	1	1.0552	2019	1	1.0552
2003	ledyawati m.	-0.5757	-0.6949	27	10	10	1	2	2.1104	2019	2	2.1104
2007	lee j.-g.	0.266	0.9821	31	12	12	1	21	22.1592	2019	21	22.1592
2010	lee s.h.	0.5121	0.7789	29	5	5	1	1	1.0552	2019	1	1.0552
2012	leesatapornwongsa t.	0.755	-0.9333	32	12	12	1	2	2.1104	2019	2	2.1104
2015	leilan f.	0.4249	-0.842	28	9	18	2	0	0	2019	0	0
2016	leksono e.	-0.2205	0.216	5	8	17	11	0	0	2019	0	0
2017	lellouch e.	0.8157	0.5302	21	7	7	1	2	2.1104	2019	2	2.1104
2022	lestari d.p.	-0.0806	0.08	5	1	2	10	5	5.276	2019	0.5	0.5276
2034	li c.	-0.7465	0.1362	2	10	15	2	7	7.3864	2019	3.5	3.6932
2035	li j.	-0.4634	-0.0562	13	15	15	1	2	2.1104	2019	2	2.1104
2036	li n.	-0.6735	0.4472	8	15	15	1	7	7.3864	2019	7	7.3864
2037	li s.	-0.6241	-0.3364	6	11	15	2	9	9.4968	2019	4.5	4.7484
2038	li x.	-0.5306	0.3003	8	26	26	3	21	22.1592	2019	7	7.3864
2042	lie t.j.	0.6372	-0.5923	20	24	38	2	9	9.4968	2019	4.5	4.7484
2043	lie z.s.	0.6219	-0.5264	20	25	61	4	13	13.7176	2019	3.25	3.4294
2049	lim s.	-0.8696	-0.007	26	7	7	1	9	9.4968	2019	9	9.4968
2051	lin g.	-0.0954	0.2271	13	14	14	1	11	11.6072	2019	11	11.6072
2052	lin h.-j.	-0.4641	-0.0054	13	15	15	1	2	2.1104	2019	2	2.1104
2053	lin j.	-0.7	0.0823	2	10	10	2	7	7.3864	2019	3.5	3.6932
2055	lin p.-n.	-0.9599	-0.4119	6	20	20	1	2	2.1104	2019	2	2.1104
2056	lin w.-j.	-0.1468	0.2793	13	14	14	1	11	11.6072	2019	11	11.6072
2062	liu g.	-0.3645	-1.095	25	17	17	1	4	4.2208	2019	4	4.2208
2065	liu z.	-0.4052	0.2056	8	10	12	3	27	28.4904	2019	9	9.4968
2069	lorenz t.	-0.4325	-0.1863	13	4	4	1	5	5.276	2019	5	5.276
2071	lovell e.	-1.0107	-0.0479	26	11	11	1	11	11.6072	2019	11	11.6072
2072	lovell e.c.	-0.9225	0.0143	26	13	15	2	12	12.6624	2019	6	6.3312
2074	lu d.	-0.4471	-0.0315	13	15	15	1	2	2.1104	2019	2	2.1104
2075	lu g.	-0.152	0.5529	3	2	4	2	9	9.4968	2019	4.5	4.7484
2076	lu s.	0.7349	-0.8498	32	12	12	1	2	2.1104	2019	2	2.1104
2077	lu x.	-0.6127	-0.0305	13	22	22	2	11	11.6072	2019	5.5	5.8036
2086	lukman j.f.	0.7515	-0.8708	32	12	12	1	2	2.1104	2019	2	2.1104
2087	lukman s.	-0.2481	0.0157	5	7	13	4	0	0	2019	0	0
2089	lumba l.s.	-0.167	-0.0083	8	1	5	5	0	0	2019	0	0
2092	luthfansyah m.	-0.5804	0.4519	8	15	15	1	7	7.3864	2019	7	7.3864
2097	ma j.	-0.4343	-0.0864	13	15	15	1	2	2.1104	2019	2	2.1104
2098	ma y.	-0.369	0.2417	8	9	11	2	25	26.38	2019	12.5	13.19
2099	machbub c.	0.0358	-0.4318	12	11	23	11	7	7.3864	2019	0.6364	0.6715
2125	mahyuddin a.i.	-0.2402	0.3842	3	1	2	3	0	0	2019	0	0
2128	maitland-van der zee a.h.	-0.3103	-1.0344	25	17	17	1	4	4.2208	2019	4	4.2208
2134	malasan h.l.	0.6243	0.5659	21	5	7	8	2	2.1104	2019	0.25	0.2638
2135	malgras v.	-0.9035	0.3017	2	12	12	1	2	2.1104	2019	2	2.1104
2139	mamat m.	0.0815	-1.1493	42	3	6	2	7	7.3864	2019	3.5	3.6932
2140	"mamenun, sumiati, indratno s.w."	-0.7761	-0.0077	2	7	7	1	0	0	2019	0	0
2150	mangkuto r.a.	-0.7755	1.3097	49	1	1	5	6	6.3312	2019	1.2	1.2662
2156	maqdir e.s.	-0.2826	0.5815	24	10	10	1	3	3.1656	2019	3	3.1656
2157	marbun b.t.h.	0.8126	0.2231	34	12	14	4	3	3.1656	2019	0.75	0.7914
2159	marcella a.	1.1391	0.3366	7	12	12	1	0	0	2019	0	0
2168	mardliyati e.	-0.6178	0.4958	8	19	27	2	11	11.6072	2019	5.5	5.8036
2171	margaretta d.o.	0.0522	0.6327	30	6	17	4	8	8.4416	2019	2	2.1104
2173	marhaendrajana t.	0.304	0.1145	11	4	8	4	2	2.1104	2019	0.5	0.5276
2176	mariyanto m.	0.7159	0.0059	14	7	16	3	9	9.4968	2019	3	3.1656
2178	mark b.g.	-0.9078	-0.376	6	20	20	1	2	2.1104	2019	2	2.1104
2183	marpaung a.m.	0.5746	-0.6401	20	24	38	2	9	9.4968	2019	4.5	4.7484
2184	marpaung l.	0.2855	-0.2769	11	2	6	3	3	3.1656	2019	1	1.0552
2185	marpaung m.a.	0.5251	-0.5289	20	14	14	1	0	0	2019	0	0
2189	marteda g.	0.4175	-0.9111	28	9	18	2	0	0	2019	0	0
2196	martoprawiro m.a.	0.2891	-0.4534	39	3	5	5	4	4.2208	2019	0.8	0.8442
2199	marwoto p.	-0.0793	0.7692	30	3	5	2	0	0	2019	0	0
2206	marzuki m.f.h.	-0.8818	0.7905	22	13	13	1	15	15.828	2019	15	15.828
2209	masereeuw r.	-0.4092	-1.0528	25	17	17	1	4	4.2208	2019	4	4.2208
2223	matzke n.j.	-0.2714	1.0546	23	19	19	1	4	4.2208	2019	4	4.2208
2225	maulana a.l.	-0.4904	0.1911	18	4	9	3	11	11.6072	2019	3.6667	3.8691
2228	maulana d.w.	0.0344	0.8136	41	5	13	3	0	0	2019	0	0
2229	maulana m.i.	0.4799	0.7736	29	5	5	1	1	1.0552	2019	1	1.0552
2231	maulana s.	0.4987	0.7631	29	5	5	2	2	2.1104	2019	1	1.0552
2235	maulidevi n.u.	-0.6077	-0.1596	19	2	2	5	0	0	2019	0	0
2240	mayangsari t.r.	-0.0568	0.3955	3	5	16	6	7	7.3864	2019	1.1667	1.2311
2248	mcgoldrick n.	-0.41	-1.0864	25	17	17	1	4	4.2208	2019	4	4.2208
2249	mcguire j.a.	-0.2106	1.0073	23	19	33	4	16	16.8832	2019	4	4.2208
2252	medeiros m.	-0.3244	-1.1167	25	17	17	1	4	4.2208	2019	4	4.2208
2259	meilano i.	0.2846	-0.3692	4	14	17	7	3	3.1656	2019	0.4286	0.4522
2265	melles m.	0.8141	-0.2567	15	11	21	3	18	18.9936	2019	6	6.3312
2270	mengko t.l.r.	0.1223	-0.0897	37	6	9	6	0	0	2019	0	0
2275	meylani l.	-0.2741	-0.3314	9	3	9	4	3	3.1656	2019	0.75	0.7914
2279	mikami t.	-0.8667	0.7455	22	13	13	1	15	15.828	2019	15	15.828
2280	mikhail r.	-0.3018	-0.7297	19	19	19	1	1	1.0552	2019	1	1.0552
2281	mikhalenko v.n.	-0.9317	-0.3524	6	20	20	1	2	2.1104	2019	2	2.1104
2284	milliken r.e.	0.8177	-0.2059	15	8	8	1	3	3.1656	2019	3	3.1656
2292	mishra h.	0.2682	1.0596	31	12	12	1	21	22.1592	2019	21	22.1592
2298	mitayani a.	-0.3135	-0.1099	33	2	2	2	0	0	2019	0	0
2305	mohamed m.a.	0.0732	-1.1292	42	3	6	2	7	7.3864	2019	3.5	3.6932
2310	monang j.	-0.3194	0.8292	24	1	3	3	2	2.1104	2019	0.6667	0.7035
2311	monzon j.g.	-0.3658	-1.013	25	17	17	1	4	4.2208	2019	4	4.2208
2313	moreno r.	0.8251	0.5541	21	7	7	1	2	2.1104	2019	2	2.1104
2316	moritz c.	-0.3331	1.073	23	19	19	1	4	4.2208	2019	4	4.2208
2317	morlock m.a.	0.8032	-0.2823	15	11	21	3	18	18.9936	2019	6	6.3312
2319	mosley-thompson e.	-0.9564	-0.4766	6	20	20	1	2	2.1104	2019	2	2.1104
2320	moullet a.	0.8114	0.5738	21	7	7	1	2	2.1104	2019	2	2.1104
2321	mountain k.r.	-0.9254	-0.465	6	20	20	1	2	2.1104	2019	2	2.1104
2328	muchlis l.s.	0.646	0.2836	35	12	12	1	0	0	2019	0	0
2346	muhammad f.	0.3624	0.5982	5	3	5	3	1	1.0552	2019	0.3333	0.3517
2349	muhammady s.	0.0322	0.1351	16	6	13	5	15	15.828	2019	3	3.1656
2350	muhari a.	0.2379	-0.0922	1	14	14	1	6	6.3312	2019	6	6.3312
2355	muin m.	-0.7743	-0.8724	36	10	10	1	23	24.2696	2019	23	24.2696
2358	mujihardi b.	0.5468	-0.2103	1	9	9	1	0	0	2019	0	0
2360	mukhaiyar u.	-0.2865	0.7206	24	3	4	5	3	3.1656	2019	0.6	0.6331
2365	mukti r.r.	-0.0065	-0.0932	11	13	24	8	25	26.38	2019	3.125	3.2975
2367	mulia k.	-0.6429	0.423	8	15	15	1	7	7.3864	2019	7	7.3864
2368	muliawan w.	-0.6404	0.593	8	12	12	1	4	4.2208	2019	4	4.2208
2369	muliyati d.	-0.0511	0.5231	24	1	3	3	0	0	2019	0	0
2373	mulyadi d.	-0.0357	-0.9067	4	11	11	1	2	2.1104	2019	2	2.1104
2374	mulyana e.	-0.132	-0.2469	9	5	11	9	0	0	2019	0	0
2387	munim a.	-0.5647	-0.7174	27	10	10	1	2	2.1104	2019	2	2.1104
2388	munir a.	-0.0302	-0.3118	9	25	74	48	16	16.8832	2019	0.3333	0.3517
2390	munir m.m.	0.0123	0.3782	3	10	21	8	32	33.7665	2019	4	4.2208
2391	munir r.	-0.1181	0.6466	30	9	21	7	1	1.0552	2019	0.1429	0.1507
2396	muraza o.	-0.5548	-0.4484	17	6	6	2	2	2.1104	2019	1	1.0552
2397	murti m.a.	0.2678	0.4997	10	3	7	6	0	0	2019	0	0
2404	muslim k.	0.1249	0.4588	5	7	13	3	0	0	2019	0	0
2416	mutijarsa k.	-0.2507	0.1816	5	1	1	7	18	18.9936	2019	2.5714	2.7134
2418	muttaqin m.f.	0.1001	-0.8489	4	5	5	1	0	0	2019	0	0
2422	métaxian j.-p.	0.4739	-0.0291	1	10	10	1	1	1.0552	2019	1	1.0552
2430	nabila n.	-0.4091	0.3889	3	3	6	2	7	7.3864	2019	3.5	3.6932
2432	nadhira v.	-0.1906	0.1462	5	1	2	3	1	1.0552	2019	0.3333	0.3517
2435	nagamura-inoue t.	-0.6124	0.5297	8	19	27	2	11	11.6072	2019	5.5	5.8036
2444	nakamura r.	-0.8505	0.7994	22	13	13	1	15	15.828	2019	15	15.828
2453	nashiruddin m.i.	-0.4296	-0.5067	27	1	3	4	0	0	2019	0	0
2454	nashirul haq i.	-0.2626	0.2319	5	3	5	3	0	0	2019	0	0
2455	nasikin m.	-0.6075	0.4256	8	15	15	1	7	7.3864	2019	7	7.3864
2458	nasrun m.	0.2446	0.5179	10	2	5	4	0	0	2019	0	0
2470	nawawi z.	-0.0623	-0.6306	4	1	1	2	6	6.3312	2019	3	3.1656
2471	nazaruddin y.y.	-0.208	0.1113	5	10	30	24	4	4.2208	2019	0.1667	0.1759
2472	nazir r.	-0.321	-0.7527	19	19	19	1	1	1.0552	2019	1	1.0552
2475	ndari n.r.d.w.	0.5271	0.2264	14	6	8	2	1	1.0552	2019	0.5	0.5276
2479	neonufa g.f.	-0.6236	-0.4968	17	6	12	3	3	3.1656	2019	1	1.0552
2483	ng y.h.	-0.8837	0.0289	26	9	11	2	12	12.6624	2019	6	6.3312
2484	ngkoimani l.o.	0.8618	-0.0634	38	11	11	1	0	0	2019	0	0
2486	nicolas j.p.	-1.0113	-0.4449	6	20	20	1	2	2.1104	2019	2	2.1104
2490	ningsih n.s.	0.029	0.9206	52	1	3	8	3	3.1656	2019	0.375	0.3957
2494	nishida y.	-0.8451	0.7261	22	13	13	1	15	15.828	2019	15	15.828
2501	nomosatryo s.	0.9168	-0.3374	15	20	32	2	13	13.7176	2019	6.5	6.8588
2503	noor f.a.	0.1731	0.365	14	7	13	6	4	4.2208	2019	0.6667	0.7035
2511	notodarmojo s.	-0.0095	-0.0611	11	4	4	5	12	12.6624	2019	2.4	2.5325
2513	novamizanti l.	0.2046	-1.2105	58	0	0	8	4	4.2208	2019	0.5	0.5276
2527	nugraha a.b.	-0.0476	-0.116	11	7	13	2	3	3.1656	2019	1.5	1.5828
2528	nugraha a.d.	0.4692	-0.1351	1	40	66	18	26	27.4352	2019	1.4444	1.5242
2540	nugraha y.p.	0.1448	-0.3454	12	4	4	2	3	3.1656	2019	1.5	1.5828
2547	nugrahani i.	0.1656	-0.3682	12	3	4	6	19	20.0488	2019	3.1667	3.3415
2553	nugroho a.a.	-0.3896	-0.125	13	20	20	3	7	7.3864	2019	2.3333	2.4621
2554	nugroho b.s.	-0.0916	-0.4514	9	6	8	4	6	6.3312	2019	1.5	1.5828
2558	nugroho h.a.	0.338	0.2732	10	3	7	5	8	8.4416	2019	1.6	1.6883
2564	nur a.	0.1471	-0.7429	4	8	8	2	0	0	2019	0	0
2567	nur l.o.	-0.1543	-0.432	9	6	9	5	1	1.0552	2019	0.2	0.211
2576	nuraini n.	-0.7356	-0.0297	2	8	9	2	1	1.0552	2019	0.5	0.5276
2582	nurdiawati a.	-0.1417	-0.5266	18	5	7	3	14	14.7728	2019	4.6667	4.9243
2583	nurdin i.	-0.7399	-0.5913	17	3	5	2	1	1.0552	2019	0.5	0.5276
2590	nurfani e.	-0.0135	0.164	16	6	15	4	2	2.1104	2019	0.5	0.5276
2592	nurhadi i.	0.7478	0.6966	21	3	5	2	0	0	2019	0	0
2593	nurhandoko b.e.b.	0.4887	0.3151	14	4	4	2	0	0	2019	0	0
2599	nurisman n.	-0.9303	0.672	22	11	11	1	10	10.552	2019	10	10.552
2604	nurjayadi m.	1.0645	0.2856	7	19	20	3	0	0	2019	0	0
2609	nurprasetio i.p.	-0.0046	-0.6321	4	3	6	7	3	3.1656	2019	0.4286	0.4522
2618	nuruddin a.	-0.3788	0.4845	3	5	5	3	5	5.276	2019	1.6667	1.7587
2626	nusantara c.a.d.s.	0.3016	0.7414	10	3	5	3	0	0	2019	0	0
2627	nusantara h.	-0.0582	-0.2897	9	4	7	3	3	3.1656	2019	1	1.0552
2632	ogi t.	-0.123	0.2232	13	14	14	1	11	11.6072	2019	11	11.6072
2638	ohira k.	-0.8161	0.7274	22	13	13	1	15	15.828	2019	15	15.828
2640	oktafiani f.	0.1774	-0.4334	39	3	6	4	1	1.0552	2019	0.25	0.2638
2647	oktivasari p.	0.1795	0.2855	16	3	3	2	2	2.1104	2019	1	1.0552
2650	okuyama k.	-0.116	0.2746	13	14	14	1	11	11.6072	2019	11	11.6072
2654	opitz s.	0.783	-0.3186	15	7	7	1	9	9.4968	2019	9	9.4968
2655	ordoñez l.	0.9083	-0.3012	15	23	38	3	19	20.0488	2019	6.3333	6.6829
2660	othaman r.	1.0082	0.4589	7	5	5	1	1	1.0552	2019	1	1.0552
2663	otten l.s.	-0.3961	-1.0254	25	17	17	1	4	4.2208	2019	4	4.2208
2665	ouellette j.	-0.0843	-0.874	4	11	11	1	2	2.1104	2019	2	2.1104
2669	pahlevi a.m.	0.1861	-0.7981	4	7	7	1	0	0	2019	0	0
2673	palar p.s.	-0.6211	0.9573	46	2	8	5	10	10.552	2019	2	2.1104
2674	palgunadi k.	0.2687	-0.0263	1	14	14	1	6	6.3312	2019	6	6.3312
2675	palgunadi k.h.	0.5108	-0.1955	1	12	14	2	0	0	2019	0	0
2676	palilu j.m.	0.8411	0.2125	34	12	14	3	1	1.0552	2019	0.3333	0.3517
2679	palupi e.k.	-0.6171	0.2651	2	6	15	3	5	5.276	2019	1.6667	1.7587
2684	pamukti b.	-0.4651	-0.5723	27	3	6	10	5	5.276	2019	0.5	0.5276
2685	pamumpuni a.	-0.3503	-0.7476	19	19	19	1	1	1.0552	2019	1	1.0552
2689	panalaran s.	-0.9197	0.614	22	11	11	1	10	10.552	2019	10	10.552
2690	panatarani c.	0.0478	0.7872	41	5	13	3	0	0	2019	0	0
2697	pangastuti d.	0.1903	-0.7691	4	7	7	1	0	0	2019	0	0
2701	pantouw g.t.	0.4264	0.3416	14	1	3	3	2	2.1104	2019	0.6667	0.7035
2707	pardede m.	0.6517	-0.5037	20	25	61	4	13	13.7176	2019	3.25	3.4294
2721	pasaribu u.s.	-0.2807	0.6604	24	13	18	9	3	3.1656	2019	0.3333	0.3517
2731	pennycook s.j.	-0.4228	0.2635	8	8	8	1	11	11.6072	2019	11	11.6072
2732	perdana d.	0.182	1.2485	59	0	0	4	1	1.0552	2019	0.25	0.2638
2736	permadi k.w.	0.042	0.6693	30	5	10	2	5	5.276	2019	2.5	2.638
2739	permana d.s.	-1.0229	-0.4142	6	20	20	1	2	2.1104	2019	2	2.1104
2746	permatasari f.a.	-0.0583	0.2695	13	18	21	3	15	15.828	2019	5	5.276
2752	pillai s.	0.3295	1.0189	31	12	12	1	21	22.1592	2019	21	22.1592
2760	poetro r.e.	1.0657	-0.5459	50	1	3	4	0	0	2019	0	0
2762	power w.	0.2653	-0.0873	1	14	14	1	6	6.3312	2019	6	6.3312
2767	prabowo b.s.	0.5131	-0.229	1	13	15	2	1	1.0552	2019	0.5	0.5276
2769	prabowo h.	0.8489	0.1802	34	12	12	1	0	0	2019	0	0
2781	pradipta d.	0.1263	-0.6683	4	9	22	8	0	0	2019	0	0
2786	prahastono i.	0.3458	-0.7778	28	4	8	3	0	0	2019	0	0
2791	prakosa t.	0.7691	0.6861	21	3	5	2	0	0	2019	0	0
2794	prakoso t.	-0.6692	-0.519	17	13	25	9	16	16.8832	2019	1.7778	1.8759
2803	pramono s.	-0.3703	-0.7724	19	19	19	1	1	1.0552	2019	1	1.0552
2807	pramuditya s.	0.447	0.4291	14	3	4	4	2	2.1104	2019	0.5	0.5276
2810	pramutadi a.	0.4201	0.4348	14	3	6	4	1	1.0552	2019	0.25	0.2638
2821	prasetiyo i.	0.4077	-1.1127	40	3	3	4	6	6.3312	2019	1.5	1.5828
2824	prasetya n.	-0.8201	-0.2395	17	5	9	3	49	51.7049	2019	16.3333	17.235
2825	prasetyo a.	-0.1428	-0.1412	11	2	4	3	2	2.1104	2019	0.6667	0.7035
2826	prasetyo a.d.	-0.1157	-0.4145	9	5	9	5	0	0	2019	0	0
2827	prasetyo d.e.	0.7834	0.2106	34	12	12	1	0	0	2019	0	0
2832	prasetyo l.b.	0.2198	0.6124	10	2	4	2	1	1.0552	2019	0.5	0.5276
2834	prasojo r.a.	-0.5926	-0.1756	19	4	4	3	0	0	2019	0	0
2840	pratama a.	0.6187	0.0451	14	14	26	7	10	10.552	2019	1.4286	1.5074
2846	pratama h.b.	0.6761	1.0371	51	1	4	7	21	22.1592	2019	3	3.1656
2850	pratama n.h.	-0.6113	0.4594	8	15	15	1	7	7.3864	2019	7	7.3864
2852	pratama s.h.	0.1554	0.2713	16	5	7	2	2	2.1104	2019	1	1.0552
2853	pratami d.k.	-0.608	-0.7422	27	10	10	1	2	2.1104	2019	2	2.1104
2855	pratiwi m.	-0.5972	-0.4818	17	5	9	2	1	1.0552	2019	0.5	0.5276
2856	pratiwi r.	0.3658	0.0952	11	2	4	4	0	0	2019	0	0
2860	prawisudha p.	-0.1699	-0.5516	18	3	4	2	6	6.3312	2019	3	3.1656
2862	premadi p.	-0.3096	0.6027	24	10	10	1	3	3.1656	2019	3	3.1656
2863	premadi p.w.	0.7069	0.5877	21	3	3	2	0	0	2019	0	0
2864	priambada s.	0.7084	-0.897	32	12	12	1	2	2.1104	2019	2	2.1104
2876	prihatmanto a.s.	-0.321	-0.3339	6	3	4	3	5	5.276	2019	1.6667	1.7587
2878	prijatna k.	0.2077	-0.7512	4	8	8	2	1	1.0552	2019	0.5	0.5276
2889	priyono a.	0.4609	-0.2787	1	7	9	5	1	1.0552	2019	0.2	0.211
2891	pronk m.	-0.0639	-0.8978	4	11	11	1	2	2.1104	2019	2	2.1104
2892	pudjaprasetya s.r.	0.3127	1.2267	60	0	0	6	3	3.1656	2019	0.5	0.5276
2894	pujiana k.	-0.535	-0.3666	6	4	6	3	25	26.38	2019	8.3333	8.7933
2901	purbayanto m.a.k.	-0.0134	0.1953	16	6	14	3	2	2.1104	2019	0.6667	0.7035
2917	purwadi a.	0.1659	-0.5875	12	12	22	15	6	6.3312	2019	0.4	0.4221
2918	purwadi r.	-0.6234	-0.459	17	6	12	5	4	4.2208	2019	0.8	0.8442
2920	purwanda i.g.	-0.3303	-0.2118	33	3	11	4	7	7.3864	2019	1.75	1.8466
2923	purwanto a.	-0.0613	0.4284	3	3	4	3	16	16.8832	2019	5.3333	5.6277
2927	purwarianti a.	-0.122	0.0923	5	3	5	15	11	11.6072	2019	0.7333	0.7738
2928	purwasasmita b.s.	-0.2895	0.4289	3	8	11	6	5	5.276	2019	0.8333	0.8793
2930	purwasena i.a.	-0.5588	0.1714	17	3	9	6	9	9.4968	2019	1.5	1.5828
2937	puspasari f.	1.1212	0.2814	7	12	12	1	0	0	2019	0	0
2940	puspitaningrum r.	1.0967	0.0411	7	11	11	1	0	0	2019	0	0
2941	puspitarini l.	0.6687	0.5732	21	6	7	5	0	0	2019	0	0
2945	puspito n.t.	0.5348	-0.2716	1	15	26	8	1	1.0552	2019	0.125	0.1319
2962	putra i.a.	-0.724	-0.47	17	4	8	4	4	4.2208	2019	1	1.0552
2963	putra m.	0.7138	0.6205	21	5	5	3	0	0	2019	0	0
2968	putra p.s.	-0.7463	-0.0077	2	8	9	3	12	12.6624	2019	4	4.2208
2974	putra r.i.d.	-0.5063	0.1711	18	4	9	3	11	11.6072	2019	3.6667	3.8691
2994	putri r.a.r.q.y.	-0.08	-0.3157	9	4	7	3	4	4.2208	2019	1.3333	1.4069
3002	qamar a.	0.2998	1.006	31	12	12	1	21	22.1592	2019	21	22.1592
3009	rachman m.f.	0.982	0.4017	7	1	1	2	3	3.1656	2019	1.5	1.5828
3019	rachmawati h.	-0.3621	0.3618	3	12	17	8	29	30.6008	2019	3.625	3.8251
3024	rachmayani r.	0.0389	0.9318	52	1	3	4	0	0	2019	0	0
3026	radiman c.l.	0.1497	0.0152	11	3	3	2	1	1.0552	2019	0.5	0.5276
3029	radjawane i.m.	0.2116	-0.7153	4	3	3	6	1	1.0552	2019	0.1667	0.1759
3042	raharto m.	0.7042	0.6355	21	1	1	2	0	0	2019	0	0
3044	rahayu d.s.	0.0613	-1.1573	42	3	6	2	7	7.3864	2019	3.5	3.6932
3047	rahayu s.	1.1403	0.064	7	11	11	1	0	0	2019	0	0
3048	rahimah s.	-0.2846	0.6096	24	10	10	1	3	3.1656	2019	3	3.1656
3052	rahmadani p.	-1.1804	0.2863	43	3	6	2	0	0	2019	0	0
3057	rahman d.y.	0.016	0.6293	30	8	27	7	16	16.8832	2019	2.2857	2.4119
3060	rahman h.	1.2989	0.5175	53	1	3	4	4	4.2208	2019	1	1.0552
3063	rahmani r.	0.3041	-0.5649	12	2	3	2	0	0	2019	0	0
3067	rahmawati d.	-0.0022	0.2822	3	9	11	4	1	1.0552	2019	0.25	0.2638
3072	rahmayanti h.d.	-0.0611	0.6002	30	10	29	6	2	2.1104	2019	0.3333	0.3517
3076	rajab t.e.	0.1221	-0.2099	37	4	7	3	0	0	2019	0	0
3078	rajagukguk j.	0.4177	0.1499	10	2	3	2	8	8.4416	2019	4	4.2208
3084	ramadhan d.g.	0.5911	0.6016	21	5	7	3	0	0	2019	0	0
3090	ramadhan i.a.	0.6255	0.8083	29	5	15	3	1	1.0552	2019	0.3333	0.3517
3099	ramdan r.d.	-0.1598	0.4953	3	3	3	2	0	0	2019	0	0
3101	ramdhan m.	0.4181	-0.0473	1	10	10	1	1	1.0552	2019	1	1.0552
3102	ramdhani m.	0.2808	0.4622	10	3	3	4	0	0	2019	0	0
3103	ramelan a.	-0.4383	0.5625	3	4	5	4	1	1.0552	2019	0.25	0.2638
3107	ramli m.	0.5349	-0.5765	20	25	52	3	9	9.4968	2019	3	3.1656
3114	ranti b.	0.272	-0.141	12	6	19	9	0	0	2019	0	0
3130	rawal a.	-0.9962	0.063	26	8	8	1	3	3.1656	2019	3	3.1656
3131	rawlinson n.	0.4228	-0.0746	1	10	11	2	5	5.276	2019	2.5	2.638
3140	regina d.	-0.7359	-0.3571	17	4	7	2	17	17.9384	2019	8.5	8.9692
3142	reilly s.b.	-0.1835	1.0749	23	19	33	4	16	16.8832	2019	4	4.2208
3147	remelia m.	-0.4942	0.6899	3	8	8	2	5	5.276	2019	2.5	2.638
3158	revina t.	0.4496	-0.8952	28	9	18	2	0	0	2019	0	0
3160	reza m.	0.014	-0.191	11	10	19	6	8	8.4416	2019	1.3333	1.4069
3167	riani c.	-0.3845	0.3481	3	1	1	2	3	3.1656	2019	1.5	1.5828
3176	ridwan a.	-0.4377	0.6653	3	2	2	2	0	0	2019	0	0
3177	ridwan a.m.	-0.1855	-0.306	9	6	10	5	1	1.0552	2019	0.2	0.211
3178	ridwan m.	-0.3354	-0.5737	19	22	24	5	4	4.2208	2019	0.8	0.8442
3179	ridwan m.g.	0.2934	0.9786	31	12	12	1	21	22.1592	2019	21	22.1592
3189	rifqie d.m.	-0.3805	0.0614	33	3	9	3	3	3.1656	2019	1	1.0552
3193	rijanto e.	0.1303	-0.4999	12	6	14	5	6	6.3312	2019	1.2	1.2662
3197	risandi a.	1.102	0.1738	7	5	7	2	2	2.1104	2019	1	1.0552
3202	ristiana r.	0.0927	-0.491	12	5	12	3	5	5.276	2019	1.6667	1.7587
3206	rittmeyer e.n.	-0.2802	1.0846	23	19	19	1	4	4.2208	2019	4	4.2208
3214	rizal a.	0.3098	0.3203	10	5	13	10	17	17.9384	2019	1.7	1.7938
3215	rizal s.	-0.2466	-0.4543	9	2	2	3	0	0	2019	0	0
3223	rizkiana j.	-0.1208	-0.5954	18	2	6	3	3	3.1656	2019	1	1.0552
3225	rizqiawan a.	0.2233	-0.536	12	3	6	7	1	1.0552	2019	0.1429	0.1507
3229	robertson i.	-0.8342	0.7546	22	13	13	1	15	15.828	2019	15	15.828
3231	rocha s.	-0.2566	1.029	23	19	19	1	4	4.2208	2019	4	4.2208
3234	rochman n.t.	-0.5841	0.4957	8	19	27	2	11	11.6072	2019	5.5	5.8036
3241	rofika r.n.s.	0.4192	0.2417	10	5	8	2	1	1.0552	2019	0.5	0.5276
3242	rohaman m.	0.5552	-0.2377	1	9	9	1	0	0	2019	0	0
3243	rohmah s.f.	0.5933	0.8264	29	5	15	3	1	1.0552	2019	0.3333	0.3517
3246	rohman a.s.	0.0474	-0.3538	12	11	23	12	7	7.3864	2019	0.5833	0.6155
3247	rokhmat m.	-0.0708	0.7364	30	7	8	2	1	1.0552	2019	0.5	0.5276
3255	rosadi i.	-0.4721	0.7378	3	6	10	2	4	4.2208	2019	2	2.1104
3256	rosalia s.	0.4527	-0.2421	1	9	18	5	3	3.1656	2019	0.6	0.6331
3258	rosandy a.r.	0.9983	0.4783	7	5	5	1	1	1.0552	2019	1	1.0552
3260	rosch a.	-0.4039	-0.1823	13	4	4	1	5	5.276	2019	5	5.276
3264	rosliana i.	-0.489	0.7588	3	6	10	2	4	4.2208	2019	2	2.1104
3265	rosmansyah y.	0.0892	0.01	16	3	8	12	3	3.1656	2019	0.25	0.2638
3267	ross c.j.d.	-0.3563	-1.1234	25	17	17	1	4	4.2208	2019	4	4.2208
3273	ruan d.	-0.1709	0.5567	3	2	4	2	9	9.4968	2019	4.5	4.7484
3282	rumanti a.a.	0.3461	0.5771	5	3	6	3	3	3.1656	2019	1	1.0552
3284	rusdi j.f.	0.5847	0.2383	35	12	12	1	0	0	2019	0	0
3293	"rusli, marzuki a.g."	-0.8067	0.7595	22	13	13	1	15	15.828	2019	15	15.828
3296	rusmin p.h.	0.0875	-0.4154	12	4	10	8	1	1.0552	2019	0.125	0.1319
3298	russell j.m.	0.8626	-0.284	15	29	57	7	32	33.7665	2019	4.5714	4.8238
3304	rusydi a.	-0.0624	0.1529	16	10	15	4	10	10.552	2019	2.5	2.638
3305	rusydi f.	-0.4227	0.1332	18	7	11	3	3	3.1656	2019	1	1.0552
3309	ry r.v.	0.5833	-0.2257	1	9	10	3	0	0	2019	0	0
3312	sabaruddin a.	-0.3331	-0.7241	19	19	19	1	1	1.0552	2019	1	1.0552
3316	sabsabi m.	-1.0447	-0.0494	26	11	11	1	11	11.6072	2019	11	11.6072
3317	sadarviana v.	0.1157	-0.8658	4	5	5	1	0	0	2019	0	0
3322	saepuloh a.	0.3909	-0.0179	1	13	14	5	6	6.3312	2019	1.2	1.2662
3326	safiuddin l.o.	0.8767	-0.0131	38	11	11	1	0	0	2019	0	0
3329	sahadewa a.	-0.3546	-0.6648	19	19	19	2	5	5.276	2019	2.5	2.638
3330	sahara d.p.	0.5499	-0.1785	1	12	20	10	3	3.1656	2019	0.3	0.3166
3333	sahlan m.	-0.6264	-0.7239	27	10	10	1	2	2.1104	2019	2	2.1104
3334	said i.m.	0.9887	0.4502	7	5	5	1	1	1.0552	2019	1	1.0552
3342	sakae t.	-0.8927	0.2407	2	12	12	1	2	2.1104	2019	2	2.1104
3344	sakti m.f.a.r.	0.7128	0.8578	29	2	10	5	9	9.4968	2019	1.8	1.8994
3347	salam s.	0.62	0.2914	35	12	12	1	0	0	2019	0	0
3353	salma s.a.	0.0546	0.4322	5	4	6	3	0	0	2019	0	0
3364	sambegoro p.l.	-0.2551	-0.4979	18	5	7	5	2	2.1104	2019	0.4	0.4221
3366	samsol s.	-0.0713	1.2338	61	0	0	4	0	0	2019	0	0
3368	samuel d.	0.3875	-0.8984	28	9	18	2	0	0	2019	0	0
3371	sanchez m.	-0.3023	1.0606	23	19	19	1	4	4.2208	2019	4	4.2208
3373	sanjaya k.h.	0.1304	1.1652	62	0	0	3	1	1.0552	2019	0.3333	0.3517
3375	sanjaya w.s.m.	0.0527	-1.137	42	3	6	2	7	7.3864	2019	3.5	3.6932
3382	santosa s.p.	-0.3134	-0.4632	18	3	6	8	9	9.4968	2019	1.125	1.1871
3384	santoso d.	0.7397	0.1536	34	17	18	8	0	0	2019	0	0
3392	santoso w.b.	0.0665	-0.668	4	3	3	2	1	1.0552	2019	0.5	0.5276
3395	sapiie b.	0.3826	-0.1329	1	2	2	3	5	5.276	2019	1.6667	1.7587
3397	saprudin w.	0.8206	0.1946	34	12	12	1	0	0	2019	0	0
3400	saptari a.y.	-1.1555	0.2892	43	3	8	4	0	0	2019	0	0
3405	saptiama i.	-0.8265	0.3044	2	15	19	2	21	22.1592	2019	10.5	11.0796
3406	saputera w.h.	-0.9503	0.0314	26	18	32	5	27	28.4904	2019	5.4	5.6981
3410	saputra c.	0.061	0.3176	3	4	6	2	15	15.828	2019	7.5	7.914
3424	saputro a.g.	-0.4654	0.1596	18	9	22	8	16	16.8832	2019	2	2.1104
3425	saputro k.e.	-0.6177	0.5716	8	12	12	1	4	4.2208	2019	4	4.2208
3426	saragih c.f.d.	0.0714	-0.4407	12	3	5	2	1	1.0552	2019	0.5	0.5276
3438	sari k.n.	-0.2549	0.6086	24	10	12	2	3	3.1656	2019	1.5	1.5828
3443	sari y.e.	-0.5399	-0.2321	19	1	4	4	4	4.2208	2019	1	1.0552
3445	sarsito d.a.	0.1676	-0.6707	4	8	19	9	0	0	2019	0	0
3446	sarwono j.	0.3576	-1.1338	40	4	10	5	0	0	2019	0	0
3450	sasmita f.	-0.4373	0.6039	3	2	3	3	1	1.0552	2019	0.3333	0.3517
3452	sasongko d.	-0.1279	-0.5624	18	5	11	5	15	15.828	2019	3	3.1656
3454	sasongko r.a.	-0.0708	-1.223	63	0	0	7	0	0	2019	0	0
3457	sato h.	-0.6384	0.3021	2	6	15	3	5	5.276	2019	1.6667	1.7587
3459	sato n.	0.1651	0.1762	16	7	14	2	4	4.2208	2019	2	2.1104
3467	satyaningsih r.	-0.7554	-0.0524	2	7	7	1	0	0	2019	0	0
3475	schambach l.	-0.847	-0.8592	36	10	10	1	23	24.2696	2019	23	24.2696
3477	schleicher a.m.	0.909	-0.4076	15	17	17	1	9	9.4968	2019	9	9.4968
3479	schneidewind a.	-0.4166	-0.1994	13	4	4	1	5	5.276	2019	5	5.276
3481	schotterer u.	-0.964	-0.3464	6	20	20	1	2	2.1104	2019	2	2.1104
3485	scott j.	-0.9852	0.028	26	15	23	3	17	17.9384	2019	5.6667	5.9795
3486	sebag d.	0.9953	-0.2521	15	15	15	1	4	4.2208	2019	4	4.2208
3487	sebastian i.	0.6125	0.9103	29	2	6	3	0	0	2019	0	0
3492	sembiring a.s.	0.4512	-0.0126	1	10	10	1	1	1.0552	2019	1	1.0552
3501	septiana t.	0.6577	0.2555	35	12	12	1	0	0	2019	0	0
3504	septiani n.l.w.	-0.6639	0.1259	2	10	15	5	17	17.9384	2019	3.4	3.5877
3510	setia budi w.	0.6417	-0.6401	20	20	20	1	1	1.0552	2019	1	1.0552
3511	setia g.a.	0.2398	-0.6127	12	3	5	2	1	1.0552	2019	0.5	0.5276
3515	setiadji s.	0.3537	-0.4764	39	3	6	2	0	0	2019	0	0
3519	setianingsih c.	0.264	0.5306	10	4	14	17	0	0	2019	0	0
3520	setianingsih i.	1.1415	0.3	7	12	12	1	0	0	2019	0	0
3523	setiati r.	0.333	0.1147	11	5	8	5	0	0	2019	0	0
3524	setiawan a.	-0.5116	-0.3026	6	15	17	7	24	25.3248	2019	3.4286	3.6178
3526	setiawan a.r.	-0.4633	0.586	3	2	4	5	0	0	2019	0	0
3527	setiawan a.w.	0.1009	-0.1614	37	5	10	13	7	7.3864	2019	0.5385	0.5682
3530	setiawan e.	-0.3019	-0.1461	33	3	10	6	7	7.3864	2019	1.1667	1.2311
3533	setiawan i.	-0.4359	-0.2909	18	4	6	4	1	1.0552	2019	0.25	0.2638
3534	setiawan j.	-0.4131	-0.3384	18	3	3	2	1	1.0552	2019	0.5	0.5276
3535	setiawan j.d.	-0.388	-0.4006	18	3	4	2	0	0	2019	0	0
3544	setyadi g.	-0.93	-0.4263	6	20	20	1	2	2.1104	2019	2	2.1104
3557	shalannanda w.	-0.1019	-0.2818	9	5	8	6	0	0	2019	0	0
3559	sharipov f.	0.3026	1.032	31	12	12	1	21	22.1592	2019	21	22.1592
3560	sheppard r.y.	0.7929	-0.2217	15	8	8	1	3	3.1656	2019	3	3.1656
3562	shibayama t.	-0.8613	0.6837	22	21	24	2	25	26.38	2019	12.5	13.19
3565	shiddiky m.j.a.	-0.7712	0.3062	2	7	7	1	19	20.0488	2019	19	20.0488
3570	shimoyama k.	-0.6434	0.9523	46	2	7	4	9	9.4968	2019	2.25	2.3742
3594	sidiq t.p.	0.1178	-0.8214	4	7	8	3	0	0	2019	0	0
3595	sidis y.	-0.4203	-0.1704	13	4	4	1	5	5.276	2019	5	5.276
3601	silalahi a.o.	0.0128	1.0628	44	3	9	3	0	0	2019	0	0
3602	silamba i.c.	0.8206	0.168	34	12	12	1	0	0	2019	0	0
3605	simanjuntak p.	0.3042	-0.2859	11	2	6	3	3	3.1656	2019	1	1.0552
3607	simatupang p.	-0.3867	-0.7456	19	19	19	1	1	1.0552	2019	1	1.0552
3611	simister r.	0.9852	-0.3333	15	20	32	2	13	13.7176	2019	6.5	6.8588
3612	simon d.	0.7877	-0.8649	32	12	12	1	2	2.1104	2019	2	2.1104
3619	sinisuka n.	0.348	-0.5637	12	2	4	3	0	0	2019	0	0
3620	sinisuka n.i.	0.4027	-0.7867	28	14	33	14	7	7.3864	2019	0.5	0.5276
3627	siregar s.	0.3328	0.1566	11	4	7	3	1	1.0552	2019	0.3333	0.3517
3636	sitohang b.	-0.0676	-0.0173	5	3	4	6	1	1.0552	2019	0.1667	0.1759
3637	sitompul d.s.d.	0.2364	0.1662	37	3	9	3	3	3.1656	2019	1	1.0552
3639	situmorang h.	-0.5545	-0.6633	27	11	12	3	4	4.2208	2019	1.3333	1.4069
3644	sklute e.c.	0.837	-0.2298	15	8	8	1	3	3.1656	2019	3	3.1656
3645	smith s.c.	-0.9977	-0.0114	26	13	19	2	14	14.7728	2019	7	7.3864
3647	sobariah s.	-0.4944	0.7272	3	6	10	2	4	4.2208	2019	2	2.1104
3662	soepriyanto s.	0.2067	-1.0747	64	0	0	2	0	0	2019	0	0
3663	soerawidjaja t.h.	-0.6592	-0.4704	17	9	21	7	6	6.3312	2019	0.8571	0.9045
3665	soewandhi s.n.	0.2151	-0.2805	11	2	2	4	6	6.3312	2019	1.5	1.5828
3666	soewono e.	-0.7957	-0.0232	2	7	9	3	10	10.552	2019	3.3333	3.5173
3674	sondana g.a.	1.0891	0.0706	7	11	11	1	0	0	2019	0	0
3676	sopaheluwakan a.	-0.7686	-0.0312	2	7	7	1	0	0	2019	0	0
3681	srigutomo w.	0.5543	-0.0086	10	6	7	7	2	2.1104	2019	0.2857	0.3015
3690	steky f.v.	-0.0445	-0.1456	11	8	17	3	5	5.276	2019	1.6667	1.7587
3696	stolle j.	-0.857	0.7711	22	13	13	1	15	15.828	2019	15	15.828
3697	strobel d.f.	0.7771	0.5442	21	7	7	1	2	2.1104	2019	2	2.1104
3698	stuardo c.a.	0.7816	-0.9175	32	12	12	1	2	2.1104	2019	2	2.1104
3699	stubbs a.l.	-0.1892	1.0378	23	19	33	4	16	16.8832	2019	4	4.2208
3710	subagio b.s.	1.3009	0.5029	53	1	3	6	6	6.3312	2019	1	1.0552
3721	subramanian n.	0.2774	1.0341	31	12	12	1	21	22.1592	2019	21	22.1592
3729	sudarningsih s.	0.6771	0.0256	14	8	16	3	8	8.4416	2019	2.6667	2.8139
3732	sudarsono a.s.	0.3746	-1.1547	40	4	8	5	0	0	2019	0	0
3734	sudaryani n.m.	-0.315	0.5756	24	10	10	1	3	3.1656	2019	3	3.1656
3735	sudaryanto s.	0.4275	0.2167	10	5	8	2	1	1.0552	2019	0.5	0.5276
3741	sudirman i.	-0.3088	0.811	24	3	7	5	3	3.1656	2019	0.6	0.6331
3743	sudjatno a.	0.4664	0.2423	10	4	6	2	0	0	2019	0	0
3749	suendo v.	-0.0218	-0.166	11	14	30	12	42	44.3185	2019	3.5	3.6932
3751	sugahara y.	-0.8385	0.2132	2	19	27	3	25	26.38	2019	8.3333	8.7933
3752	sugai y.	-0.5802	0.1344	17	2	6	3	8	8.4416	2019	2.6667	2.8139
3765	suhandi f.p.	0.2583	0.1789	37	3	9	3	3	3.1656	2019	1	1.0552
3780	suhendi c.	0.5829	-0.1948	1	10	11	3	0	0	2019	0	0
3781	suhendi e.	0.2261	0.3842	14	3	6	2	4	4.2208	2019	2	2.1104
3783	suhendra i.	-0.3449	-0.6971	19	19	19	1	1	1.0552	2019	1	1.0552
3788	suheri t.	-0.2499	0.5786	24	10	11	2	3	3.1656	2019	1.5	1.5828
3795	sukandar e.y.	0.31	-0.3232	11	2	2	2	0	0	2019	0	0
3800	sukmawati d.	1.1062	0.1292	7	14	18	3	2	2.1104	2019	0.6667	0.7035
3809	suksmono a.b.	-0.0532	-0.2094	9	8	12	8	2	2.1104	2019	0.25	0.2638
3812	sule m.r.	0.5933	-0.1634	1	3	3	4	0	0	2019	0	0
3813	sule r.	0.7681	0.1322	34	13	14	4	0	0	2019	0	0
3815	sulfianti a.	1.098	0.2711	7	12	12	1	0	0	2019	0	0
3820	sulistiyo b.	-0.603	-0.2669	6	10	10	1	6	6.3312	2019	6	6.3312
3823	suliyanti m.m.	0.7125	-0.6048	20	21	29	2	5	5.276	2019	2.5	2.638
3827	sulthoni m.a.	-0.3275	0.063	33	6	16	10	3	3.1656	2019	0.3	0.3166
3829	sumantyo j.t.s.	0.2071	-0.4394	39	3	5	3	1	1.0552	2019	0.3333	0.3517
3831	sumardi i.	0.504	0.7982	29	5	5	1	1	1.0552	2019	1	1.0552
3832	sumari a.d.w.	-0.1299	0.0634	16	6	7	3	5	5.276	2019	1.6667	1.7587
3840	sumboja a.	-0.3856	0.223	8	9	11	2	25	26.38	2019	12.5	13.19
3844	suminto r.o.	0.7524	-0.9076	32	12	12	1	2	2.1104	2019	2	2.1104
3846	sumiyanto e.	0.3639	-0.4548	39	3	6	2	0	0	2019	0	0
3852	sunaryo b.	0.6311	0.2603	35	12	12	1	0	0	2019	0	0
3853	sunaryo i.	0.305	0.5699	5	3	4	3	3	3.1656	2019	1	1.0552
3856	sundari c.d.d.	0.3398	-0.4494	39	4	8	3	0	0	2019	0	0
3858	sunendar h.	0.2936	-0.0699	1	14	14	1	6	6.3312	2019	6	6.3312
3865	supangkat s.	0.3528	-0.0464	12	3	4	2	0	0	2019	0	0
3866	supangkat s.h.	0.2032	-0.1427	12	5	15	14	11	11.6072	2019	0.7857	0.8291
3868	supendi p.	0.3905	-0.1791	1	21	31	6	7	7.3864	2019	1.1667	1.2311
3878	suprijanto	-0.0883	0.3035	5	7	7	4	0	0	2019	0	0
3892	suratman r.	-0.1808	0.4745	3	6	6	2	0	0	2019	0	0
3893	surawijaya a.	-0.3581	0.0395	33	5	15	6	3	3.1656	2019	0.5	0.5276
3898	suroso a.	0.6963	0.8819	29	2	16	11	9	9.4968	2019	0.8182	0.8633
3904	surya f.e.	0.2618	0.1543	37	3	9	3	3	3.1656	2019	1	1.0552
3931	susanto h.	-0.645	0.0302	2	8	10	8	11	11.6072	2019	1.375	1.4509
3932	susanto r.d.	-0.7716	-0.3375	6	32	36	6	16	16.8832	2019	2.6667	2.8139
3940	susilo d.	0.7941	0.1556	34	12	12	1	0	0	2019	0	0
3941	susilo s.	0.1301	-0.5956	4	6	7	2	0	0	2019	0	0
3947	sustini e.	-0.0175	0.5661	30	12	32	8	13	13.7176	2019	1.625	1.7147
3952	sutanto h.	0.2693	0.0374	16	6	12	3	9	9.4968	2019	3	3.1656
3961	sutikno s.	0.0493	0.0221	16	4	5	5	3	3.1656	2019	0.6	0.6331
3965	sutjahja i.m.	0.0396	1.072	44	3	11	5	1	1.0552	2019	0.2	0.211
3967	sutopo s.	0.6626	1.0434	51	1	4	4	13	13.7176	2019	3.25	3.4294
3971	sutrisna p.d.	-0.8066	-0.2009	17	4	5	2	11	11.6072	2019	5.5	5.8036
3978	suwardhi d.	0.2844	0.7032	10	6	7	5	4	4.2208	2019	0.8	0.8442
3981	suwarman r.	0.04	1.2435	65	0	0	2	0	0	2019	0	0
3982	suwarno	-0.5563	-0.2201	19	4	8	16	6	6.3312	2019	0.375	0.3957
3983	suwarno s.	-0.6097	-0.1406	19	3	3	5	3	3.1656	2019	0.6	0.6331
3996	suyanto h.	0.5664	-0.5561	20	25	52	3	9	9.4968	2019	3	3.1656
4006	syaf h.	0.8496	-0.0876	38	11	11	1	0	0	2019	0	0
4007	syafalni i.	-0.2391	-0.1868	33	1	3	3	0	0	2019	0	0
4012	syah y.m.	1.0019	0.416	7	10	10	7	7	7.3864	2019	1	1.0552
4026	syambas n.r.	-0.5115	-0.6183	27	2	3	9	3	3.1656	2019	0.3333	0.3517
4029	syamsudin t.s.	0.2082	0.7566	10	1	2	6	4	4.2208	2019	0.6667	0.7035
4039	syihabuddin b.	-0.1056	-0.3653	9	11	27	13	5	5.276	2019	0.3846	0.4058
4040	syuhada i.	0.1293	0.3756	14	3	6	3	0	0	2019	0	0
4041	syuhada s.	0.5526	-0.3503	1	4	6	2	0	0	2019	0	0
4048	tahini h.a.	-1.0502	0.0171	26	13	19	2	14	14.7728	2019	7	7.3864
4049	takabatake t.	-0.8877	0.6905	22	21	24	2	25	26.38	2019	12.5	13.19
4054	takase k.	0.0184	0.2029	16	8	18	4	6	6.3312	2019	1.5	1.5828
4055	takei t.	-0.7476	0.0964	2	7	7	1	3	3.1656	2019	3	3.1656
4059	tamba t.a.	-0.188	0.188	5	3	11	7	2	2.1104	2019	0.2857	0.3015
4062	tampubolon d.a.	0.1296	-0.8479	4	5	5	1	0	0	2019	0	0
4063	tamuntuan g.	0.8308	-0.0661	38	11	11	1	0	0	2019	0	0
4064	tan t.h.	-1.0179	0.0117	26	13	19	2	14	14.7728	2019	7	7.3864
4066	tan y.	-0.1244	-0.1908	9	5	7	2	0	0	2019	0	0
4073	taniwidjaja a.	-0.1104	-0.2395	9	4	10	4	0	0	2019	0	0
4079	tanra i.	0.5841	-0.5251	20	25	52	3	9	9.4968	2019	3	3.1656
4083	tanuwijaya v.v.	0.0112	-0.1236	11	8	17	3	5	5.276	2019	1.6667	1.7587
4085	tappin d.r.	-0.8051	-0.8289	36	10	10	1	23	24.2696	2019	23	24.2696
4089	tarigan t.a.	-0.8951	0.6277	22	11	11	1	10	10.552	2019	10	10.552
4104	taufiq r.	0.5501	0.1726	35	14	14	2	0	0	2019	0	0
4115	the towuti drilling project science team	0.9399	-0.3859	15	17	17	1	9	9.4968	2019	9	9.4968
4116	the towuti drilling project scientific team	0.9584	-0.251	15	15	15	1	4	4.2208	2019	4	4.2208
4119	thias a.h.	0.1458	-0.2181	37	3	6	3	1	1.0552	2019	0.3333	0.3517
4121	thompson l.g.	-0.9926	-0.408	6	20	20	1	2	2.1104	2019	2	2.1104
4123	tian c.	0.7345	-0.8895	32	12	12	1	2	2.1104	2019	2	2.1104
4132	tjandrawinata r.r.	-0.3821	0.3957	3	3	7	3	8	8.4416	2019	2.6667	2.8139
4133	tjeng l.h.	-0.4102	-0.0324	13	15	15	1	2	2.1104	2019	2	2.1104
4135	tjia m.o.	0.4699	-0.5542	20	26	62	5	13	13.7176	2019	2.6	2.7435
4140	tojo a.	-0.5829	0.5266	8	19	27	2	11	11.6072	2019	5.5	5.8036
4143	toyoda t.	0.1416	0.1539	16	7	14	2	4	4.2208	2019	2	2.1104
4144	trapsilawati f.	0.1678	0.496	5	5	10	2	0	0	2019	0	0
4150	triarahmadhana b.	0.1686	-0.7751	4	7	7	1	0	0	2019	0	0
4157	trilaksono b.r.	0.146	-0.3095	12	4	5	6	4	4.2208	2019	0.6667	0.7035
4170	triyoso w.	0.6241	-0.2907	1	5	5	3	0	0	2019	0	0
4174	tsuchiya k.	-0.914	0.2672	2	12	12	1	2	2.1104	2019	2	2.1104
4177	tufaila m.	0.8468	-0.0169	38	11	11	1	0	0	2019	0	0
4182	turnip a.	-0.3127	-1.3593	54	1	2	2	0	0	2019	0	0
4196	umam r.	-0.6456	0.2729	2	6	15	3	5	5.276	2019	1.6667	1.7587
4199	usman i.	0.869	-0.0393	38	11	11	1	0	0	2019	0	0
4207	utama w.	0.6868	-0.0054	14	7	14	2	8	8.4416	2019	4	4.2208
4209	utami d.	0.1738	-0.3522	12	3	4	2	4	4.2208	2019	2	2.1104
4210	utami f.d.	-0.0077	0.6685	30	10	39	9	14	14.7728	2019	1.5556	1.6414
4212	utami s.s.	0.3807	-1.1232	40	5	11	5	0	0	2019	0	0
4228	vences m.	-0.3122	1.0986	23	19	19	1	4	4.2208	2019	4	4.2208
4232	vernimmen r.	-0.0398	-0.8521	4	11	11	1	2	2.1104	2019	2	2.1104
4234	vibriani a.	-0.6856	0.4975	8	19	27	2	11	11.6072	2019	5.5	5.8036
4237	vierdayanti k.	0.5881	0.6322	21	2	5	3	0	0	2019	0	0
4238	vijverberg s.j.h.	-0.3248	-1.0624	25	17	17	1	4	4.2208	2019	4	4.2208
4239	villard e.	0.7899	0.5238	21	7	7	1	2	2.1104	2019	2	2.1104
4240	vinatier s.	0.7875	0.5688	21	7	7	1	2	2.1104	2019	2	2.1104
4243	viridi s.	-0.0117	0.5133	24	39	64	31	16	16.8832	2019	0.5161	0.5446
4246	visser m.	-0.0751	-0.8443	4	11	11	1	2	2.1104	2019	2	2.1104
4248	vitianingsih a.v.	0.6478	0.2297	35	12	12	1	0	0	2019	0	0
4252	vogel h.	0.8471	-0.3185	15	29	56	6	31	32.7113	2019	5.1667	5.4519
4254	vuillemin a.	0.9509	-0.319	15	20	32	2	13	13.7176	2019	6.5	6.8588
4264	wahyuningrum d.	0.2757	0.0934	11	4	8	7	10	10.552	2019	1.4286	1.5074
4277	wang j.	-0.3658	0.1432	8	13	13	2	11	11.6072	2019	5.5	5.8036
4279	wang s.	-0.4215	0.2377	8	8	8	1	11	11.6072	2019	11	11.6072
4280	wang x.	-0.1156	0.0284	13	42	43	3	19	20.0488	2019	6.3333	6.6829
4281	wang y.	-0.5031	-0.183	6	29	33	4	12	12.6624	2019	3	3.1656
4285	ward s.n.	-0.8448	-0.8872	36	10	10	1	23	24.2696	2019	23	24.2696
4286	wardani a.k.	-0.7496	-0.2921	17	8	21	9	45	47.4841	2019	5	5.276
4293	wardoyo w.m.	1.1671	0.2877	7	12	12	1	0	0	2019	0	0
4294	waris a.	0.4115	0.3975	14	8	11	6	2	2.1104	2019	0.3333	0.3517
4296	warnars h.l.h.s.	0.2149	-0.2254	12	3	4	2	1	1.0552	2019	0.5	0.5276
4312	watt s.f.l.	-0.8187	-0.9029	36	10	10	1	23	24.2696	2019	23	24.2696
4315	wei z.	-0.598	-0.3239	6	11	15	2	9	9.4968	2019	4.5	4.7484
4320	wennrich v.	0.759	-0.2963	15	7	7	1	9	9.4968	2019	9	9.4968
4321	wenten i.g.	-0.7609	-0.2496	17	11	36	18	113	119.2378	2019	6.2778	6.6243
4324	wibawa a.d.	0.1813	0.4698	5	5	10	2	0	0	2019	0	0
4326	wibawa i.p.d.	0.0428	-0.2453	11	2	4	5	3	3.1656	2019	0.6	0.6331
4327	wibisono d.	0.5186	1.0382	45	1	4	6	5	5.276	2019	0.8333	0.8793
4332	wibowo a.	-0.2251	0.4039	3	10	15	9	3	3.1656	2019	0.3333	0.3517
4334	wibowo e.	-0.0972	0.7417	30	7	10	3	1	1.0552	2019	0.3333	0.3517
4336	wibowo i.	-0.5795	0.5916	8	14	14	2	4	4.2208	2019	2	2.1104
4342	wibowo u.a.	-0.4773	0.6195	3	4	5	3	3	3.1656	2019	1	1.0552
4344	wicaksono d.h.b.	-0.4877	0.093	18	6	7	2	1	1.0552	2019	0.5	0.5276
4350	widartiningsih p.m.	0.0327	0.2531	16	4	6	3	2	2.1104	2019	0.6667	0.7035
4357	widiatmoko p.	-0.7419	-0.5692	17	3	5	2	1	1.0552	2019	0.5	0.5276
4361	widita r.	0.092	0.1707	16	16	49	12	21	22.1592	2019	1.75	1.8466
4366	widiyantoro s.	0.3563	-0.1832	1	43	71	20	33	34.8217	2019	1.65	1.7411
4371	widodo y.	-0.3141	-0.6993	19	19	19	1	1	1.0552	2019	1	1.0552
4379	widyanti a.	0.1098	0.4776	5	9	17	12	4	4.2208	2019	0.3333	0.3517
4380	widyanto b.	-0.1767	0.5009	3	3	3	3	0	0	2019	0	0
4381	widyantoro d.h.	-0.0933	0.066	5	3	6	12	5	5.276	2019	0.4167	0.4397
4385	widyastuti r.	-1.1519	0.2668	43	3	8	3	0	0	2019	0	0
4386	widyastuti t.	-0.5142	0.7531	3	6	10	2	4	4.2208	2019	2	2.1104
4389	widyotriatmo a.	-0.2283	0.161	5	8	19	15	6	6.3312	2019	0.4	0.4221
4391	wiguna d.a.	1.0931	0.3035	7	12	12	1	0	0	2019	0	0
4394	wijanarto a.b.	0.2097	-0.7858	4	7	7	1	0	0	2019	0	0
4395	wijanto h.	-0.1224	-0.4404	9	4	6	5	1	1.0552	2019	0.2	0.211
4399	wijaya d.d.	0.1801	-0.7334	4	11	14	7	2	2.1104	2019	0.2857	0.3015
4401	wijaya k.p.	-0.8011	-0.0465	2	7	9	2	2	2.1104	2019	1	1.0552
4406	wijayanto i.	0.309	0.2836	10	3	14	14	12	12.6624	2019	0.8571	0.9045
4407	wijayanto t.	0.1574	0.4603	5	5	10	2	0	0	2019	0	0
4410	wikantika k.	0.2462	0.6129	10	7	12	8	6	6.3312	2019	0.75	0.7914
4416	winanti n.	0.2291	-0.6324	12	3	5	2	1	1.0552	2019	0.5	0.5276
4423	winata t.	0.1415	0.3941	14	3	6	3	0	0	2019	0	0
4426	windupranata w.	0.3202	0.7414	10	3	5	3	0	0	2019	0	0
4435	wiratmadja i.i.	0.3301	0.5905	5	3	7	5	3	3.1656	2019	0.6	0.6331
4438	wirth r.	0.9	-0.3735	15	17	17	1	9	9.4968	2019	9	9.4968
4442	wismiana e.	-0.0952	-0.1733	9	6	10	3	0	0	2019	0	0
4443	wistara n.j.	0.483	0.7944	29	5	5	1	1	1.0552	2019	1	1.0552
4448	wonorahardjo s.	0.0303	1.0963	44	3	11	4	1	1.0552	2019	0.25	0.2638
4450	wright g.e.b.	-0.3544	-1.0667	25	17	17	1	4	4.2208	2019	4	4.2208
4453	wu k.-h.	-0.8949	-0.0239	26	7	9	2	10	10.552	2019	5	5.276
4456	wulan asri l.a.t.	-0.2138	0.441	3	4	5	2	0	0	2019	0	0
4457	wulan septiani n.l.	-0.78	0.2806	2	7	7	1	19	20.0488	2019	19	20.0488
4462	wulandari h.	0.5703	0.6254	21	2	5	5	0	0	2019	0	0
4467	wulandari w.	-0.1404	-0.6005	18	2	6	5	3	3.1656	2019	0.6	0.6331
4472	xianqi l.	-0.6661	0.5738	8	12	12	1	4	4.2208	2019	4	4.2208
4473	xu g.	-0.283	0.0855	13	28	29	2	13	13.7176	2019	6.5	6.8588
4474	xu j.	-0.2901	-0.0316	5	8	9	2	0	0	2019	0	0
4475	xu t.	-0.6381	-0.3106	6	11	15	2	9	9.4968	2019	4.5	4.7484
4476	xu y.	-0.3437	0.1936	8	4	4	2	26	27.4352	2019	13	13.7176
4481	yamauchi y.	-0.7967	0.1861	2	26	51	7	60	63.3121	2019	8.5714	9.0446
4485	yan m.	-0.6548	0.0716	2	4	7	3	24	25.3248	2019	8	8.4416
4487	yang c.	-0.1288	0.249	13	14	14	1	11	11.6072	2019	11	11.6072
4489	yani s.	0.3	0.3647	14	4	5	2	1	1.0552	2019	0.5	0.5276
4503	ye f.	0.7961	-0.8924	32	12	12	1	2	2.1104	2019	2	2.1104
4506	yin m.	-0.153	0.2225	13	14	14	1	11	11.6072	2019	11	11.6072
4507	yin s.	-0.3676	0.2958	8	11	11	2	14	14.7728	2019	7	7.3864
4513	yohda m.	-0.5932	-0.6757	27	10	10	1	2	2.1104	2019	2	2.1104
4517	yong k.-t.	-0.0944	0.2533	13	14	14	1	11	11.6072	2019	11	11.6072
4520	yoshikawa k.	-0.1862	-0.5426	18	3	4	2	6	6.3312	2019	3	3.1656
4522	yoshino m.	-0.8127	0.1463	2	8	8	1	4	4.2208	2019	4	4.2208
4531	yudistira t.	0.4976	-0.2592	1	16	22	9	4	4.2208	2019	0.4444	0.469
4532	yudoko g.	0.5079	1.0727	45	1	1	8	12	12.6624	2019	1.5	1.5828
4534	yuherdha a.t.	-0.0515	-0.828	4	11	11	1	2	2.1104	2019	2	2.1104
4545	yuliarto b.	-0.6247	0.2113	2	43	82	23	92	97.0786	2019	4	4.2208
4549	yuliza e.	-0.0584	0.6645	30	11	27	7	2	2.1104	2019	0.2857	0.3015
4552	yunginger r.	0.7107	-0.0303	14	7	16	3	9	9.4968	2019	3	3.1656
4554	yuniarni d.r.	-0.6423	0.4549	8	15	15	1	7	7.3864	2019	7	7.3864
4560	yunus m.	-0.0944	-0.1056	9	11	18	7	0	0	2019	0	0
4566	yusuf m.	0.7447	0.6698	21	4	4	3	0	0	2019	0	0
4573	zaeni a.	-0.1901	0.0261	8	1	5	5	2	2.1104	2019	0.4	0.4221
4574	zagorodnov v.	-0.9303	-0.3973	6	20	20	1	2	2.1104	2019	2	2.1104
4581	zainal abidin h.	0.1305	-0.631	4	6	11	3	0	0	2019	0	0
4583	zakaria h.	0.2348	0.1295	37	5	13	15	5	5.276	2019	0.3333	0.3517
4586	zaki hamidi e.a.	-0.1795	-0.3589	9	3	6	3	0	0	2019	0	0
4590	zakri k.w.	0.4002	-1.1432	40	4	6	3	0	0	2019	0	0
4594	zang w.	-0.3974	0.2583	8	8	8	1	11	11.6072	2019	11	11.6072
4596	zazuli z.	-0.3042	-1.0915	25	17	17	1	4	4.2208	2019	4	4.2208
4597	zen f.p.	0.6477	0.8591	29	9	44	22	10	10.552	2019	0.4545	0.4796
4600	zeng s.	-0.1349	0.1954	13	14	14	1	11	11.6072	2019	11	11.6072
4602	zhang c.	-0.7994	-0.8705	36	10	10	1	23	24.2696	2019	23	24.2696
4606	zhong z.	-0.2764	-0.0597	5	6	7	2	1	1.0552	2019	0.5	0.5276
4608	zissis g.	0.4341	-0.7485	28	2	6	3	1	1.0552	2019	0.3333	0.3517
4611	zoro r.	0.3241	-0.8752	28	1	1	8	1	1.0552	2019	0.125	0.1319
4612	zuhal l.r.	-0.6365	0.9751	46	2	7	4	9	9.4968	2019	2.25	2.3742
4628	zunita m.	-0.7479	-0.1536	17	5	7	4	6	6.3312	2019	1.5	1.5828
