3	6	1
3	48	1
3	809	1
3	832	1
3	923	1
3	1141	1
3	1196	1
3	1197	1
3	1198	1
3	1391	1
3	1425	1
3	1859	1
3	2029	1
3	2125	1
3	2165	1
3	2268	1
3	2578	1
3	2764	1
6	48	1
6	809	1
6	832	1
6	923	1
6	1141	1
6	1196	1
6	1197	1
6	1198	1
6	1391	1
6	1425	1
6	1859	1
6	2029	1
6	2125	1
6	2165	1
6	2268	1
6	2578	1
6	2764	1
7	351	1
7	775	1
7	812	1
7	864	1
7	898	1
7	1103	1
7	2644	1
7	2855	1
7	3047	1
9	151	1
9	406	1
9	448	1
9	1199	1
9	1954	1
9	2120	1
9	2127	5
9	3082	1
9	3746	1
13	216	1
13	707	1
13	712	1
13	1678	1
13	1873	1
13	2329	1
13	2359	1
13	3064	1
13	3569	1
16	708	1
16	1311	2
16	1546	2
16	1899	1
16	2060	1
16	2340	3
16	2832	1
16	3587	1
16	3765	1
20	783	1
27	1342	2
27	1581	2
27	2767	2
27	3742	2
43	2038	1
43	3224	3
43	3385	2
43	3811	2
44	2316	2
44	2432	1
44	3009	2
45	599	2
45	1785	2
45	1894	2
45	2464	2
48	94	1
48	316	1
48	347	1
48	743	1
48	756	1
48	809	2
48	832	2
48	923	2
48	1029	1
48	1141	2
48	1196	1
48	1197	1
48	1198	1
48	1391	1
48	1425	1
48	1859	1
48	2029	1
48	2056	1
48	2125	2
48	2165	1
48	2268	1
48	2578	1
48	2606	1
48	2674	1
48	2764	1
48	2922	1
48	2976	1
48	3768	1
48	3792	1
52	383	1
52	401	2
52	516	1
52	716	1
52	764	1
52	1124	1
52	1535	1
52	1565	1
52	2369	1
52	3537	1
59	448	1
59	1056	1
59	1389	1
59	2038	1
59	2696	1
59	2990	1
59	3028	1
59	3060	1
59	3191	1
59	3418	1
59	3804	1
70	539	1
70	1814	1
70	2390	2
70	2854	1
70	2904	1
88	3609	1
90	658	1
90	873	1
90	878	1
90	984	1
90	1079	1
90	1193	2
90	1473	1
90	1500	1
90	1504	1
90	1574	1
90	1617	1
90	1825	1
90	2044	1
90	2046	1
90	2317	1
90	2596	1
90	2705	2
90	2739	1
90	2866	1
90	3797	1
91	416	1
91	718	1
91	1135	1
91	1140	1
91	1224	1
91	1453	1
91	1682	1
91	2114	1
91	2122	1
91	2378	1
91	3453	1
92	985	1
92	2369	2
92	3331	2
94	316	1
94	347	1
94	743	1
94	756	1
94	809	1
94	832	1
94	923	1
94	1029	1
94	1141	1
94	2056	1
94	2125	1
94	2606	1
94	2674	1
94	2922	1
94	2976	1
94	3768	1
94	3792	1
96	1285	2
96	2188	2
96	2365	2
96	3514	2
96	3632	2
96	3723	2
98	2107	2
98	3136	2
98	3273	1
99	176	1
99	969	1
99	1038	1
99	1106	1
99	1291	1
99	1512	1
99	2032	1
99	2292	1
99	2476	1
99	2575	1
99	2697	1
99	2913	1
99	3334	1
106	692	1
106	1441	1
106	1890	1
106	1954	1
106	2310	1
106	2603	1
106	2716	1
106	2893	1
106	3627	1
108	1153	2
108	1791	2
108	2015	2
108	3309	2
108	3725	2
112	746	1
112	1183	1
112	1927	1
112	2066	1
112	2251	1
112	2284	1
112	2569	1
112	2629	1
112	2655	1
112	3324	1
112	3565	1
112	3699	1
119	169	3
119	517	1
119	985	2
119	1272	3
119	1273	1
119	1346	2
119	2228	3
119	2847	3
119	3469	3
119	3749	2
122	456	2
122	1874	2
122	2119	2
122	2377	1
133	286	1
133	1930	1
133	2724	1
133	2809	1
133	2831	1
133	3743	1
134	1342	2
134	1965	2
134	1966	1
134	2936	3
135	296	1
135	1417	2
135	1546	1
135	2746	1
135	2897	1
136	659	1
136	1374	1
136	3134	1
136	3572	2
136	3738	1
145	2571	1
145	3640	1
151	2107	1
151	2120	2
151	2127	1
151	3089	1
151	3179	1
157	506	1
157	658	1
157	681	1
157	1193	2
157	1259	2
157	1504	2
157	2866	1
157	3192	2
157	3797	2
158	333	1
158	1014	1
158	1420	1
158	1761	1
158	1860	1
158	1944	1
158	2182	1
158	2226	1
158	2409	1
158	3408	1
158	3559	1
162	1121	1
162	1178	1
162	1781	1
162	2172	1
162	2620	1
162	3104	1
162	3317	1
162	3483	1
162	3718	1
162	3765	1
162	3782	1
163	576	3
163	859	3
163	1006	1
163	1083	3
163	1297	1
163	1422	3
163	2127	2
163	2355	1
163	3112	2
169	1272	2
169	1273	1
169	2228	4
169	2847	4
169	3469	4
169	3749	3
170	724	2
170	2107	1
171	219	1
171	1679	2
171	2790	1
171	3064	2
175	219	2
175	339	1
175	1678	2
175	1679	1
175	1954	1
175	2186	1
175	2357	1
175	2774	1
175	2790	1
175	2951	1
175	3064	3
176	969	1
176	1038	1
176	1106	1
176	1291	1
176	1512	1
176	2032	1
176	2292	1
176	2476	1
176	2575	1
176	2697	1
176	2913	1
176	3334	1
178	2717	1
178	2840	2
181	1584	1
181	2796	1
181	2821	1
181	3550	2
181	3714	2
194	1131	3
194	2127	1
195	595	1
195	1455	2
198	1024	1
198	1910	1
198	2090	1
198	2712	1
205	494	1
205	869	1
205	2394	1
205	2464	1
205	2709	1
205	2735	1
205	2886	1
205	3269	1
205	3388	1
215	421	1
215	3073	1
216	707	1
216	712	1
216	1678	1
216	1873	1
216	2329	1
216	2359	1
216	3064	1
216	3569	1
219	315	1
219	339	1
219	1440	1
219	1567	1
219	1678	4
219	1679	2
219	1989	1
219	2186	2
219	2219	1
219	2329	1
219	2357	1
219	2774	1
219	2790	4
219	3005	1
219	3064	6
219	3374	1
219	3795	1
223	269	1
223	498	1
223	800	1
223	977	1
223	1462	1
223	1474	1
223	1572	1
223	1647	1
223	2592	1
223	3044	1
223	3331	1
223	3346	1
223	3622	1
228	402	4
228	424	2
228	876	1
228	878	2
228	940	1
228	1044	2
228	1128	1
228	1207	2
228	1215	1
228	1230	2
228	1895	2
228	2043	2
228	2082	2
228	2095	2
228	2210	2
228	2566	2
228	2621	2
228	2735	1
228	3098	2
228	3144	2
228	3298	2
228	3381	2
228	3501	1
228	3552	2
231	299	1
231	578	1
231	1459	4
231	2001	1
231	2446	1
231	2449	1
231	2690	1
231	3073	1
231	3295	2
231	3335	1
235	323	1
235	382	1
235	597	1
235	928	1
235	1145	1
235	1587	1
235	1610	1
235	1806	1
235	1957	1
235	2106	1
235	2828	1
235	3421	1
235	3586	1
235	3800	1
244	1114	1
244	2801	1
244	2891	4
244	3145	1
244	3609	1
248	1400	1
248	1524	1
248	1832	1
248	2440	1
248	2710	1
248	2741	2
248	2883	2
248	3459	1
251	487	1
251	819	1
251	3335	1
259	482	2
261	383	1
261	880	2
261	943	1
261	944	1
261	1342	2
261	2036	2
261	2357	1
261	2457	2
261	3399	1
261	3537	1
262	304	1
262	361	1
262	513	1
262	2086	1
262	2489	1
262	2500	1
262	2572	1
262	2765	1
262	3064	1
262	3472	1
263	1126	2
263	1677	4
263	3179	2
264	1020	2
264	1098	2
264	1472	2
269	498	1
269	800	1
269	977	1
269	1462	1
269	1474	1
269	1572	1
269	1647	1
269	2592	1
269	3044	1
269	3331	1
269	3346	1
269	3622	1
276	398	1
276	612	1
276	1076	1
276	1240	1
276	1408	1
276	1476	1
276	1904	1
276	2387	1
276	2401	1
276	3055	1
276	3085	1
276	3562	1
276	3566	1
286	1267	1
286	1930	2
286	2724	1
286	2809	2
286	2831	1
286	2836	1
296	1342	3
296	2746	1
296	3093	2
296	3111	1
296	3509	2
296	3563	1
296	3664	1
298	371	1
298	2411	1
298	3512	2
298	3522	1
299	2690	1
299	2968	1
299	3073	1
299	3295	3
299	3420	1
302	1627	2
302	1948	2
302	2355	2
302	2864	2
302	3374	2
303	383	1
303	516	1
303	1340	3
303	2092	3
303	2143	1
303	2357	2
304	361	2
304	513	1
304	1174	1
304	1829	1
304	2086	1
304	2489	2
304	2500	2
304	2572	1
304	2765	1
304	2920	1
304	3064	2
304	3081	1
304	3367	1
304	3472	1
307	1708	1
307	2415	1
307	2649	1
307	3249	1
315	1440	1
315	1567	1
315	1678	1
315	1989	1
315	2186	1
315	2219	1
315	2329	1
315	2790	1
315	3064	1
315	3374	1
316	347	1
316	743	1
316	756	1
316	809	1
316	832	1
316	923	1
316	1029	1
316	1141	1
316	2056	1
316	2125	1
316	2606	1
316	2674	1
316	2922	1
316	2976	1
316	3768	1
316	3792	1
317	1233	1
317	1310	1
317	1535	1
317	2385	2
317	3657	1
323	382	1
323	597	1
323	928	1
323	1145	1
323	1587	1
323	1610	1
323	1806	1
323	1957	1
323	2106	1
323	2828	1
323	3421	1
323	3586	1
323	3800	1
324	3040	1
324	3073	1
324	3136	2
324	3267	1
324	3335	1
333	1014	1
333	1420	1
333	1761	1
333	1860	1
333	1944	1
333	2182	1
333	2226	1
333	2409	1
333	3408	1
333	3559	1
339	1374	1
339	1679	1
339	2186	1
339	2774	1
339	2790	1
339	3064	1
345	975	3
345	1798	1
345	2160	1
345	3568	4
346	359	1
346	417	1
346	423	1
346	523	1
346	648	1
346	1259	1
346	2317	1
346	2494	1
346	2739	1
346	2859	1
347	743	1
347	756	1
347	809	1
347	832	1
347	923	1
347	1029	1
347	1141	1
347	2056	1
347	2125	1
347	2606	1
347	2674	1
347	2922	1
347	2976	1
347	3768	1
347	3792	1
351	775	1
351	812	1
351	864	1
351	898	1
351	1103	1
351	2644	1
351	2855	1
351	3047	1
354	379	1
354	393	1
354	499	1
354	500	1
354	504	1
354	505	1
354	600	1
354	641	1
354	830	1
354	1165	1
354	1478	1
354	1606	1
354	1621	1
354	1638	1
354	1652	1
354	1678	1
354	1684	1
354	2246	1
354	2624	1
354	3406	1
354	3411	1
355	1194	1
355	1220	1
355	1701	1
355	1817	1
355	1864	1
355	1928	1
355	2045	1
355	2328	1
355	2925	1
355	3044	1
355	3163	1
355	3440	1
355	3489	1
358	1163	1
358	1918	2
358	3397	2
359	417	1
359	423	1
359	523	1
359	648	1
359	1259	1
359	2317	1
359	2494	1
359	2739	1
359	2859	1
361	513	1
361	1174	1
361	1829	1
361	2086	1
361	2489	2
361	2500	2
361	2572	1
361	2765	1
361	2920	1
361	3064	2
361	3081	1
361	3367	1
361	3472	1
364	2360	2
364	2641	1
364	3254	1
364	3766	2
371	1364	1
371	1416	1
371	2120	1
371	2127	1
371	2299	1
371	3197	1
371	3310	1
371	3512	1
371	3515	1
373	442	1
373	669	1
373	847	1
373	1169	1
373	1518	1
373	2177	1
373	2641	1
373	3070	1
373	3254	1
373	3798	1
374	407	1
374	511	1
374	644	1
374	813	2
374	844	1
374	1001	3
374	1331	1
374	1479	1
374	1498	1
374	1580	1
374	1747	3
374	2463	3
374	2564	1
374	2858	1
374	2863	1
374	2989	1
374	3046	1
374	3522	2
374	3528	3
379	393	1
379	499	1
379	500	1
379	504	1
379	505	1
379	600	1
379	641	1
379	830	1
379	1165	1
379	1478	1
379	1606	1
379	1621	1
379	1638	1
379	1652	1
379	1678	1
379	1684	1
379	2246	1
379	2624	1
379	3406	1
379	3411	1
380	390	2
380	2709	2
380	2712	2
380	2909	2
382	597	1
382	928	1
382	1145	1
382	1587	1
382	1610	1
382	1806	1
382	1957	1
382	2106	1
382	2828	1
382	3421	1
382	3586	1
382	3800	1
383	516	1
383	716	4
383	1434	1
383	1535	1
383	1678	1
383	2276	2
383	2357	1
383	2369	1
383	3279	2
383	3369	1
383	3517	1
383	3537	1
383	3743	2
383	3795	1
385	1451	2
385	1604	2
385	1619	1
385	1661	1
385	2024	1
385	2201	2
385	2852	2
385	2856	2
385	3052	2
385	3359	1
385	3466	1
385	3488	2
385	3524	1
385	3648	1
385	3694	1
385	3799	2
388	665	1
388	834	1
388	893	1
388	1206	1
388	2076	1
388	2651	1
388	2983	1
388	3376	1
388	3452	1
388	3724	1
390	2709	2
390	2712	2
390	2909	2
392	1058	1
392	1459	2
392	2107	2
392	2407	3
392	3335	2
393	499	1
393	500	1
393	504	1
393	505	1
393	600	1
393	641	1
393	830	1
393	1165	1
393	1478	1
393	1606	1
393	1621	1
393	1638	1
393	1652	1
393	1678	1
393	1684	1
393	2246	1
393	2624	1
393	3406	1
393	3411	1
398	612	1
398	1076	1
398	1240	1
398	1408	1
398	1476	1
398	1904	1
398	2387	1
398	2401	1
398	3055	1
398	3085	1
398	3562	1
398	3566	1
400	717	1
400	1364	1
400	2060	1
400	2962	1
400	3003	1
400	3239	1
400	3670	1
401	516	2
401	716	1
401	1233	1
401	1389	1
401	2917	1
401	2966	1
401	3740	1
401	3743	2
402	424	2
402	876	1
402	878	2
402	940	1
402	1044	2
402	1128	1
402	1129	1
402	1207	2
402	1215	1
402	1230	2
402	1895	2
402	2043	2
402	2082	2
402	2095	2
402	2160	1
402	2210	2
402	2566	2
402	2621	2
402	2735	1
402	3098	2
402	3144	2
402	3298	2
402	3381	2
402	3501	1
402	3552	2
406	1199	2
406	1734	1
406	1954	2
406	2127	1
406	2951	1
406	3746	2
407	511	1
407	644	1
407	813	1
407	844	1
407	1001	1
407	1747	1
407	2463	1
407	2858	1
407	3046	1
407	3522	1
407	3528	1
408	483	1
408	555	1
408	556	1
408	1088	1
408	1168	1
408	1485	1
408	1622	1
408	1818	1
408	1928	1
408	3555	1
414	421	2
414	467	1
414	510	1
414	601	2
414	831	2
414	852	2
414	1142	2
414	1167	2
414	1231	2
414	1576	2
414	1595	2
414	1662	1
414	1762	2
414	1808	2
414	2002	2
414	2211	1
414	2212	1
414	2215	1
414	2296	2
414	2326	2
414	2501	2
414	2682	2
414	2720	2
416	718	1
416	1135	1
416	1140	1
416	1224	1
416	1453	1
416	1682	1
416	2114	1
416	2122	1
416	2378	1
416	3453	1
417	423	1
417	523	1
417	648	1
417	1259	1
417	2317	1
417	2494	1
417	2739	1
417	2859	1
418	590	1
418	759	1
418	1559	1
418	1641	1
418	1812	1
418	2160	1
418	2217	1
418	2346	1
418	2822	1
419	471	1
419	501	1
419	814	1
419	853	1
419	1746	1
419	2028	1
419	2289	1
419	2612	1
419	2669	1
419	2714	1
419	3407	1
419	3525	1
421	467	1
421	510	1
421	601	2
421	831	2
421	852	2
421	870	1
421	1128	2
421	1142	2
421	1167	2
421	1231	2
421	1576	2
421	1595	2
421	1662	1
421	1762	2
421	1808	2
421	2002	2
421	2155	1
421	2211	1
421	2212	1
421	2215	1
421	2296	2
421	2326	2
421	2501	2
421	2649	1
421	2682	2
421	2720	2
421	2857	1
421	3436	1
423	523	1
423	648	1
423	1259	1
423	2317	1
423	2494	1
423	2739	1
423	2859	1
423	2912	1
423	3040	1
423	3448	1
424	876	1
424	878	2
424	940	1
424	1044	2
424	1207	2
424	1215	1
424	1230	2
424	1895	2
424	2043	2
424	2082	2
424	2095	2
424	2210	2
424	2566	2
424	2621	2
424	3098	2
424	3144	2
424	3298	2
424	3381	2
424	3552	2
428	539	1
428	1948	1
428	2696	1
428	3512	1
430	1535	1
430	2446	2
430	2995	1
430	3609	1
433	1170	1
433	1171	1
433	1172	1
433	1599	1
433	2022	1
433	2904	1
433	2930	2
433	3443	1
433	3444	1
433	3679	1
433	3708	1
433	3722	1
442	669	1
442	847	1
442	1169	1
442	1518	1
442	2177	1
442	2641	1
442	3070	1
442	3254	1
442	3798	1
445	986	3
445	2399	3
445	3507	1
445	3689	2
448	1389	1
448	2127	3
448	3082	3
456	1874	2
456	2119	2
456	2377	1
459	1312	3
459	1776	3
459	3711	3
461	465	1
461	1392	1
461	1480	1
461	1645	1
461	1821	1
461	2027	1
461	2084	1
461	2181	1
461	2687	1
461	3345	1
461	3647	1
465	1392	1
465	1480	1
465	1645	1
465	1821	1
465	2027	1
465	2084	1
465	2181	1
465	2687	1
465	3345	1
465	3647	1
467	601	1
467	831	1
467	852	1
467	1142	1
467	1167	1
467	1231	1
467	1576	1
467	1595	1
467	1762	1
467	1808	1
467	2002	1
467	2211	1
467	2215	1
467	2296	1
467	2326	1
467	2501	1
467	2682	1
467	2720	1
471	501	1
471	814	1
471	853	1
471	1746	1
471	2028	1
471	2289	1
471	2612	1
471	2669	1
471	2714	1
471	3407	1
471	3525	1
482	3608	1
483	555	1
483	556	1
483	1088	1
483	1168	1
483	1485	1
483	1622	1
483	1818	1
483	1928	1
483	3555	1
494	869	1
494	2394	1
494	2464	2
494	2709	1
494	2735	2
494	2886	1
494	3269	1
494	3388	1
498	800	1
498	977	1
498	1462	1
498	1474	1
498	1572	1
498	1647	1
498	2592	1
498	3044	1
498	3331	1
498	3346	1
498	3622	1
499	500	1
499	504	1
499	505	1
499	600	1
499	641	1
499	830	1
499	1165	1
499	1478	1
499	1606	1
499	1621	1
499	1638	1
499	1652	1
499	1678	1
499	1684	1
499	2246	1
499	2624	1
499	3406	1
499	3411	1
500	504	1
500	505	1
500	600	1
500	641	1
500	830	1
500	1165	1
500	1478	1
500	1606	1
500	1621	1
500	1638	1
500	1652	1
500	1678	1
500	1684	1
500	2246	1
500	2624	1
500	3406	1
500	3411	1
501	814	1
501	853	1
501	1746	1
501	2028	1
501	2289	1
501	2612	1
501	2669	1
501	2714	1
501	3407	1
501	3525	1
504	505	1
504	600	1
504	641	1
504	830	1
504	1165	1
504	1478	1
504	1606	1
504	1621	1
504	1638	1
504	1652	1
504	1678	1
504	1684	1
504	2246	1
504	2624	1
504	3406	1
504	3411	1
505	600	1
505	641	1
505	830	1
505	1165	1
505	1478	1
505	1606	1
505	1621	1
505	1638	1
505	1652	1
505	1678	1
505	1684	1
505	2246	1
505	2624	1
505	3406	1
505	3411	1
506	658	1
506	681	1
506	1193	1
506	1259	1
506	1504	1
506	2866	1
506	3192	1
506	3797	1
510	601	1
510	831	1
510	852	1
510	1142	1
510	1167	1
510	1231	1
510	1576	1
510	1595	1
510	1662	1
510	1762	1
510	1808	1
510	2002	1
510	2212	1
510	2296	1
510	2326	1
510	2501	1
510	2682	1
510	2720	1
511	644	1
511	813	1
511	844	1
511	1001	1
511	1747	1
511	2463	1
511	2858	1
511	3046	1
511	3522	1
511	3528	1
513	2086	1
513	2489	1
513	2500	1
513	2572	1
513	2765	1
513	3064	1
513	3472	1
516	1233	1
516	1678	1
516	2143	1
516	2385	1
516	2521	1
516	3743	1
517	579	2
517	1346	1
517	1372	1
523	648	1
523	1259	1
523	2317	1
523	2494	1
523	2739	1
523	2859	1
528	1097	1
528	1982	2
528	2397	1
537	870	2
537	1909	3
537	2494	1
537	3436	2
538	2090	1
538	2160	1
538	2851	1
538	3099	1
539	1948	1
539	2390	1
539	2854	1
539	3563	1
555	556	1
555	1088	1
555	1168	1
555	1485	1
555	1622	1
555	1818	1
555	1928	1
555	3555	1
556	1088	1
556	1168	1
556	1485	1
556	1622	1
556	1818	1
556	1928	1
556	3555	1
575	1297	2
575	2236	1
575	2746	2
575	3197	1
576	859	3
576	1083	3
576	1422	3
578	2449	4
578	3091	2
578	3295	2
578	3510	1
578	3661	1
579	1372	1
583	2851	1
583	2917	2
583	3016	2
590	759	1
590	1559	1
590	1641	1
590	1812	1
590	2160	1
590	2217	1
590	2346	1
590	2822	1
595	1455	1
595	1928	1
597	928	1
597	1145	1
597	1587	1
597	1610	1
597	1806	1
597	1957	1
597	2106	1
597	2828	1
597	3421	1
597	3586	1
597	3800	1
599	1785	2
599	1894	2
599	2464	2
600	641	1
600	830	1
600	1165	1
600	1478	1
600	1606	1
600	1621	1
600	1638	1
600	1652	1
600	1678	1
600	1684	1
600	2246	1
600	2624	1
600	3406	1
600	3411	1
601	831	2
601	852	2
601	1142	2
601	1167	2
601	1231	2
601	1576	2
601	1595	2
601	1662	1
601	1762	2
601	1808	2
601	2002	2
601	2211	1
601	2212	1
601	2215	1
601	2296	2
601	2326	2
601	2501	2
601	2682	2
601	2720	2
612	1076	1
612	1240	1
612	1408	1
612	1476	1
612	1904	1
612	2387	1
612	2401	1
612	3055	1
612	3085	1
612	3562	1
612	3566	1
621	809	2
621	3625	1
641	830	1
641	1165	1
641	1478	1
641	1606	1
641	1621	1
641	1638	1
641	1652	1
641	1678	1
641	1684	1
641	2246	1
641	2624	1
641	3406	1
641	3411	1
644	813	1
644	844	1
644	1001	1
644	1747	1
644	2463	1
644	2858	1
644	3046	1
644	3522	1
644	3528	1
648	1259	1
648	2317	1
648	2494	1
648	2739	1
648	2859	1
650	2315	1
650	2449	1
650	2780	1
658	681	1
658	873	1
658	878	1
658	984	1
658	1079	1
658	1193	2
658	1259	1
658	1473	1
658	1500	1
658	1504	2
658	1574	1
658	1617	1
658	1825	1
658	2044	1
658	2046	1
658	2317	1
658	2596	1
658	2705	1
658	2739	1
658	2866	2
658	3192	1
658	3797	2
659	2898	1
659	3134	1
659	3205	1
659	3572	2
659	3738	1
662	671	1
662	1341	2
662	1404	1
662	1776	2
662	2160	2
662	3353	2
665	834	1
665	893	1
665	1206	1
665	2076	1
665	2651	1
665	2983	1
665	3376	1
665	3452	1
665	3724	1
669	847	1
669	1169	1
669	1518	1
669	2177	1
669	2641	1
669	3070	1
669	3254	1
669	3798	1
671	1341	1
671	1776	1
671	2160	3
681	1193	1
681	1259	1
681	1504	1
681	2866	1
681	3192	1
681	3797	1
682	1140	1
682	1144	3
682	1909	1
682	2222	2
682	2369	2
682	2628	1
682	2876	2
682	2897	1
692	1441	1
692	1890	1
692	1954	1
692	2310	1
692	2603	1
692	2716	1
692	2893	1
692	3627	1
707	712	1
707	1389	1
707	1678	3
707	1873	1
707	2329	2
707	2359	1
707	3064	3
707	3569	1
707	3736	2
708	1899	1
708	2050	1
708	2060	1
708	2261	1
708	2832	1
708	3322	1
708	3543	1
708	3765	1
712	1678	1
712	1873	1
712	2329	1
712	2359	1
712	3064	1
712	3569	1
716	938	1
716	1389	1
716	1565	2
716	2276	2
716	2789	1
716	3279	2
716	3369	1
716	3517	1
716	3537	1
716	3740	1
716	3743	1
717	964	1
717	1150	3
717	1152	3
717	1364	1
717	1594	3
717	1980	2
717	2025	3
717	2213	3
717	3360	3
717	3669	3
718	1135	1
718	1140	1
718	1224	1
718	1453	1
718	1682	1
718	2114	1
718	2122	1
718	2378	1
718	3453	1
720	1287	1
720	1343	1
720	1907	1
720	2085	1
720	2424	1
720	2888	1
720	3313	1
720	3433	1
720	3517	1
724	1124	1
724	2107	1
729	954	1
729	1016	1
729	1375	1
729	1936	1
729	2016	1
729	2808	1
729	2815	1
729	2890	1
729	2923	1
729	2961	1
729	3475	1
729	3486	1
729	3649	1
733	3537	1
738	970	1
738	1929	1
738	2888	1
738	3358	1
743	756	1
743	809	1
743	832	1
743	923	1
743	1029	1
743	1141	1
743	2056	1
743	2125	1
743	2606	1
743	2674	1
743	2922	1
743	2976	1
743	3768	1
743	3792	1
746	1183	1
746	1927	1
746	2066	1
746	2251	1
746	2284	1
746	2569	1
746	2629	1
746	2655	1
746	3324	1
746	3565	1
746	3699	1
747	2851	1
747	3170	1
756	809	1
756	832	1
756	923	1
756	1029	1
756	1141	1
756	2056	1
756	2125	1
756	2606	1
756	2674	1
756	2922	1
756	2976	1
756	3768	1
756	3792	1
759	1559	1
759	1641	1
759	1812	1
759	2160	1
759	2217	1
759	2346	1
759	2822	1
760	779	2
760	875	1
760	1132	2
760	1464	2
760	1600	2
760	1796	1
760	1798	2
760	2015	1
760	2266	1
760	2829	1
760	3169	1
760	3667	1
761	1312	1
761	1584	1
761	3264	1
761	3667	1
764	1124	1
764	1259	1
764	1546	2
764	2701	2
764	3644	1
775	812	1
775	864	1
775	898	1
775	1103	1
775	2644	1
775	2855	1
775	3047	1
779	875	1
779	1103	1
779	1132	2
779	1464	5
779	1600	4
779	1796	2
779	1798	2
779	2015	1
779	2261	1
779	2266	2
779	2829	1
779	3169	2
779	3309	2
779	3514	1
779	3666	1
779	3667	3
779	3711	1
779	3783	1
782	956	1
782	2853	3
782	3104	1
783	2724	1
800	977	1
800	1462	1
800	1474	1
800	1572	1
800	1647	1
800	2592	1
800	3044	1
800	3331	1
800	3346	1
800	3622	1
809	832	2
809	923	2
809	1029	1
809	1141	2
809	1196	1
809	1197	1
809	1198	1
809	1391	1
809	1425	1
809	1859	1
809	2029	1
809	2056	1
809	2125	2
809	2165	1
809	2268	1
809	2578	1
809	2606	1
809	2674	1
809	2764	1
809	2922	1
809	2976	1
809	3768	1
809	3792	1
812	864	1
812	898	1
812	1103	1
812	2644	1
812	2855	1
812	3047	1
813	844	1
813	1001	2
813	1747	2
813	2463	2
813	2858	1
813	3046	1
813	3522	2
813	3528	2
814	853	1
814	1746	1
814	2028	1
814	2289	1
814	2612	1
814	2669	1
814	2714	1
814	3407	1
814	3525	1
819	3167	1
819	3335	1
822	2488	2
822	2518	1
822	3522	1
830	1165	1
830	1478	1
830	1606	1
830	1621	1
830	1638	1
830	1652	1
830	1678	1
830	1684	1
830	2246	1
830	2624	1
830	3406	1
830	3411	1
831	852	2
831	1142	2
831	1167	2
831	1231	2
831	1576	2
831	1595	2
831	1662	1
831	1762	2
831	1808	2
831	2002	2
831	2211	1
831	2212	1
831	2215	1
831	2296	2
831	2326	2
831	2501	2
831	2682	2
831	2720	2
832	923	2
832	1029	1
832	1141	2
832	1196	1
832	1197	1
832	1198	1
832	1391	1
832	1425	1
832	1859	1
832	2029	1
832	2056	1
832	2125	2
832	2165	1
832	2268	1
832	2578	1
832	2606	1
832	2674	1
832	2764	1
832	2922	1
832	2976	1
832	3768	1
832	3792	1
834	893	1
834	1206	1
834	2076	1
834	2651	1
834	2983	1
834	3376	1
834	3452	1
834	3724	1
844	1001	1
844	1747	1
844	2463	1
844	2858	1
844	3046	1
844	3522	1
844	3528	1
847	1169	1
847	1518	1
847	2177	1
847	2641	1
847	3070	1
847	3254	1
847	3798	1
852	1142	2
852	1167	2
852	1231	2
852	1576	2
852	1595	2
852	1662	1
852	1762	2
852	1808	2
852	2002	2
852	2211	1
852	2212	1
852	2215	1
852	2296	2
852	2326	2
852	2501	2
852	2682	2
852	2720	2
853	1746	1
853	2028	1
853	2289	1
853	2612	1
853	2669	1
853	2714	1
853	3407	1
853	3525	1
859	1083	3
859	1422	3
859	2930	1
864	898	1
864	1037	2
864	1103	5
864	1446	4
864	2167	1
864	2214	3
864	2263	1
864	2325	1
864	2644	5
864	2855	1
864	3047	3
864	3048	1
864	3389	1
869	2394	1
869	2464	1
869	2709	1
869	2735	1
869	2886	1
869	3269	1
869	3388	1
870	1909	2
870	2494	1
870	3436	3
873	878	1
873	984	1
873	1079	1
873	1193	1
873	1473	1
873	1500	1
873	1504	1
873	1574	1
873	1617	1
873	1825	1
873	2044	1
873	2046	1
873	2317	1
873	2596	1
873	2705	1
873	2739	1
873	2866	1
873	3797	1
875	1132	1
875	1464	1
875	1600	1
875	1796	1
875	1798	1
875	3169	1
875	3667	1
876	878	1
876	940	1
876	1044	1
876	1207	1
876	1230	1
876	1895	1
876	2043	1
876	2082	1
876	2095	1
876	2210	1
876	2566	1
876	2621	1
876	3098	1
876	3144	1
876	3298	1
876	3381	1
876	3552	1
877	1328	1
877	1636	2
877	3167	1
877	3456	2
878	940	1
878	984	1
878	1044	2
878	1079	1
878	1193	1
878	1207	2
878	1215	1
878	1230	2
878	1473	1
878	1500	1
878	1504	1
878	1574	1
878	1617	1
878	1825	1
878	1895	2
878	2043	2
878	2044	1
878	2046	1
878	2082	2
878	2095	2
878	2210	2
878	2317	1
878	2566	2
878	2596	1
878	2621	2
878	2705	1
878	2739	1
878	2866	1
878	3098	2
878	3144	2
878	3298	2
878	3381	2
878	3552	2
878	3797	1
880	943	1
880	944	1
880	1342	2
880	2036	2
880	2457	2
893	1206	1
893	2076	1
893	2651	1
893	2983	1
893	3376	1
893	3452	1
893	3724	1
898	1103	1
898	2644	1
898	2855	1
898	3047	1
911	1103	1
911	1776	6
911	2030	3
911	2785	3
911	3031	3
911	3783	1
923	1029	1
923	1141	2
923	1196	1
923	1197	1
923	1198	1
923	1391	1
923	1425	1
923	1859	1
923	2029	1
923	2056	1
923	2125	2
923	2165	1
923	2268	1
923	2578	1
923	2606	1
923	2674	1
923	2764	1
923	2922	1
923	2976	1
923	3768	1
923	3792	1
928	1145	1
928	1587	1
928	1610	1
928	1806	1
928	1957	1
928	2106	1
928	2828	1
928	3421	1
928	3586	1
928	3800	1
932	1164	1
932	1481	1
932	1643	1
932	2319	1
932	2684	1
932	3036	1
932	3560	1
932	3663	1
932	3755	1
938	1272	1
940	1044	1
940	1207	1
940	1230	1
940	1895	1
940	2043	1
940	2082	1
940	2095	1
940	2210	1
940	2566	1
940	2621	1
940	3098	1
940	3144	1
940	3298	1
940	3381	1
940	3552	1
943	1342	1
943	2036	1
943	2457	1
943	2696	2
943	3512	1
944	1342	1
944	2036	1
944	2457	1
944	2912	1
944	3414	1
954	1016	1
954	1375	1
954	1936	1
954	2016	1
954	2808	1
954	2815	1
954	2890	1
954	2923	1
954	2961	1
954	3475	1
954	3486	1
954	3649	1
956	2853	1
956	3104	1
956	3199	1
956	3294	1
956	3295	1
956	3297	1
956	3481	1
956	3752	1
964	2316	1
964	2852	1
964	2904	1
964	3009	1
969	1038	1
969	1106	1
969	1145	1
969	1291	1
969	1512	1
969	1785	1
969	2032	1
969	2251	1
969	2292	1
969	2464	1
969	2476	1
969	2575	1
969	2697	1
969	2773	1
969	2857	1
969	2913	1
969	3334	1
969	3616	1
970	1929	2
970	2888	1
970	3358	2
975	1798	1
977	1462	1
977	1474	1
977	1572	1
977	1647	1
977	2592	1
977	3044	1
977	3331	1
977	3346	1
977	3622	1
984	1079	1
984	1193	1
984	1473	1
984	1500	1
984	1504	1
984	1574	1
984	1617	1
984	1825	1
984	2044	1
984	2046	1
984	2317	1
984	2596	1
984	2705	1
984	2739	1
984	2866	1
984	3797	1
985	1272	1
985	3179	1
985	3311	1
986	2399	3
986	3507	1
986	3689	2
990	2787	1
1001	1331	1
1001	1479	1
1001	1498	1
1001	1580	1
1001	1747	3
1001	2463	3
1001	2564	1
1001	2858	1
1001	2863	1
1001	2989	1
1001	3046	1
1001	3522	2
1001	3528	3
1007	1710	1
1007	2521	1
1007	2917	1
1007	2949	1
1014	1420	1
1014	1761	1
1014	1860	1
1014	1944	1
1014	2182	1
1014	2226	1
1014	2409	1
1014	3408	1
1014	3559	1
1016	1375	1
1016	1936	1
1016	2016	1
1016	2808	1
1016	2815	1
1016	2890	1
1016	2923	1
1016	2961	1
1016	3475	1
1016	3486	1
1016	3649	1
1020	1098	1
1020	1472	2
1024	1932	1
1024	2388	1
1027	2369	1
1027	2960	1
1027	2965	1
1027	3642	1
1029	1141	1
1029	2056	1
1029	2125	1
1029	2606	1
1029	2674	1
1029	2922	1
1029	2976	1
1029	3768	1
1029	3792	1
1037	1103	2
1037	1446	2
1037	1909	1
1037	2214	2
1037	2440	1
1037	2644	2
1037	3047	1
1037	3048	1
1037	3520	1
1038	1106	1
1038	1291	1
1038	1512	1
1038	2032	1
1038	2292	1
1038	2476	1
1038	2575	1
1038	2697	1
1038	2913	1
1038	3334	1
1044	1207	2
1044	1215	1
1044	1230	2
1044	1895	2
1044	2043	2
1044	2082	2
1044	2095	2
1044	2210	2
1044	2566	2
1044	2621	2
1044	3098	2
1044	3144	2
1044	3298	2
1044	3381	2
1044	3552	2
1056	2038	3
1056	2360	1
1056	2696	1
1056	3224	1
1056	3418	2
1076	1240	1
1076	1408	1
1076	1476	1
1076	1904	1
1076	2387	1
1076	2401	1
1076	3055	1
1076	3085	1
1076	3562	1
1076	3566	1
1079	1193	1
1079	1473	1
1079	1500	1
1079	1504	1
1079	1574	1
1079	1617	1
1079	1825	1
1079	2044	1
1079	2046	1
1079	2317	1
1079	2596	1
1079	2705	1
1079	2739	1
1079	2866	1
1079	3797	1
1083	1422	3
1088	1168	1
1088	1485	1
1088	1622	1
1088	1818	1
1088	1928	1
1088	3555	1
1098	1472	1
1098	2873	1
1103	1446	4
1103	2167	1
1103	2214	3
1103	2261	1
1103	2263	1
1103	2325	1
1103	2644	5
1103	2785	1
1103	2855	1
1103	3047	3
1103	3048	1
1103	3389	1
1106	1291	1
1106	1512	1
1106	2032	1
1106	2292	1
1106	2476	1
1106	2575	1
1106	2697	1
1106	2913	1
1106	3334	1
1114	2801	1
1114	2891	2
1114	3145	2
1114	3609	1
1121	1178	1
1121	1781	1
1121	2172	1
1121	2620	1
1121	3104	1
1121	3317	1
1121	3483	1
1121	3718	1
1121	3765	1
1121	3782	1
1124	1312	1
1124	2910	1
1124	3448	1
1126	1677	2
1126	3179	1
1128	2649	1
1128	2857	1
1128	3501	1
1131	1546	1
1131	2127	1
1132	1464	2
1132	1600	2
1132	1796	1
1132	1798	2
1132	2015	1
1132	2266	1
1132	2829	1
1132	3169	1
1132	3667	1
1135	1140	1
1135	1224	1
1135	1453	1
1135	1682	1
1135	2114	1
1135	2122	1
1135	2378	1
1135	3453	1
1140	1144	1
1140	1224	1
1140	1453	1
1140	1546	1
1140	1682	1
1140	2114	1
1140	2122	1
1140	2378	1
1140	2897	1
1140	3453	1
1141	1196	1
1141	1197	1
1141	1198	1
1141	1391	1
1141	1425	1
1141	1859	1
1141	2029	1
1141	2056	1
1141	2125	2
1141	2165	1
1141	2268	1
1141	2578	1
1141	2606	1
1141	2674	1
1141	2764	1
1141	2922	1
1141	2976	1
1141	3768	1
1141	3792	1
1142	1167	2
1142	1231	2
1142	1576	2
1142	1595	2
1142	1662	1
1142	1762	2
1142	1808	2
1142	2002	2
1142	2211	1
1142	2212	1
1142	2215	1
1142	2296	2
1142	2326	2
1142	2501	2
1142	2682	2
1142	2720	2
1144	1909	1
1144	2222	2
1144	2369	2
1144	2628	1
1144	2876	2
1144	2897	1
1145	1546	1
1145	1587	1
1145	1610	1
1145	1806	1
1145	1957	1
1145	2106	1
1145	2783	1
1145	2828	1
1145	3421	1
1145	3586	1
1145	3800	1
1150	1152	3
1150	1594	3
1150	1980	2
1150	2025	3
1150	2213	3
1150	3360	3
1150	3669	3
1152	1594	3
1152	1980	2
1152	2025	3
1152	2213	3
1152	3360	3
1152	3669	3
1153	1791	2
1153	2015	2
1153	3309	2
1153	3725	2
1163	1918	1
1163	3397	2
1164	1481	1
1164	1643	1
1164	2319	1
1164	2684	1
1164	3036	1
1164	3560	1
1164	3663	1
1164	3755	1
1165	1478	1
1165	1606	1
1165	1621	1
1165	1638	1
1165	1652	1
1165	1678	1
1165	1684	1
1165	2246	1
1165	2624	1
1165	3406	1
1165	3411	1
1167	1231	2
1167	1576	2
1167	1595	2
1167	1662	1
1167	1762	2
1167	1808	2
1167	2002	2
1167	2211	1
1167	2212	1
1167	2215	1
1167	2296	2
1167	2326	2
1167	2501	2
1167	2682	2
1167	2720	2
1168	1485	1
1168	1622	1
1168	1818	1
1168	1928	1
1168	3555	1
1169	1518	1
1169	2177	1
1169	2641	1
1169	3070	1
1169	3254	1
1169	3798	1
1170	1171	1
1170	1172	1
1170	1599	1
1170	2022	1
1170	2930	1
1170	3443	1
1170	3444	1
1170	3679	1
1170	3708	1
1170	3722	1
1171	1172	1
1171	1599	1
1171	2022	1
1171	2930	1
1171	3443	1
1171	3444	1
1171	3679	1
1171	3708	1
1171	3722	1
1172	1599	1
1172	2022	1
1172	2930	1
1172	3443	1
1172	3444	1
1172	3679	1
1172	3708	1
1172	3722	1
1174	1829	1
1174	2489	1
1174	2500	1
1174	2920	1
1174	3064	1
1174	3081	1
1174	3367	1
1178	1781	1
1178	2172	1
1178	2620	1
1178	3104	1
1178	3317	1
1178	3483	1
1178	3718	1
1178	3765	1
1178	3782	1
1183	1927	1
1183	2066	1
1183	2251	1
1183	2284	1
1183	2569	1
1183	2629	1
1183	2655	1
1183	3324	1
1183	3565	1
1183	3699	1
1193	1259	2
1193	1473	1
1193	1500	1
1193	1504	3
1193	1574	1
1193	1617	1
1193	1825	1
1193	2044	1
1193	2046	1
1193	2317	1
1193	2596	1
1193	2705	2
1193	2739	1
1193	2866	2
1193	3192	2
1193	3797	3
1194	1220	1
1194	1701	1
1194	1817	1
1194	1864	1
1194	1928	1
1194	2045	1
1194	2328	1
1194	2925	1
1194	3044	1
1194	3163	1
1194	3440	1
1194	3489	1
1196	1197	1
1196	1198	1
1196	1391	1
1196	1425	1
1196	1859	1
1196	2029	1
1196	2125	1
1196	2165	1
1196	2268	1
1196	2578	1
1196	2764	1
1197	1198	1
1197	1391	1
1197	1425	1
1197	1859	1
1197	2029	1
1197	2125	1
1197	2160	1
1197	2165	1
1197	2268	1
1197	2578	1
1197	2764	1
1198	1391	1
1198	1425	1
1198	1859	1
1198	2029	1
1198	2125	1
1198	2165	1
1198	2268	1
1198	2578	1
1198	2764	1
1199	1734	1
1199	1954	2
1199	2127	1
1199	2951	1
1199	3746	2
1206	2076	1
1206	2651	1
1206	2983	1
1206	3376	1
1206	3452	1
1206	3724	1
1207	1215	1
1207	1230	2
1207	1895	2
1207	2043	2
1207	2082	2
1207	2095	2
1207	2210	2
1207	2566	2
1207	2621	2
1207	3098	2
1207	3144	2
1207	3298	2
1207	3381	2
1207	3552	2
1215	1230	1
1215	1895	1
1215	2043	1
1215	2082	1
1215	2095	1
1215	2210	1
1215	2566	1
1215	2621	1
1215	3098	1
1215	3144	1
1215	3298	1
1215	3381	1
1215	3552	1
1218	1267	3
1218	2894	3
1220	1701	1
1220	1817	1
1220	1864	1
1220	1928	1
1220	2045	1
1220	2328	1
1220	2925	1
1220	3044	1
1220	3163	1
1220	3440	1
1220	3489	1
1224	1453	1
1224	1682	1
1224	2114	1
1224	2122	1
1224	2378	1
1224	3453	1
1230	1895	2
1230	2043	2
1230	2082	2
1230	2095	2
1230	2210	2
1230	2566	2
1230	2621	2
1230	3098	2
1230	3144	2
1230	3298	2
1230	3381	2
1230	3552	2
1231	1576	2
1231	1595	2
1231	1662	1
1231	1762	2
1231	1808	2
1231	2002	2
1231	2211	1
1231	2212	1
1231	2215	1
1231	2296	2
1231	2326	2
1231	2501	2
1231	2682	2
1231	2720	2
1233	1310	1
1233	1535	1
1233	1565	2
1233	1678	1
1233	2385	1
1233	2966	1
1233	3657	1
1240	1408	1
1240	1476	1
1240	1904	1
1240	2387	1
1240	2401	1
1240	3055	1
1240	3085	1
1240	3562	1
1240	3566	1
1252	1788	4
1252	2001	3
1252	2315	4
1252	2637	3
1252	3000	2
1259	1504	2
1259	2317	1
1259	2369	2
1259	2494	1
1259	2685	1
1259	2739	1
1259	2859	1
1259	2866	1
1259	2897	1
1259	3192	2
1259	3644	3
1259	3797	2
1267	1930	1
1267	2809	1
1267	2836	1
1267	2894	2
1272	2064	1
1272	2228	2
1272	2847	2
1272	2969	1
1272	3179	1
1272	3469	2
1272	3749	1
1273	2228	1
1273	2847	1
1273	2877	1
1273	2965	1
1273	3301	1
1273	3469	1
1273	3749	3
1285	2188	3
1285	2365	2
1285	3343	1
1285	3514	3
1285	3632	2
1285	3723	3
1287	1343	1
1287	1907	1
1287	2085	1
1287	2424	1
1287	2888	1
1287	3313	1
1287	3433	1
1287	3517	1
1291	1512	1
1291	2032	1
1291	2292	1
1291	2476	1
1291	2575	1
1291	2697	1
1291	2913	1
1291	3334	1
1297	2236	1
1297	2746	2
1297	3197	1
1310	1535	1
1310	2385	2
1310	3537	1
1310	3657	1
1311	2355	1
1312	1776	3
1312	3264	1
1312	3448	1
1312	3711	3
1328	1636	1
1328	2470	1
1328	2530	1
1328	2741	1
1328	3167	2
1328	3456	1
1328	3682	1
1331	1479	1
1331	1498	1
1331	1580	1
1331	1747	1
1331	2463	1
1331	2564	1
1331	2863	1
1331	2989	1
1331	3528	1
1340	1434	1
1340	2092	1
1340	2357	2
1341	1417	1
1341	1776	2
1341	2160	2
1341	2498	1
1341	2756	3
1341	2775	1
1341	2783	1
1341	3279	1
1341	3776	1
1342	1496	3
1342	1581	7
1342	1965	2
1342	1966	2
1342	2036	2
1342	2290	1
1342	2432	1
1342	2457	2
1342	2571	1
1342	2615	7
1342	2617	3
1342	2767	2
1342	2842	2
1342	2936	2
1342	3021	1
1342	3093	2
1342	3111	1
1342	3120	2
1342	3509	2
1342	3664	1
1342	3742	2
1343	1907	1
1343	2085	1
1343	2424	1
1343	2888	1
1343	3313	1
1343	3433	1
1343	3517	1
1359	1377	1
1359	2898	1
1359	3134	1
1359	3224	1
1359	3788	2
1364	2609	1
1364	3197	1
1364	3249	1
1368	1788	1
1368	2001	1
1368	2315	1
1368	2637	1
1368	3000	1
1368	3040	1
1371	1473	3
1371	1546	1
1371	1825	1
1371	1928	1
1371	2589	1
1371	2845	1
1371	2897	1
1371	3056	2
1374	1377	1
1374	3205	2
1374	3572	1
1374	3738	1
1374	3795	1
1375	1936	1
1375	2016	1
1375	2808	1
1375	2815	1
1375	2890	1
1375	2923	1
1375	2961	1
1375	3475	1
1375	3486	1
1375	3649	1
1377	2898	1
1377	3205	1
1377	3224	1
1377	3788	1
1389	2851	1
1389	3736	1
1389	3740	1
1391	1425	1
1391	1859	1
1391	2029	1
1391	2125	1
1391	2165	1
1391	2268	1
1391	2578	1
1391	2764	1
1392	1480	1
1392	1645	2
1392	1821	1
1392	2027	1
1392	2084	2
1392	2181	1
1392	2687	2
1392	3345	1
1392	3647	1
1400	2883	3
1400	3804	1
1404	1982	1
1404	2397	2
1408	1476	2
1408	1904	2
1408	2387	1
1408	2401	1
1408	3055	2
1408	3085	1
1408	3562	1
1408	3566	1
1410	2290	1
1410	3563	1
1410	3664	1
1411	1899	1
1411	2446	1
1411	2742	1
1411	3433	1
1415	2090	1
1415	2190	1
1415	2433	1
1415	2756	1
1415	2851	1
1415	2923	1
1416	3179	3
1416	3311	1
1416	3515	3
1417	2783	1
1420	1761	1
1420	1860	1
1420	1944	1
1420	2182	1
1420	2226	1
1420	2409	1
1420	3408	1
1420	3559	1
1425	1859	1
1425	2029	1
1425	2125	1
1425	2165	1
1425	2268	1
1425	2578	1
1425	2764	1
1440	1567	1
1440	1678	1
1440	1989	1
1440	2186	1
1440	2219	1
1440	2329	1
1440	2790	1
1440	3064	1
1440	3374	1
1441	1890	1
1441	1954	1
1441	2310	1
1441	2603	1
1441	2716	1
1441	2893	1
1441	3627	1
1446	2167	1
1446	2214	3
1446	2263	1
1446	2325	1
1446	2644	4
1446	3047	2
1446	3048	1
1446	3389	1
1451	1604	2
1451	1619	1
1451	1661	1
1451	2024	1
1451	2201	2
1451	2852	2
1451	2856	2
1451	3052	2
1451	3359	1
1451	3466	1
1451	3488	2
1451	3524	1
1451	3648	1
1451	3694	1
1451	3799	2
1453	1682	1
1453	2114	1
1453	2122	1
1453	2378	1
1453	3453	1
1459	2107	2
1459	2446	1
1459	2449	2
1459	2690	1
1459	2965	1
1459	2968	1
1459	3295	1
1459	3335	2
1459	3420	1
1462	1474	1
1462	1572	1
1462	1647	1
1462	2592	1
1462	3044	1
1462	3331	1
1462	3346	1
1462	3622	1
1464	1600	4
1464	1796	2
1464	1798	2
1464	2015	1
1464	2266	1
1464	2829	1
1464	3169	2
1464	3309	2
1464	3514	1
1464	3666	1
1464	3667	2
1464	3711	1
1464	3783	1
1471	2773	2
1471	2857	2
1471	3616	2
1473	1500	1
1473	1504	1
1473	1574	1
1473	1617	1
1473	1825	2
1473	2044	1
1473	2046	1
1473	2317	1
1473	2589	1
1473	2596	1
1473	2705	1
1473	2739	1
1473	2866	1
1473	3056	2
1473	3797	1
1474	1572	1
1474	1647	1
1474	2592	1
1474	3044	1
1474	3331	1
1474	3346	1
1474	3622	1
1476	1904	2
1476	2387	1
1476	2401	1
1476	3055	2
1476	3085	1
1476	3562	1
1476	3566	1
1478	1606	1
1478	1621	1
1478	1638	1
1478	1652	1
1478	1678	1
1478	1684	1
1478	2246	1
1478	2624	1
1478	3406	1
1478	3411	1
1479	1498	1
1479	1580	1
1479	1747	1
1479	2463	1
1479	2564	1
1479	2863	1
1479	2989	1
1479	3528	1
1480	1645	1
1480	1821	1
1480	2027	1
1480	2084	1
1480	2181	1
1480	2687	1
1480	3345	1
1480	3647	1
1481	1643	1
1481	2319	1
1481	2684	1
1481	3036	1
1481	3560	1
1481	3663	1
1481	3755	1
1485	1622	2
1485	1818	1
1485	1928	2
1485	3555	1
1496	2615	1
1496	2842	2
1496	3120	1
1497	2446	2
1497	3609	2
1498	1580	1
1498	1747	1
1498	2463	1
1498	2564	1
1498	2863	1
1498	2989	1
1498	3528	1
1500	1504	1
1500	1574	1
1500	1617	1
1500	1825	1
1500	2044	1
1500	2046	1
1500	2317	1
1500	2596	1
1500	2705	1
1500	2739	1
1500	2866	1
1500	3797	1
1504	1574	1
1504	1617	1
1504	1825	1
1504	2044	1
1504	2046	1
1504	2317	1
1504	2530	1
1504	2596	2
1504	2705	1
1504	2739	1
1504	2866	2
1504	2960	2
1504	3192	2
1504	3797	3
1512	2032	1
1512	2292	1
1512	2476	1
1512	2575	1
1512	2697	1
1512	2913	1
1512	3334	1
1518	2177	1
1518	2641	1
1518	3070	1
1518	3254	1
1518	3798	1
1524	2717	1
1524	2840	2
1535	2369	1
1535	2385	1
1535	3657	1
1546	2038	1
1546	2340	1
1546	2369	2
1546	2696	1
1546	2897	3
1546	3224	1
1546	3608	2
1556	1627	1
1556	3112	1
1559	1641	1
1559	1812	1
1559	2160	1
1559	2217	1
1559	2346	1
1559	2822	1
1563	1948	1
1563	3112	1
1563	3300	1
1565	3517	1
1567	1678	1
1567	1989	1
1567	2186	1
1567	2219	1
1567	2329	1
1567	2790	1
1567	3064	1
1567	3374	1
1572	1647	1
1572	2592	1
1572	3044	1
1572	3331	1
1572	3346	1
1572	3622	1
1574	1617	1
1574	1825	1
1574	2044	1
1574	2046	1
1574	2317	1
1574	2596	1
1574	2705	1
1574	2739	1
1574	2866	1
1574	3797	1
1576	1595	2
1576	1662	1
1576	1762	2
1576	1808	2
1576	2002	2
1576	2211	1
1576	2212	1
1576	2215	1
1576	2296	2
1576	2326	2
1576	2501	2
1576	2682	2
1576	2720	2
1580	1747	1
1580	2463	1
1580	2564	1
1580	2863	1
1580	2989	1
1580	3528	1
1581	1965	1
1581	2615	3
1581	2617	1
1581	2767	2
1581	3021	1
1581	3742	2
1584	2796	1
1584	2821	1
1584	3550	1
1584	3667	1
1584	3714	1
1587	1610	1
1587	1806	1
1587	1957	1
1587	2106	1
1587	2828	1
1587	3421	1
1587	3586	1
1587	3800	1
1589	2407	3
1589	3207	3
1594	1980	2
1594	2025	3
1594	2213	3
1594	3360	3
1594	3669	3
1595	1662	1
1595	1762	2
1595	1808	2
1595	2002	2
1595	2211	1
1595	2212	1
1595	2215	1
1595	2296	2
1595	2326	2
1595	2501	2
1595	2682	2
1595	2720	2
1599	2022	1
1599	2930	1
1599	3443	1
1599	3444	1
1599	3679	1
1599	3708	1
1599	3722	1
1600	1796	2
1600	1798	2
1600	2015	1
1600	2266	1
1600	2829	1
1600	3169	2
1600	3309	1
1600	3514	1
1600	3666	1
1600	3667	1
1600	3783	1
1604	1619	1
1604	1661	1
1604	2024	1
1604	2201	2
1604	2852	2
1604	2856	2
1604	3052	2
1604	3359	1
1604	3466	1
1604	3488	2
1604	3524	1
1604	3648	1
1604	3694	1
1604	3799	2
1606	1621	1
1606	1638	1
1606	1652	1
1606	1678	1
1606	1684	1
1606	2246	1
1606	2624	1
1606	3406	1
1606	3411	1
1610	1785	1
1610	1806	1
1610	1957	1
1610	2106	1
1610	2464	1
1610	2828	1
1610	3421	1
1610	3586	1
1610	3800	1
1617	1825	1
1617	2044	1
1617	2046	1
1617	2317	1
1617	2596	1
1617	2705	1
1617	2709	1
1617	2739	1
1617	2861	1
1617	2866	1
1617	3414	1
1617	3526	1
1617	3797	1
1619	1661	1
1619	2024	1
1619	2201	1
1619	2852	1
1619	2856	1
1619	3052	1
1619	3359	1
1619	3466	1
1619	3488	1
1619	3524	1
1619	3694	1
1619	3799	1
1621	1638	1
1621	1652	1
1621	1678	1
1621	1684	1
1621	2246	1
1621	2624	1
1621	3406	1
1621	3411	1
1622	1818	1
1622	1928	2
1622	3555	1
1627	1948	2
1627	2355	2
1627	2864	2
1627	3112	1
1627	3374	2
1636	3167	1
1636	3456	2
1638	1652	1
1638	1678	1
1638	1684	1
1638	2246	1
1638	2624	1
1638	3406	1
1638	3411	1
1641	1812	1
1641	2160	1
1641	2217	1
1641	2346	1
1641	2822	1
1643	2319	1
1643	2684	1
1643	3036	1
1643	3560	1
1643	3663	2
1643	3685	1
1643	3755	1
1645	1821	1
1645	2027	1
1645	2084	2
1645	2181	1
1645	2687	2
1645	3345	1
1645	3647	1
1647	2592	1
1647	3044	1
1647	3331	1
1647	3346	1
1647	3622	1
1651	1885	2
1651	2896	4
1652	1678	1
1652	1684	1
1652	2246	1
1652	2624	1
1652	3406	1
1652	3411	1
1655	3563	1
1661	2024	1
1661	2201	1
1661	2852	1
1661	2856	1
1661	3052	1
1661	3359	1
1661	3466	1
1661	3488	1
1661	3524	1
1661	3694	1
1661	3799	1
1662	1762	1
1662	1808	1
1662	2002	1
1662	2212	1
1662	2296	1
1662	2326	1
1662	2501	1
1662	2682	1
1662	2720	1
1677	1982	2
1677	2832	1
1677	2873	2
1677	3179	2
1677	3651	2
1678	1684	1
1678	1873	1
1678	1954	1
1678	1989	1
1678	2186	1
1678	2219	1
1678	2246	1
1678	2329	3
1678	2357	1
1678	2359	1
1678	2624	1
1678	2790	2
1678	2951	1
1678	3005	2
1678	3064	8
1678	3374	1
1678	3406	1
1678	3411	1
1678	3569	1
1678	3736	1
1678	3795	3
1679	2143	1
1679	2186	1
1679	2774	1
1679	2790	2
1679	3064	3
1682	2114	1
1682	2122	1
1682	2378	1
1682	3453	1
1684	2246	1
1684	2624	1
1684	3406	1
1684	3411	1
1695	2634	1
1701	1817	1
1701	1864	1
1701	1928	1
1701	2045	1
1701	2328	1
1701	2925	1
1701	3044	1
1701	3163	1
1701	3440	1
1701	3489	1
1708	3205	1
1708	3249	1
1710	2521	1
1710	2949	1
1710	3308	1
1734	1954	2
1734	2951	2
1734	3746	2
1746	2028	1
1746	2289	1
1746	2612	1
1746	2669	1
1746	2714	1
1746	3407	1
1746	3525	1
1747	2463	4
1747	2564	1
1747	2858	1
1747	2863	1
1747	2989	1
1747	3046	1
1747	3522	2
1747	3528	3
1761	1860	1
1761	1944	1
1761	2182	1
1761	2226	1
1761	2409	1
1761	3408	1
1761	3559	1
1762	1808	2
1762	2002	2
1762	2211	1
1762	2212	1
1762	2215	1
1762	2296	2
1762	2326	2
1762	2501	2
1762	2682	2
1762	2720	2
1776	2030	3
1776	2160	2
1776	2785	2
1776	3031	3
1776	3711	3
1776	3783	1
1781	2172	1
1781	2620	1
1781	3104	1
1781	3317	1
1781	3483	1
1781	3718	1
1781	3765	1
1781	3782	1
1785	1894	2
1785	2464	4
1785	2781	2
1785	2829	2
1785	3099	2
1788	2001	4
1788	2315	5
1788	2637	4
1788	2960	3
1788	2965	3
1788	3000	3
1791	2015	2
1791	3309	2
1791	3725	2
1796	1798	1
1796	3169	1
1796	3666	1
1796	3667	1
1796	3783	1
1798	2015	1
1798	2266	1
1798	2829	1
1798	3169	1
1798	3667	1
1806	1957	1
1806	2106	1
1806	2828	1
1806	3421	1
1806	3586	1
1806	3800	1
1808	2002	2
1808	2211	1
1808	2212	1
1808	2215	1
1808	2296	2
1808	2326	2
1808	2501	2
1808	2682	2
1808	2720	2
1812	2160	1
1812	2217	1
1812	2346	1
1812	2822	1
1814	2390	1
1814	2854	1
1817	1864	1
1817	1928	1
1817	2045	1
1817	2328	1
1817	2925	1
1817	3044	1
1817	3163	1
1817	3440	1
1817	3489	1
1818	1928	1
1818	3555	1
1821	2027	1
1821	2084	1
1821	2181	1
1821	2687	1
1821	3345	1
1821	3647	1
1825	2044	1
1825	2046	1
1825	2317	1
1825	2596	1
1825	2705	1
1825	2739	1
1825	2866	1
1825	3056	1
1825	3797	1
1829	2489	1
1829	2500	1
1829	2920	1
1829	3064	1
1829	3081	1
1829	3367	1
1832	2440	2
1832	2710	1
1832	3459	1
1837	3189	1
1837	3512	1
1837	3738	1
1859	2029	1
1859	2125	1
1859	2165	1
1859	2268	1
1859	2578	1
1859	2764	1
1860	1944	1
1860	2182	1
1860	2226	1
1860	2409	1
1860	3408	1
1860	3559	1
1864	1928	1
1864	2045	1
1864	2328	1
1864	2925	1
1864	3044	1
1864	3163	1
1864	3440	1
1864	3489	1
1870	2127	1
1870	2131	1
1870	3036	1
1870	3766	1
1873	2329	1
1873	2359	1
1873	3064	1
1873	3569	1
1874	2119	2
1874	2377	1
1885	2896	2
1890	1954	1
1890	2310	1
1890	2603	1
1890	2716	1
1890	2893	1
1890	3627	1
1894	2464	2
1895	2043	2
1895	2082	2
1895	2095	2
1895	2210	2
1895	2566	2
1895	2621	2
1895	3098	2
1895	3144	2
1895	3298	2
1895	3381	2
1895	3552	2
1899	2060	1
1899	2832	1
1899	3433	1
1899	3765	1
1904	2387	1
1904	2401	1
1904	3055	2
1904	3085	1
1904	3562	1
1904	3566	1
1906	1910	1
1906	1932	1
1906	2388	1
1906	2701	1
1906	3245	1
1906	3587	1
1906	3686	1
1907	2085	1
1907	2424	1
1907	2888	1
1907	3313	1
1907	3433	1
1907	3517	1
1909	2222	1
1909	2369	1
1909	2494	1
1909	2876	1
1909	3436	2
1910	1918	2
1910	2712	1
1910	3245	1
1914	2898	2
1914	3572	1
1914	3738	1
1918	3397	3
1918	3685	1
1927	2066	1
1927	2251	1
1927	2284	1
1927	2569	1
1927	2629	1
1927	2655	1
1927	3324	1
1927	3565	1
1927	3699	1
1928	2045	1
1928	2328	1
1928	2845	2
1928	2925	1
1928	3044	1
1928	3163	1
1928	3440	1
1928	3489	1
1928	3555	1
1929	2888	1
1929	3358	2
1930	2724	1
1930	2809	2
1930	2831	1
1930	2836	1
1932	2388	2
1932	2701	2
1932	3686	2
1936	2016	1
1936	2808	1
1936	2815	1
1936	2890	1
1936	2923	1
1936	2961	1
1936	3475	1
1936	3486	1
1936	3649	1
1944	2182	1
1944	2226	1
1944	2369	1
1944	2409	1
1944	3408	1
1944	3559	1
1948	2355	2
1948	2864	2
1948	3104	1
1948	3112	1
1948	3374	2
1954	2127	1
1954	2310	1
1954	2603	1
1954	2716	1
1954	2893	1
1954	2951	3
1954	3064	1
1954	3627	1
1954	3746	3
1957	2106	1
1957	2828	1
1957	3421	1
1957	3586	1
1957	3800	1
1965	2615	1
1965	2936	2
1966	2615	1
1966	2617	1
1966	2936	1
1966	3120	1
1980	2025	2
1980	2213	2
1980	3360	2
1980	3669	2
1982	2873	2
1982	3322	1
1989	2186	1
1989	2219	1
1989	2329	1
1989	2790	1
1989	3064	1
1989	3374	1
2001	2315	4
2001	2637	4
2001	3000	3
2001	3073	1
2001	3335	1
2002	2211	1
2002	2212	1
2002	2215	1
2002	2296	2
2002	2326	2
2002	2501	2
2002	2682	2
2002	2720	2
2015	2266	1
2015	2829	1
2015	3309	2
2015	3514	1
2015	3725	2
2016	2808	1
2016	2815	1
2016	2890	1
2016	2923	1
2016	2961	1
2016	3475	1
2016	3486	1
2016	3649	1
2022	2930	1
2022	3443	1
2022	3444	1
2022	3679	1
2022	3708	1
2022	3722	1
2024	2201	1
2024	2852	1
2024	2856	1
2024	3052	1
2024	3359	1
2024	3466	1
2024	3488	1
2024	3524	1
2024	3694	1
2024	3799	1
2025	2213	3
2025	3360	3
2025	3669	3
2026	3025	2
2026	3067	2
2026	3609	2
2027	2084	1
2027	2181	1
2027	2687	1
2027	3345	1
2027	3647	1
2028	2289	1
2028	2612	1
2028	2669	1
2028	2714	1
2028	3407	1
2028	3525	1
2029	2125	1
2029	2165	1
2029	2268	1
2029	2578	1
2029	2764	1
2030	3031	3
2032	2292	1
2032	2476	1
2032	2575	1
2032	2697	1
2032	2913	1
2032	3334	1
2036	2457	2
2038	2360	1
2038	2696	2
2038	3224	2
2038	3418	1
2043	2082	2
2043	2095	2
2043	2210	2
2043	2566	2
2043	2621	2
2043	3098	2
2043	3144	2
2043	3298	2
2043	3381	2
2043	3552	2
2044	2046	1
2044	2317	1
2044	2596	1
2044	2705	1
2044	2739	1
2044	2866	1
2044	3797	1
2045	2328	1
2045	2925	1
2045	3044	1
2045	3163	1
2045	3440	1
2045	3489	1
2046	2317	1
2046	2596	1
2046	2705	1
2046	2739	1
2046	2866	1
2046	3797	1
2050	2355	1
2050	3543	1
2050	3710	2
2056	2125	1
2056	2606	1
2056	2674	1
2056	2922	1
2056	2976	1
2056	3768	1
2056	3792	1
2060	2832	1
2060	3765	1
2064	2969	2
2066	2251	1
2066	2284	1
2066	2569	1
2066	2629	1
2066	2655	1
2066	3324	1
2066	3565	1
2066	3699	1
2076	2651	1
2076	2983	1
2076	3376	1
2076	3452	1
2076	3724	1
2082	2095	2
2082	2210	2
2082	2566	2
2082	2621	2
2082	3098	2
2082	3144	2
2082	3298	2
2082	3381	2
2082	3552	2
2084	2127	1
2084	2181	1
2084	2687	2
2084	3345	1
2084	3647	1
2085	2424	1
2085	2888	1
2085	3313	1
2085	3433	1
2085	3517	1
2086	2489	1
2086	2500	1
2086	2572	1
2086	2765	1
2086	3064	1
2086	3472	1
2090	2160	2
2090	2786	1
2090	2851	1
2092	2357	1
2095	2210	2
2095	2566	2
2095	2621	2
2095	3098	2
2095	3144	2
2095	3298	2
2095	3381	2
2095	3552	2
2106	2828	1
2106	3421	1
2106	3586	1
2106	3800	1
2107	2120	1
2107	3136	1
2107	3335	2
2114	2122	1
2114	2378	1
2114	3453	1
2119	2377	1
2120	2127	4
2120	2299	2
2122	2378	1
2122	3453	1
2125	2165	1
2125	2268	1
2125	2578	1
2125	2606	1
2125	2674	1
2125	2764	1
2125	2922	1
2125	2976	1
2125	3768	1
2125	3792	1
2127	2131	3
2127	2299	1
2127	2949	1
2127	3036	3
2127	3082	4
2127	3112	2
2127	3205	1
2127	3746	1
2127	3766	3
2127	3788	1
2131	2949	1
2131	3036	3
2131	3766	3
2143	2521	1
2155	2589	1
2160	2217	1
2160	2346	1
2160	2786	1
2160	2822	1
2160	2851	1
2165	2268	1
2165	2578	1
2165	2764	1
2167	2214	1
2167	2263	1
2167	2325	1
2167	2644	1
2167	3047	1
2167	3389	1
2172	2620	1
2172	3104	1
2172	3317	1
2172	3483	1
2172	3718	1
2172	3765	1
2172	3782	1
2177	2641	1
2177	3070	1
2177	3254	1
2177	3798	1
2181	2687	1
2181	3345	1
2181	3647	1
2182	2226	1
2182	2409	1
2182	3408	1
2182	3559	1
2186	2219	1
2186	2329	1
2186	2774	1
2186	2790	2
2186	3064	2
2186	3374	1
2188	2365	2
2188	3343	1
2188	3514	3
2188	3632	2
2188	3723	3
2190	2433	2
2190	2923	1
2201	2852	2
2201	2856	2
2201	3052	2
2201	3359	1
2201	3466	1
2201	3488	2
2201	3524	1
2201	3648	1
2201	3694	1
2201	3799	2
2210	2566	2
2210	2621	2
2210	3098	2
2210	3144	2
2210	3298	2
2210	3381	2
2210	3552	2
2211	2215	1
2211	2296	1
2211	2326	1
2211	2501	1
2211	2682	1
2211	2720	1
2212	2296	1
2212	2326	1
2212	2501	1
2212	2682	1
2212	2720	1
2213	3360	3
2213	3669	3
2214	2263	1
2214	2325	1
2214	2644	3
2214	3047	2
2214	3048	1
2214	3389	1
2215	2296	1
2215	2326	1
2215	2501	1
2215	2682	1
2215	2720	1
2217	2346	1
2217	2822	1
2219	2329	1
2219	2790	1
2219	3064	1
2219	3374	1
2222	2369	2
2222	2628	1
2222	2876	2
2226	2409	1
2226	3408	1
2226	3559	1
2228	2847	4
2228	3469	4
2228	3749	3
2236	2746	2
2236	3409	1
2246	2624	1
2246	3406	1
2246	3411	1
2251	2284	1
2251	2569	1
2251	2629	1
2251	2655	1
2251	3324	1
2251	3565	1
2251	3699	1
2261	3309	1
2261	3666	1
2263	2325	1
2263	2644	1
2263	3047	1
2263	3389	1
2266	2829	1
2266	3667	1
2268	2578	1
2268	2764	1
2276	3279	2
2276	3369	1
2276	3517	1
2284	2569	1
2284	2629	1
2284	2655	1
2284	3324	1
2284	3565	1
2284	3682	1
2284	3699	1
2289	2612	1
2289	2669	1
2289	2714	1
2289	3407	1
2289	3525	1
2290	2571	1
2292	2476	1
2292	2575	1
2292	2697	1
2292	2913	1
2292	3334	1
2296	2326	2
2296	2501	2
2296	2682	2
2296	2720	2
2310	2603	1
2310	2716	1
2310	2893	1
2310	3627	1
2315	2637	4
2315	2780	1
2315	3000	3
2316	2432	1
2316	2904	1
2316	3009	4
2317	2494	1
2317	2596	1
2317	2705	1
2317	2739	2
2317	2859	1
2317	2866	1
2317	3797	1
2319	2684	1
2319	3036	1
2319	3560	1
2319	3663	1
2319	3755	1
2323	2857	2
2323	3616	2
2325	2644	1
2325	3047	1
2325	3389	1
2326	2501	2
2326	2682	2
2326	2720	2
2328	2925	1
2328	3044	1
2328	3163	1
2328	3440	1
2328	3489	1
2329	2359	1
2329	2790	1
2329	3064	3
2329	3374	1
2329	3569	1
2340	3587	1
2346	2822	1
2355	2864	2
2355	3374	2
2357	3064	1
2357	3537	1
2359	3064	1
2359	3569	1
2360	3766	2
2365	3514	2
2365	3632	2
2365	3723	2
2369	2415	1
2369	2628	1
2369	2685	2
2369	2735	1
2369	2876	2
2369	2897	5
2369	2960	1
2369	2965	1
2369	3331	2
2369	3397	1
2369	3640	1
2369	3644	2
2378	3453	1
2385	3537	1
2385	3657	1
2387	2401	1
2387	3055	1
2387	3085	1
2387	3562	1
2387	3566	1
2388	2701	3
2388	2897	1
2388	3686	1
2390	2854	1
2394	2464	1
2394	2709	1
2394	2735	1
2394	2886	1
2394	3269	1
2394	3388	1
2399	3507	2
2399	3689	2
2401	3055	1
2401	3085	1
2401	3562	1
2401	3566	1
2407	3207	3
2407	3254	1
2409	3408	1
2409	3559	1
2411	3512	2
2415	2649	4
2424	2888	1
2424	3313	1
2424	3433	1
2424	3517	1
2432	3009	1
2433	2923	1
2440	2710	1
2440	3459	1
2440	3520	1
2446	2742	1
2446	2995	2
2446	3351	1
2446	3609	3
2449	2690	1
2449	2968	1
2449	3091	2
2449	3295	3
2449	3420	1
2449	3510	1
2449	3661	1
2463	2564	1
2463	2858	1
2463	2863	1
2463	2989	1
2463	3046	1
2463	3522	2
2463	3528	3
2464	2709	1
2464	2735	3
2464	2886	1
2464	3269	1
2464	3388	1
2464	3546	1
2470	2741	2
2470	3167	1
2470	3682	1
2476	2575	1
2476	2697	1
2476	2913	1
2476	3334	1
2488	2518	1
2488	3522	1
2489	2500	2
2489	2572	1
2489	2765	1
2489	2920	1
2489	3064	2
2489	3081	1
2489	3367	1
2489	3472	1
2494	2739	1
2494	2859	1
2494	3436	1
2498	2756	1
2498	2775	2
2498	3279	2
2498	3696	1
2498	3776	2
2500	2572	1
2500	2765	1
2500	2920	1
2500	3064	2
2500	3081	1
2500	3367	1
2500	3472	1
2501	2682	2
2501	2720	2
2512	2960	1
2512	2965	1
2512	3264	1
2518	3522	1
2518	3654	2
2521	2949	3
2521	3308	1
2530	2596	1
2530	2960	1
2530	3167	1
2544	2609	1
2544	2628	1
2564	2863	1
2564	2989	1
2564	3528	1
2566	2621	2
2566	3098	2
2566	3144	2
2566	3298	2
2566	3381	2
2566	3552	2
2569	2629	1
2569	2655	1
2569	3324	1
2569	3565	1
2569	3699	1
2572	2765	1
2572	3064	1
2572	3472	1
2575	2697	1
2575	2913	1
2575	3334	1
2578	2764	1
2592	3044	1
2592	3331	1
2592	3346	1
2592	3622	1
2596	2705	1
2596	2739	1
2596	2866	1
2596	2960	1
2596	3797	1
2603	2716	1
2603	2893	1
2603	3627	1
2606	2674	1
2606	2922	1
2606	2976	1
2606	3768	1
2606	3792	1
2609	3249	1
2612	2669	1
2612	2714	1
2612	3407	1
2612	3525	1
2615	2617	3
2615	3120	2
2617	2696	1
2617	3120	1
2617	3664	1
2620	3104	1
2620	3317	1
2620	3483	1
2620	3718	1
2620	3765	1
2620	3782	1
2621	3098	2
2621	3144	2
2621	3298	2
2621	3381	2
2621	3552	2
2624	3406	1
2624	3411	1
2628	2876	1
2629	2655	1
2629	3324	1
2629	3565	1
2629	3699	1
2637	3000	3
2641	2787	1
2641	3070	1
2641	3254	2
2641	3798	1
2644	2855	1
2644	3047	3
2644	3048	1
2644	3389	1
2651	2983	1
2651	3376	1
2651	3452	1
2651	3724	1
2655	3324	1
2655	3565	1
2655	3699	1
2669	2714	1
2669	3407	1
2669	3525	1
2673	2675	1
2673	2992	1
2673	3445	1
2673	3618	1
2674	2922	1
2674	2976	1
2674	3768	1
2674	3792	1
2675	2992	1
2675	3445	1
2675	3618	1
2682	2720	2
2684	3036	1
2684	3560	1
2684	3663	1
2684	3746	1
2684	3755	1
2685	2897	2
2685	3644	1
2687	3345	1
2687	3647	1
2690	3295	2
2696	3224	1
2696	3418	1
2696	3512	2
2696	3664	1
2697	2913	1
2697	3334	1
2701	2897	1
2701	3686	2
2705	2739	1
2705	2866	1
2705	3797	1
2709	2712	2
2709	2735	1
2709	2861	1
2709	2886	1
2709	2909	2
2709	3269	1
2709	3388	1
2709	3414	1
2709	3526	1
2710	3459	1
2712	2909	2
2714	3407	1
2714	3525	1
2716	2893	1
2716	3627	1
2717	2840	2
2724	2809	1
2724	2831	2
2726	2911	3
2726	3366	3
2726	3630	1
2735	2886	1
2735	3269	1
2735	3388	1
2735	3546	2
2739	2859	1
2739	2866	1
2739	3797	1
2741	2883	2
2741	3167	1
2741	3682	1
2742	2960	1
2746	3197	1
2746	3409	1
2756	2775	1
2756	3279	1
2756	3776	1
2765	3064	1
2765	3472	1
2767	3742	2
2773	2857	3
2773	3616	3
2774	2790	1
2774	3064	1
2775	3279	2
2775	3696	1
2775	3776	2
2780	2825	1
2781	2829	2
2781	3099	2
2783	3194	3
2786	3520	1
2787	3322	1
2787	3543	1
2790	3005	1
2790	3064	4
2790	3374	1
2796	2821	1
2796	3550	1
2796	3714	1
2801	2891	1
2801	3145	1
2801	3295	1
2808	2815	1
2808	2890	1
2808	2923	1
2808	2961	1
2808	3475	1
2808	3486	1
2808	3649	1
2809	2831	1
2809	2836	1
2815	2890	1
2815	2923	1
2815	2961	1
2815	3475	1
2815	3486	1
2815	3649	1
2821	3550	1
2821	3714	1
2828	3421	1
2828	3586	1
2828	3800	1
2829	3099	2
2829	3309	1
2832	3765	1
2836	3743	1
2840	3625	1
2847	3469	4
2847	3749	3
2851	3170	1
2852	2856	2
2852	3052	2
2852	3359	1
2852	3466	1
2852	3488	2
2852	3520	1
2852	3524	1
2852	3648	1
2852	3694	1
2852	3799	2
2853	3104	1
2855	3047	1
2856	3052	2
2856	3359	1
2856	3466	1
2856	3488	2
2856	3524	1
2856	3648	1
2856	3694	1
2856	3799	2
2857	3616	6
2858	3046	1
2858	3522	1
2858	3528	1
2861	3414	1
2861	3526	1
2863	2989	1
2863	3528	1
2864	3374	2
2866	3192	1
2866	3797	2
2873	3267	1
2877	3301	1
2877	3749	2
2886	3269	1
2886	3388	1
2888	3313	1
2888	3358	1
2888	3433	1
2888	3510	1
2888	3517	1
2888	3587	1
2890	2923	1
2890	2961	1
2890	3475	1
2890	3486	1
2890	3649	1
2891	3145	2
2891	3374	1
2891	3609	1
2893	3627	1
2894	3399	1
2897	3640	1
2897	3644	1
2898	3205	1
2898	3224	1
2898	3572	1
2898	3738	1
2898	3788	1
2904	3009	1
2910	3322	1
2911	3366	3
2913	3334	1
2917	3016	2
2917	3537	1
2917	3743	1
2920	3064	1
2920	3081	1
2920	3367	1
2922	2976	1
2922	3768	1
2922	3792	1
2923	2961	1
2923	3475	1
2923	3486	1
2923	3649	1
2925	3044	1
2925	3163	1
2925	3440	1
2925	3489	1
2930	3443	1
2930	3444	1
2930	3679	1
2930	3708	1
2930	3722	1
2949	3036	1
2949	3308	1
2949	3766	1
2951	3064	1
2951	3746	2
2960	2965	6
2960	3264	1
2960	3642	2
2961	3351	1
2961	3475	1
2961	3486	1
2961	3649	1
2962	3003	1
2962	3239	1
2962	3670	1
2965	3749	1
2968	3073	1
2968	3420	2
2976	3768	1
2976	3792	1
2983	3376	1
2983	3452	1
2983	3724	1
2989	3528	1
2990	3060	1
2990	3191	1
2992	3445	1
2992	3618	1
2993	3273	2
2993	3335	2
2993	3501	1
3003	3239	1
3003	3670	1
3005	3064	1
3009	3563	2
3021	3179	2
3021	3311	2
3025	3067	2
3025	3609	2
3028	3167	1
3028	3804	1
3036	3560	1
3036	3663	1
3036	3755	1
3036	3766	3
3040	3267	1
3040	3448	1
3040	3661	1
3044	3163	1
3044	3331	1
3044	3346	1
3044	3440	1
3044	3489	1
3044	3622	1
3046	3522	1
3046	3528	1
3047	3389	1
3052	3359	1
3052	3466	1
3052	3488	2
3052	3524	1
3052	3648	1
3052	3694	1
3052	3799	2
3055	3085	1
3055	3562	1
3055	3566	1
3060	3191	1
3064	3081	1
3064	3367	1
3064	3374	1
3064	3472	1
3064	3569	1
3064	3736	1
3064	3795	1
3067	3609	2
3070	3254	1
3070	3798	1
3073	3136	1
3073	3335	1
3073	3420	1
3081	3367	1
3082	3205	1
3082	3788	1
3085	3562	1
3085	3566	1
3089	3366	1
3091	3295	1
3091	3661	1
3093	3509	2
3093	3664	1
3098	3144	2
3098	3298	2
3098	3381	2
3098	3552	2
3104	3317	1
3104	3483	1
3104	3718	1
3104	3765	1
3104	3782	1
3111	3664	3
3134	3572	1
3134	3788	1
3136	3335	1
3144	3298	2
3144	3381	2
3144	3552	2
3163	3440	1
3163	3489	1
3167	3456	1
3169	3309	1
3169	3514	1
3169	3667	1
3170	3399	1
3179	3311	4
3179	3515	2
3189	3651	1
3192	3797	2
3196	3366	1
3199	3294	1
3199	3295	1
3199	3297	1
3199	3481	1
3199	3752	1
3205	3788	1
3224	3385	2
3224	3418	1
3224	3788	1
3224	3811	2
3239	3670	1
3249	3306	1
3249	3380	1
3249	3437	2
3249	3580	4
3249	3707	1
3254	3798	1
3264	3642	1
3269	3388	1
3273	3335	2
3279	3369	1
3279	3517	1
3279	3696	1
3279	3776	2
3294	3295	1
3294	3297	1
3294	3481	1
3294	3752	1
3295	3297	1
3295	3481	1
3295	3752	1
3297	3481	1
3297	3752	1
3298	3381	2
3298	3552	2
3301	3749	1
3306	3380	1
3306	3580	1
3306	3707	1
3309	3514	1
3309	3666	1
3309	3667	1
3309	3711	1
3309	3725	2
3310	3625	2
3311	3515	1
3313	3433	1
3313	3517	1
3317	3483	1
3317	3718	1
3317	3765	1
3317	3782	1
3322	3543	3
3324	3565	1
3324	3699	1
3331	3346	1
3331	3622	1
3343	3514	1
3343	3723	1
3345	3647	1
3346	3622	1
3359	3466	1
3359	3488	1
3359	3524	1
3359	3694	1
3359	3799	1
3360	3669	3
3369	3517	1
3369	3743	1
3376	3452	1
3376	3724	1
3380	3580	1
3380	3707	1
3381	3552	2
3385	3811	2
3406	3411	1
3407	3525	1
3408	3559	1
3414	3526	1
3421	3586	1
3421	3800	1
3433	3517	1
3437	3580	3
3440	3489	1
3443	3444	1
3443	3679	1
3443	3708	1
3443	3722	1
3444	3679	1
3444	3708	1
3444	3722	1
3445	3618	1
3452	3724	1
3466	3488	1
3466	3524	1
3466	3694	1
3466	3799	1
3469	3749	3
3475	3486	1
3475	3649	1
3481	3752	1
3483	3718	1
3483	3765	1
3483	3782	1
3486	3649	1
3488	3524	1
3488	3648	1
3488	3694	1
3488	3799	2
3509	3664	1
3512	3738	1
3514	3632	2
3514	3723	3
3522	3528	2
3524	3694	1
3524	3799	1
3550	3714	2
3560	3663	1
3560	3755	1
3562	3566	1
3563	3664	1
3565	3699	1
3572	3738	3
3580	3707	1
3586	3800	1
3632	3723	2
3642	3661	1
3648	3799	1
3663	3746	1
3663	3755	1
3666	3783	1
3667	3711	1
3679	3708	1
3679	3722	1
3694	3799	1
3696	3776	1
3708	3722	1
3718	3765	1
3718	3782	1
3738	3788	1
3765	3782	1
3768	3792	1
