id	label	x	y	cluster	weight<Links>	weight<Total link strength>	weight<Documents>	weight<Citations>	weight<Norm. citations>	score<Avg. pub. year>	score<Avg. citations>	score<Avg. norm. citations>
1	aamir m.	-0.653	-0.0457	20	5	5	1	1	2.1066	2019	1	2.1066
2	ab rahman n.h.	-0.0079	-1.0895	63	3	3	1	3	6.3197	2019	3	6.3197
3	abbas b.s.	-0.2341	-0.2428	36	3	3	1	0	0	2019	0	0
4	abd rahim e.	-0.6363	0.8291	42	5	5	1	1	2.1066	2019	1	2.1066
5	abda m.r.	-0.9067	0.4255	25	9	9	1	0	0	2019	0	0
6	abdillah a.	-0.3634	-0.1731	17	3	3	1	0	0	2019	0	0
8	abdul ghani n.	-1.1204	-0.253	64	3	3	1	1	2.1066	2019	1	2.1066
9	abdul rahman m.n.	-0.4551	0.904	3	8	8	1	1	2.1066	2019	1	2.1066
10	abdulbasah kamil a.	-1.132	-0.2353	64	3	3	1	1	2.1066	2019	1	2.1066
11	abdullah m.t.	-0.4236	0.9216	3	8	15	2	1	2.1066	2019	0.5	1.0533
12	abdulmana s.	-0.0152	0.7341	8	3	3	1	0	0	2019	0	0
13	abdurohman m.	-0.6533	-0.6011	1	7	21	15	0	0	2019	0	0
15	abu bakar m.y.	-0.3262	-0.7347	24	4	4	2	2	4.2131	2019	1	2.1066
17	adachi t.	0.8629	0.5537	34	7	7	1	0	0	2019	0	0
19	adam prasetyo y.	0.0729	0.8781	8	3	3	1	1	2.1066	2019	1	2.1066
20	adelia c.	1.0321	0.2191	12	4	4	1	0	0	2019	0	0
22	adetia m.	-0.798	-0.4804	29	7	7	1	0	0	2019	0	0
23	adhinugraha k.m.	-0.7042	-0.8595	65	3	3	1	0	0	2019	0	0
26	aditsania a.	0.0047	0.0578	4	9	16	7	4	8.4262	2019	0.5714	1.2037
27	aditya b.r.	0.0859	1.0729	40	6	10	6	0	0	2019	0	0
28	adiwiganda m.r.	-0.4884	-0.6333	1	4	4	1	0	0	2019	0	0
29	adiwijaya	-0.109	-0.7262	24	4	4	7	5	10.5328	2019	0.7143	1.5047
31	"adiwijaya, aditsania a."	1.0477	0.4415	91	0	0	3	1	2.1066	2019	0.3333	0.7022
36	"adiwijaya, mubarok m.s."	-0.3118	-0.7166	24	4	4	3	2	4.2131	2019	0.6667	1.4044
39	"adiwijaya, utama d.q."	1.0525	0.5421	92	0	0	3	0	0	2019	0	0
41	adjie f.	-0.0233	-0.1904	13	3	3	1	0	0	2019	0	0
42	adriansyah n.m.	0.453	-0.3955	11	12	19	7	4	8.4262	2019	0.5714	1.2037
45	adytia d.	0.278	-0.5832	53	5	8	8	7	14.7459	2019	0.875	1.8432
46	adzkia m.	-0.5172	-0.1767	17	4	4	1	0	0	2019	0	0
47	afakh m.l.	-0.211	0.3234	6	9	9	1	1	2.1066	2019	1	2.1066
48	afif z.a.	-0.5974	0.6282	7	4	4	1	0	0	2019	0	0
49	"agisni, soesanto r.p."	0.9026	0.1382	12	3	3	1	1	2.1066	2019	1	2.1066
51	agung a.a.g.	-0.288	1.0542	66	3	3	1	2	4.2131	2019	2	4.2131
52	agusta r.p.	0.5718	-0.0154	5	3	3	1	0	0	2019	0	0
55	ahmad a.s.	-0.688	0.4214	7	9	13	3	0	0	2019	0	0
57	ahmad u.a.	0.6683	0.9229	57	4	4	1	0	0	2019	0	0
58	ahmed i.	-0.6498	-0.005	20	5	5	1	1	2.1066	2019	1	2.1066
59	aisha a.n.	0.5077	-0.8618	52	5	9	3	2	4.2131	2019	0.6667	1.4044
61	aji g.m.	0.7543	0.1435	19	6	6	1	0	0	2019	0	0
62	aji m.p.	-0.616	-0.2413	30	8	8	1	0	0	2019	0	0
63	ajidarma p.	0.9849	0.3124	12	4	4	1	3	6.3197	2019	3	6.3197
64	ajiwiguna t.a.	0.2847	-1.0161	41	6	8	6	0	0	2019	0	0
67	akhyar i.m.	-0.1046	0.4042	6	9	9	1	0	0	2019	0	0
68	akmal kasah feisal kasah a.	-0.6658	0.8287	42	5	5	1	1	2.1066	2019	1	2.1066
70	akmaludin jadhira a.	0.6662	0.7329	47	5	5	1	0	0	2019	0	0
72	al-khowarizmi	0.1022	0.731	23	3	3	1	0	0	2019	0	0
74	aladalah m.	-0.7254	-0.864	65	3	3	1	0	0	2019	0	0
75	alahi kawsar l.	-1.1149	-0.2233	64	3	3	1	1	2.1066	2019	1	2.1066
76	alamanda d.t.	0.1172	-0.8944	28	7	14	4	1	2.1066	2019	0.25	0.5266
77	alamri s.	-0.7201	-0.8854	65	3	3	1	0	0	2019	0	0
78	alamsyah a.	-0.4191	0.1699	3	15	20	15	5	10.5328	2019	0.3333	0.7022
82	alfazah d.a.	-0.3629	0.6669	3	3	3	1	0	0	2019	0	0
84	alhadiid g.g.	0.8481	-0.1297	10	3	3	1	0	0	2019	0	0
87	ali e.	0.6189	-0.2404	5	4	6	4	0	0	2019	0	0
88	ali h.	-0.373	-0.9062	54	4	4	1	3	6.3197	2019	3	6.3197
89	ali m.b.	-0.7293	0.2357	46	5	5	1	7	14.7459	2019	7	14.7459
90	alief r.n.	0.3781	0.651	16	3	3	1	0	0	2019	0	0
94	"allwinnaldo, budiman g."	0.3863	0.6733	16	3	3	1	0	0	2019	0	0
95	almaarif a.	-0.1299	0.6891	23	9	10	3	1	2.1066	2019	0.3333	0.7022
96	almutawakkil a.h.	-0.1168	0.466	6	9	9	1	0	0	2019	0	0
97	amadea c.	0.1411	-0.9348	28	3	3	1	0	0	2019	0	0
98	amani h.	1.0429	-0.091	21	5	6	2	0	0	2019	0	0
99	ambarsari n.	0.8964	0.1598	12	3	3	1	1	2.1066	2019	1	2.1066
101	amrullah y.s.	0.8182	-0.3126	22	4	4	1	0	0	2019	0	0
105	andini n.	0.3789	-0.3795	11	8	14	4	4	8.4262	2019	1	2.1066
106	andrawina l.	0.9368	0.1517	12	8	10	6	1	2.1066	2019	0.1667	0.3511
107	andreswari r.	-0.0066	0.4214	72	3	9	10	4	8.4262	2019	0.4	0.8426
108	andriani m.	0.5275	-0.8258	52	3	3	1	0	0	2019	0	0
111	anggadwita g.	0.1036	-0.8569	28	12	19	8	3	6.3197	2019	0.375	0.79
112	anggana h.d.	-0.0479	0.8558	8	3	3	1	0	0	2019	0	0
113	anggono b.	-1.0689	-0.092	67	3	3	1	0	0	2019	0	0
114	anggraeni c.p.	0.03	-0.3939	18	2	4	2	2	4.2131	2019	1	2.1066
115	anggraeni m.e.	-0.1609	0.4449	6	13	17	2	0	0	2019	0	0
116	anggraini p.n.	0.1296	-1.1307	68	3	3	1	0	0	2019	0	0
122	ansori m.r.r.	0.3636	0.6701	16	3	3	1	0	0	2019	0	0
123	anugraha r.a.	-0.2305	-0.9603	69	3	5	2	1	2.1066	2019	0.5	1.0533
126	anwar k.	0.5501	-0.2417	10	16	17	13	2	4.2131	2019	0.1538	0.3241
127	anwar m.	-0.2333	0.4246	6	8	8	1	0	0	2019	0	0
128	anwar m.k.	-0.139	0.294	6	13	16	2	1	2.1066	2019	0.5	1.0533
129	anwar r.	0.8179	-0.3492	22	14	17	6	0	0	2019	0	0
130	apraz nyoman ramatryana i.n.	0.3134	0.631	16	3	3	1	1	2.1066	2019	1	2.1066
133	apriani a.	-0.2406	0.5514	6	3	3	1	3	6.3197	2019	3	6.3197
134	aprilia b.n.d.	-0.1897	-0.1667	36	4	4	1	3	6.3197	2019	3	6.3197
135	aprilia b.s.	0.3505	0.2194	14	7	10	3	0	0	2019	0	0
137	aprillia b.s.	0.3204	0.0997	14	4	6	2	0	0	2019	0	0
138	aprizal m.	0.704	-0.0603	10	3	3	1	1	2.1066	2019	1	2.1066
143	ardianto f.w.	0.6984	-0.1966	10	3	3	1	0	0	2019	0	0
144	ari samadhi t.m.a.	0.9675	0.2813	12	5	7	2	3	6.3197	2019	1.5	3.1598
145	arief suryadi s.	0.666	-0.5408	31	4	4	1	0	0	2019	0	0
147	arifianto a.	-0.5689	0.014	20	13	16	9	4	8.4262	2019	0.4444	0.9362
148	arifianto m.s.	0.6134	-0.3681	10	4	11	4	3	6.3197	2019	0.75	1.5799
150	arifin i.f.	-0.0783	0.4223	6	9	9	1	0	0	2019	0	0
151	arifin m.	-0.3487	-0.1894	17	3	3	1	0	0	2019	0	0
152	arifindra i.	0.011	-0.2719	13	4	4	1	0	0	2019	0	0
155	ariyanti m.	-0.4714	0.1923	3	2	2	2	0	0	2019	0	0
156	ariyanto e.	-0.4772	-0.5971	1	8	8	3	0	0	2019	0	0
157	armi n.	0.7058	-0.5297	31	11	12	3	0	0	2019	0	0
159	arseno d.	0.5594	-0.1729	5	7	10	6	0	0	2019	0	0
160	artha kusuma p.g.	-0.3771	0.6344	3	5	6	2	0	0	2019	0	0
164	aryani r.	0.0709	0.195	2	5	5	2	0	0	2019	0	0
165	aryanto e.	-0.3924	-0.6295	1	3	3	1	0	0	2019	0	0
166	arzaki m.	0.1822	-0.1549	50	5	13	8	3	6.3197	2019	0.375	0.79
167	ashman h.	-0.0321	-1.1067	63	3	3	1	3	6.3197	2019	3	6.3197
168	ashraf m.	-0.5319	0.2502	4	4	4	1	1	2.1066	2019	1	2.1066
169	asmara hadi m.r.	-0.9101	0.3691	25	9	9	1	0	0	2019	0	0
171	asror i.	-0.3381	-0.5458	1	8	11	10	3	6.3197	2019	0.3	0.632
172	asti amalia n.f.	-0.0803	0.5991	59	5	6	3	0	0	2019	0	0
173	astuti b.	-0.6503	-0.2245	30	10	12	2	0	0	2019	0	0
176	astuti r.p.	0.8224	-0.1108	10	5	6	3	0	0	2019	0	0
179	astutiputri v.f.	0.1412	-0.5266	18	9	9	1	3	6.3197	2019	3	6.3197
180	asyhari a.t.	0.9443	-0.6189	48	5	5	1	7	14.7459	2019	7	14.7459
181	asyikin a.z.	-0.3513	0.4122	32	4	4	1	1	2.1066	2019	1	2.1066
183	atmaja m.n.	-0.3883	-0.0193	17	4	4	1	0	0	2019	0	0
184	atmawardhana s.a.	0.22	-0.1554	50	3	3	1	0	0	2019	0	0
187	aulia s.	0.5099	0.3267	14	10	16	7	15	31.5984	2019	2.1429	4.5141
190	ayubi s.a.	-0.4132	-0.6212	1	3	3	1	0	0	2019	0	0
192	azad s.	0.943	-0.595	48	5	5	1	7	14.7459	2019	7	14.7459
194	azani hasibuan m.	0.0504	0.8597	8	4	5	2	1	2.1066	2019	0.5	1.0533
197	azis e.	0.4771	0.9522	58	4	4	1	0	0	2019	0	0
199	aziz m.f.a.	-0.6957	0.5755	7	3	3	1	1	2.1066	2019	1	2.1066
201	azizah a.h.	-0.1831	0.7719	8	11	15	5	0	0	2019	0	0
202	azka m.	0.4778	-0.6912	43	6	6	1	0	0	2019	0	0
203	azuddin m.	0.0048	0.5526	6	3	6	2	0	0	2019	0	0
204	azzam m.a.	0.2399	-0.0293	38	5	5	1	1	2.1066	2019	1	2.1066
206	ba dhafari t.	-0.1631	-0.4214	33	4	4	1	8	16.8525	2019	8	16.8525
209	bahari b.	-0.6542	-0.4769	29	5	5	1	0	0	2019	0	0
211	baizal z.k.a.	-0.0403	-0.5335	15	9	10	7	4	8.4262	2019	0.5714	1.2037
213	barmawi a.m.	-0.1821	-1.1246	78	2	2	3	0	0	2019	0	0
214	basthomi m.a.	-0.0851	0.455	6	9	9	1	0	0	2019	0	0
215	basuki a.	-0.0665	0.3002	6	7	7	1	0	0	2019	0	0
217	bejo a.	0.6359	0.297	9	3	3	1	0	0	2019	0	0
218	benyamin s.o.	-0.0904	-0.9292	55	4	4	1	0	0	2019	0	0
221	bethanigtyas h.	0.358	-1.0014	41	1	1	2	0	0	2019	0	0
222	bijaksana m.a.	-0.1962	-0.6145	15	16	29	23	4	8.4262	2019	0.1739	0.3664
223	bimastro k.z.	0.0917	0.2322	2	3	3	1	0	0	2019	0	0
224	bin abdollah m.f.	-0.3616	-1.0796	70	3	3	1	0	0	2019	0	0
232	budiman f.	0.8483	0.5186	34	10	10	2	0	0	2019	0	0
233	budiono a.	-0.1397	0.6392	23	5	5	1	0	0	2019	0	0
235	buliali j.l.	0.5784	-0.9797	79	2	4	2	3	6.3197	2019	1.5	3.1598
237	burhanuddin d.	0.5332	0.2885	14	3	3	1	2	4.2131	2019	2	4.2131
238	caecar pratiwi n.k.	0.4036	0.2373	14	6	7	2	0	0	2019	0	0
239	caesaron d.	0.8386	0.781	81	2	4	2	3	6.3197	2019	1.5	3.1598
241	cahyani n.d.w.	-0.0109	-1.1106	63	3	3	1	3	6.3197	2019	3	6.3197
242	cahyanurani a.	0.5155	0.3729	14	3	3	1	0	0	2019	0	0
245	caya t.v.	-0.0556	-0.9349	55	4	4	1	0	0	2019	0	0
247	chairunnisa c.	0.7266	0.1112	19	6	6	1	0	0	2019	0	0
248	chandra i.	-0.2158	0.0518	4	7	7	1	2	4.2131	2019	2	4.2131
250	chin j.	-0.894	0.2301	56	4	4	1	0	0	2019	0	0
252	choo k.-k.r.	-0.0283	-1.0862	63	3	3	1	3	6.3197	2019	3	6.3197
256	chumaidiyah e.	1.0079	-0.0283	21	1	2	3	7	14.7459	2019	2.3333	4.9153
259	dafiq d.h.	0.578	-0.0704	5	4	4	1	0	0	2019	0	0
260	damayanti d.d.	-0.4607	0.7359	3	4	4	2	0	0	2019	0	0
262	damayanti r.	0.1096	-0.6115	18	12	18	3	6	12.6393	2019	2	4.2131
263	damayanti t.n.	0.7946	0.3248	62	3	3	1	6	12.6393	2019	6	12.6393
265	darlis d.	0.8749	-0.126	10	4	4	2	0	0	2019	0	0
266	darmawan a.	-0.176	0.3111	6	9	9	1	1	2.1066	2019	1	2.1066
267	darmawan i.	-0.3869	0.4391	32	12	19	6	2	4.2131	2019	0.3333	0.7022
268	darmawan n.m.	-0.2075	-0.9617	69	3	5	2	1	2.1066	2019	0.5	1.0533
269	darojah z.	-0.2299	0.2944	6	9	9	1	1	2.1066	2019	1	2.1066
271	deardo e.	-0.8142	-0.4293	29	7	7	1	0	0	2019	0	0
272	defa r.p.	0.289	0.1048	14	3	3	1	0	0	2019	0	0
273	delimayanti m.k.	0.2875	-0.7267	39	8	29	4	1	2.1066	2019	0.25	0.5266
281	dewi l.m.	0.0779	-0.5385	18	9	9	1	3	6.3197	2019	3	6.3197
282	dewi n.p.k.	0.786	-0.2746	22	4	4	1	0	0	2019	0	0
284	dewi s.p.	0.1917	0.5587	2	2	4	2	1	2.1066	2019	0.5	1.0533
286	diandri m.	-0.9403	0.0072	26	4	4	1	0	0	2019	0	0
287	dillak r.g.	-0.2591	1.0479	66	3	3	1	2	4.2131	2019	2	4.2131
288	dinata m.m.m.	0.7443	-0.5942	31	5	5	1	0	0	2019	0	0
289	dirgantoro b.	0.2253	0.3233	2	2	3	2	2	4.2131	2019	1	2.1066
291	dwi saputro i.r.	0.6213	0.5504	9	5	5	1	3	6.3197	2019	3	6.3197
294	edwar	0.55	-0.0959	5	8	10	4	0	0	2019	0	0
295	edwar e.	0.4915	-0.1096	5	8	8	2	0	0	2019	0	0
296	"edwar, arribat rafsanzani f.f."	0.3613	-0.1401	5	4	4	1	1	2.1066	2019	1	2.1066
297	"edwar, kusmadi"	0.3723	0.0209	5	4	4	1	0	0	2019	0	0
299	"edwar, putra y.d."	-0.0704	-0.9195	55	4	4	1	0	0	2019	0	0
300	"edwar, rahmadani c.p."	0.4335	-0.1618	5	3	3	1	0	0	2019	0	0
302	efendy r.a.	-0.1638	0.6499	23	5	5	1	0	0	2019	0	0
303	effendi m.r.	0.6503	0.0369	19	2	4	2	1	2.1066	2019	0.5	1.0533
305	effendy v.	-1.0623	0.2227	49	5	8	4	0	0	2019	0	0
306	eka saputri m.	-0.2273	0.7163	8	4	4	1	0	0	2019	0	0
307	ekaputri c.	-0.2131	-0.1444	36	6	10	7	3	6.3197	2019	0.4286	0.9028
308	el hadi r.m.	1.013	-0.1078	21	4	4	1	0	0	2019	0	0
311	erfianto b.	-0.6165	-0.5784	1	2	2	3	0	0	2019	0	0
318	fahmi a.	0.4022	-0.4033	11	6	11	3	4	8.4262	2019	1.3333	2.8087
319	fahrudin t.	0.5853	-1.0009	79	2	4	3	3	6.3197	2019	1	2.1066
321	fajar pratiwi a.	0.7534	0.116	19	6	6	1	0	0	2019	0	0
322	fajrillah a.a.n.	-0.5118	0.6109	7	2	2	2	0	0	2019	0	0
324	fakhri m.	-0.8932	0.036	26	7	12	3	1	2.1066	2019	0.3333	0.7022
326	fakhrurroja h.	-0.3607	-0.1248	17	12	13	4	0	0	2019	0	0
327	fakhrusy q.z.	0.044	-0.3758	18	2	4	2	2	4.2131	2019	1	2.1066
331	faqih m.	0.5367	0.3651	14	3	3	1	0	0	2019	0	0
332	faraby s.a.	-0.2833	-0.708	24	6	6	3	2	4.2131	2019	0.6667	1.4044
334	farida i.	0.2327	0.8739	71	3	3	1	2	4.2131	2019	2	4.2131
335	faridh ronianto m.	-0.3993	-0.5286	1	3	3	1	0	0	2019	0	0
337	fathona i.w.	-1.058	-0.4158	90	1	2	2	6	12.6393	2019	3	6.3197
339	fatiah e.	-0.8754	0.3802	25	9	9	1	0	0	2019	0	0
340	fatichah c.	0.5625	-0.9955	79	2	4	2	3	6.3197	2019	1.5	3.1598
346	fauzi h.	0.181	-0.0046	38	9	11	3	1	2.1066	2019	0.3333	0.7022
347	fauzi i.f.	-0.207	0.4459	6	8	8	1	0	0	2019	0	0
348	fauzi n.a.a.	-0.6842	0.3647	7	5	5	1	0	0	2019	0	0
349	fauzi r.	0.0254	0.7791	8	9	16	7	8	16.8525	2019	1.1429	2.4075
352	fawwaz al maki w.	-1.1233	0.0683	60	4	4	1	0	0	2019	0	0
355	febriansyah r.	-0.9793	-0.2964	27	3	3	1	0	0	2019	0	0
356	febrianto r.	-0.2199	0.3936	6	8	8	1	0	0	2019	0	0
358	ferdiana r.	0.1292	1.0311	40	3	3	2	1	2.1066	2019	0.5	1.0533
363	firdaus m.r.	-0.6853	-0.4711	29	5	5	1	0	0	2019	0	0
366	firdaus y.	-0.767	-0.4374	29	7	7	1	0	0	2019	0	0
367	firmasyah t.	0.7968	0.0289	19	5	5	1	0	0	2019	0	0
373	fitrinisaaprayunanti d.	0.647	-0.2759	5	3	3	1	0	0	2019	0	0
374	fitriyanti n.	-0.6663	-0.4529	29	5	5	1	0	0	2019	0	0
375	fox f.	-0.1481	-0.4398	33	4	4	1	8	16.8525	2019	8	16.8525
377	fu'adah y.n.	0.3767	0.267	14	4	4	1	0	0	2019	0	0
379	fuadah y.n.	0.4292	0.2181	14	3	3	1	0	0	2019	0	0
380	fudzee m.f.m.	-0.3256	0.1393	4	4	6	2	2	4.2131	2019	1	2.1066
382	fukazawa y.	1.0782	-0.4015	80	2	4	2	1	2.1066	2019	0.5	1.0533
383	galih nugraha n.	0.6552	-0.568	31	4	4	1	0	0	2019	0	0
384	gandhi o.	0.2122	0.1456	14	3	3	1	0	0	2019	0	0
385	geisler s.	0.05	1.1108	40	5	7	2	0	0	2019	0	0
387	ghazali m.	-0.5546	0.2363	4	4	4	1	1	2.1066	2019	1	2.1066
388	ghina a.	0.1254	-0.7854	28	3	3	1	0	0	2019	0	0
389	gilang a.	-0.9243	0.0427	26	7	12	3	1	2.1066	2019	0.3333	0.7022
393	goto t.	0.8903	0.5564	34	7	7	1	0	0	2019	0	0
394	goto y.	0.6498	0.9344	57	4	4	1	0	0	2019	0	0
395	gulo c.a.	1.0819	-0.2016	21	3	3	1	0	0	2019	0	0
396	gultom s.p.	-0.4975	-0.2009	17	4	4	1	0	0	2019	0	0
397	gumilang s.f.	-0.0726	0.5704	59	3	3	1	0	0	2019	0	0
400	gunaranti n.	0.8382	-0.294	22	4	4	1	0	0	2019	0	0
401	gunawan p.h.	0.0827	-0.4016	18	22	26	17	8	16.8525	2019	0.4706	0.9913
402	gunawan r.	-0.3626	0.4789	32	4	10	4	1	2.1066	2019	0.25	0.5266
403	guramand s.k.	-0.6501	0.4754	7	8	10	2	0	0	2019	0	0
404	gustomo a.	0.1194	-0.808	28	3	3	1	0	0	2019	0	0
405	gustyana t.t.	0.4554	0.9574	58	4	4	1	0	0	2019	0	0
407	hadiwidjaja m.l.	0.1039	-0.513	18	9	9	1	3	6.3197	2019	3	6.3197
408	hadiyoso s.	0.5922	0.378	9	19	35	16	18	37.918	2019	1.125	2.3699
409	hafid h.	-0.9127	-0.0099	26	6	8	2	0	0	2019	0	0
411	hafifah d.k.	-0.2524	0.709	8	4	4	1	0	0	2019	0	0
412	hafizh m.	-0.0646	-0.9555	55	4	4	1	0	0	2019	0	0
414	halim a.	0.604	0.1955	37	3	6	2	1	2.1066	2019	0.5	1.0533
415	halim n.d.a.	-0.7085	0.2005	46	7	10	2	8	16.8525	2019	4	8.4262
416	hall g.	-0.1659	-0.342	33	7	9	2	4	8.4262	2019	2	4.2131
417	hambali a.	0.2615	-0.299	11	6	8	4	4	8.4262	2019	1	2.1066
418	hamid e.y.	0.6603	0.0928	19	3	3	1	1	2.1066	2019	1	2.1066
419	handayani d.	-0.0138	0.5733	6	3	6	2	0	0	2019	0	0
421	hanifan h.a.	0.3065	0.6081	16	3	3	1	1	2.1066	2019	1	2.1066
422	hanum s.l.	0.1556	-0.1388	50	2	4	2	1	2.1066	2019	0.5	1.0533
425	hapsari g.i.	-0.8442	-0.1656	27	5	8	4	5	10.5328	2019	1.25	2.6332
426	harfian a.r.	0.5395	-0.1402	5	5	6	2	0	0	2019	0	0
427	hariadi m.	0.0659	0.8006	8	3	3	1	1	2.1066	2019	1	2.1066
430	harsoyo a.	-0.5007	-0.4165	1	5	5	1	3	6.3197	2019	3	6.3197
431	hartanto r.	0.6853	0.4495	9	4	8	3	4	8.4262	2019	1.3333	2.8087
435	hasan m.d.m.	0.9551	-0.5726	48	5	5	1	7	14.7459	2019	7	14.7459
437	hasbialloh d.	-0.9068	-0.3148	27	3	6	2	3	6.3197	2019	1.5	3.1598
438	hasfie m.	0.0691	-0.8981	28	4	4	1	0	0	2019	0	0
439	hasibuan m.a.	0.0166	0.4259	72	4	10	9	3	6.3197	2019	0.3333	0.7022
440	hasmita s.	-0.0658	0.0731	4	3	3	1	0	0	2019	0	0
441	hassan r.	-0.5952	0.4209	7	23	35	7	2	4.2131	2019	0.2857	0.6019
442	hasyim s.b.	0.1621	-0.8952	28	4	4	1	0	0	2019	0	0
443	hayashi m.	-0.2488	0.0549	4	9	9	2	2	4.2131	2019	1	2.1066
445	hazmin sabri n.	0.8749	-0.4089	22	6	6	1	0	0	2019	0	0
446	hediyanto u.y.k.s.	0.0286	0.6391	23	4	5	3	0	0	2019	0	0
451	herdiani a.	-0.3362	-0.3794	35	10	10	3	2	4.2131	2019	0.6667	1.4044
452	herdiansyah p.	-0.8348	-0.1358	27	3	3	1	0	0	2019	0	0
453	herliana s.	0.1426	-0.8026	28	3	3	1	0	0	2019	0	0
457	hidayat b.	0.8551	-0.1069	10	3	3	1	0	0	2019	0	0
459	hidayat i.	0.5847	-0.3517	10	4	7	2	0	0	2019	0	0
460	hidayat m.	0.3567	0.825	73	3	3	1	0	0	2019	0	0
461	hidayat r.	0.6543	0.3312	9	4	9	6	6	12.6393	2019	1	2.1066
462	hidayati a.	0.4742	-0.5073	11	3	3	1	0	0	2019	0	0
464	hogg d.	-0.1405	-0.3473	33	7	9	2	4	8.4262	2019	2	4.2131
465	holy bagas pangestu b.	0.4178	-0.1787	5	3	3	1	0	0	2019	0	0
468	huda a.f.	-0.2027	-0.568	15	6	13	8	1	2.1066	2019	0.125	0.2633
471	husen j.h.	1.0549	-0.4045	80	2	4	2	1	2.1066	2019	0.5	1.0533
472	hussain k.	-0.3506	-0.9097	54	4	4	1	3	6.3197	2019	3	6.3197
473	hussin m.f.	-0.4257	0.8569	3	8	15	2	1	2.1066	2019	0.5	1.0533
475	ibrahim a.o.	-0.4749	0.4287	32	5	5	1	0	0	2019	0	0
476	ibrahim n.	0.5166	0.5744	9	5	5	2	1	2.1066	2019	0.5	1.0533
478	ibrahim y.	-0.3895	0.9107	3	8	15	2	1	2.1066	2019	0.5	1.0533
480	ichwan a.a.	0.3763	-0.1217	5	4	4	1	1	2.1066	2019	1	2.1066
482	ike wahyuning w.	-0.2166	0.8018	8	3	3	1	0	0	2019	0	0
483	ikhsan n.	-0.508	-0.9335	44	6	6	1	1	2.1066	2019	1	2.1066
484	imansyah t.	-0.0758	0.3313	6	7	7	1	0	0	2019	0	0
485	imran a.	1.116	0.1565	12	6	6	3	4	8.4262	2019	1.3333	2.8087
486	imrona m.	-0.7424	0.417	7	4	4	2	0	0	2019	0	0
491	inomata y.	-0.2101	0.0249	4	7	7	1	2	4.2131	2019	2	4.2131
492	insani a.	0.3453	0.3988	16	4	4	1	0	0	2019	0	0
494	iqbal m.	-0.2095	-0.9847	69	3	5	2	1	2.1066	2019	0.5	1.0533
496	irawan b.	0.1997	0.4701	2	11	25	15	5	10.5328	2019	0.3333	0.7022
500	isabella wibowo r.r.d.	0.3427	0.121	14	3	3	1	0	0	2019	0	0
502	iskandar r.f.	-0.728	-0.4631	29	12	12	2	0	0	2019	0	0
503	islami y.b.	-0.1489	0.8285	8	3	3	1	0	0	2019	0	0
504	ismail m.a.	-0.4864	0.3775	32	9	11	2	1	2.1066	2019	0.5	1.0533
506	ismail z.h.	0.1687	0.0277	38	3	3	1	0	0	2019	0	0
513	"istikmal, subekti a."	0.036	-0.2765	13	4	4	1	0	0	2019	0	0
514	istiqomah n.	0.0949	0.3746	2	3	6	3	1	2.1066	2019	0.3333	0.7022
516	isworowati d.a.	0.9256	0.2291	12	3	3	1	1	2.1066	2019	1	2.1066
518	jacob d.w.	-0.3003	0.1126	4	6	8	3	2	4.2131	2019	0.6667	1.4044
519	jadied e.m.	-0.3944	-0.6068	1	3	3	1	0	0	2019	0	0
520	jafar adrian q.	-0.091	0.7047	23	3	3	1	1	2.1066	2019	1	2.1066
523	jaqin c.	-0.8932	0.2085	56	4	4	1	0	0	2019	0	0
525	jati a.n.	0.0741	0.343	2	5	9	5	0	0	2019	0	0
526	jati g.	0.3494	0.3753	16	4	4	1	0	0	2019	0	0
527	jatmiko w.	0.3724	0.3767	16	4	4	1	0	0	2019	0	0
530	joelianto e.	0.6076	0.1681	37	3	6	2	1	2.1066	2019	0.5	1.0533
531	johnson o.	-0.1563	-0.3138	33	5	5	1	0	0	2019	0	0
532	johnson o.a.	-0.1585	-0.3927	33	7	8	2	12	25.2787	2019	6	12.6393
535	joseph matheus edward i.	0.4773	0.4655	9	3	6	2	0	0	2019	0	0
538	juliani w.	-0.4588	0.6881	3	3	4	3	0	0	2019	0	0
539	junaedi d.	-1.0522	0.2409	49	5	8	4	0	0	2019	0	0
540	juniati n.k.	-0.5378	-0.0242	20	3	3	1	1	2.1066	2019	1	2.1066
541	juraiza ishak a.	0.8509	-0.3986	22	6	6	1	0	0	2019	0	0
542	kaburuan e.r.	-0.5407	-0.0462	20	3	3	1	1	2.1066	2019	1	2.1066
544	kakikawa m.	0.3292	-0.7655	39	8	29	4	1	2.1066	2019	0.25	0.5266
546	kamil a.a.	-0.4402	0.8177	3	10	17	4	1	2.1066	2019	0.25	0.5266
548	kanagawa t.	-0.5339	-0.9243	44	6	6	1	1	2.1066	2019	1	2.1066
549	kania i.	0.1506	-0.8716	28	4	4	1	0	0	2019	0	0
550	karimah s.a.	-0.4951	-0.5738	1	5	5	3	2	4.2131	2019	0.6667	1.4044
552	karna n.	-0.2834	1.4417	86	1	1	3	0	0	2019	0	0
554	kasah a.a.k.f.	-0.6253	0.9104	42	5	5	1	0	0	2019	0	0
555	kasahara y.	0.632	0.9202	57	4	4	1	0	0	2019	0	0
556	kasim s.	-0.5609	0.3265	7	44	66	14	13	27.3852	2019	0.9286	1.9561
561	khadar n.z.a.	-0.4578	0.8684	3	8	15	2	1	2.1066	2019	0.5	1.0533
562	khairiansyah a.	-0.1014	0.7255	23	3	3	1	1	2.1066	2019	1	2.1066
563	khairuddin u.	0.2105	-0.0236	38	5	5	1	1	2.1066	2019	1	2.1066
564	khairurrijal k.	-0.8081	0.7024	51	5	5	1	1	2.1066	2019	1	2.1066
565	khalid s.k.a.	-0.6817	0.559	7	3	3	1	1	2.1066	2019	1	2.1066
567	khalipah a.n.	0.6686	0.7568	47	5	5	1	0	0	2019	0	0
568	khan s.n.	-0.628	-0.0443	20	5	5	1	1	2.1066	2019	1	2.1066
569	khanifah l.	-0.731	-0.2619	30	3	3	1	0	0	2019	0	0
572	kimura s.a.	0.3589	-0.105	5	4	4	1	1	2.1066	2019	1	2.1066
573	kirom m.	-0.0516	-0.5757	15	4	4	1	2	4.2131	2019	2	4.2131
574	kirom m.r.	0.2599	-1.0342	41	1	2	2	0	0	2019	0	0
575	kistijantoro a.i.	-0.4803	-0.4392	1	6	7	2	3	6.3197	2019	1.5	3.1598
577	komara i.r.	-0.8737	0.4959	25	6	6	1	0	0	2019	0	0
580	komura t.	0.2183	-0.0476	38	5	5	1	1	2.1066	2019	1	2.1066
581	"krisdianto, dewi l.m."	0.1521	-0.6238	18	6	6	1	2	4.2131	2019	2	4.2131
582	krisnanda m.	0.9674	-0.6	48	5	5	1	7	14.7459	2019	7	14.7459
583	kristanti f.t.	-0.3999	0.3671	3	4	4	3	2	4.2131	2019	0.6667	1.4044
585	kubo m.	0.3597	-0.7941	39	8	29	4	1	2.1066	2019	0.25	0.5266
586	kurnia m.m.	-0.9237	-0.3355	27	3	6	2	3	6.3197	2019	1.5	3.1598
587	kurniadhani b.	0.4615	0.3129	14	3	3	1	1	2.1066	2019	1	2.1066
588	kurniadi r.	-0.8804	0.4559	25	13	15	2	0	0	2019	0	0
591	kurniati a.	-0.1301	-0.4241	33	4	4	1	8	16.8525	2019	8	16.8525
592	kurniati a.p.	-0.1151	-0.3443	33	7	9	2	4	8.4262	2019	2	4.2131
593	kurniati n.i.	-0.3332	0.3937	32	4	4	1	1	2.1066	2019	1	2.1066
594	kurniawan a.	0.6014	-0.3956	10	4	11	4	3	6.3197	2019	0.75	1.5799
596	kurniawan b.	0.8972	0.5859	34	7	7	1	0	0	2019	0	0
597	kurniawan d.	0.7325	-0.4831	31	3	3	1	0	0	2019	0	0
598	kurniawan e.	0.2514	0.1737	14	6	9	3	1	2.1066	2019	0.3333	0.7022
599	kurniawan f.s.	0.2733	-0.4749	77	2	4	2	1	2.1066	2019	0.5	1.0533
601	kurniawan m.i.	1.0426	-0.21	21	5	11	4	0	0	2019	0	0
602	kurniawan m.t.	0.9095	0.213	12	3	3	1	1	2.1066	2019	1	2.1066
603	kurniawan n.b.	-0.8469	-0.7229	74	3	3	1	0	0	2019	0	0
606	kurniawati a.	0.9459	0.1941	12	12	19	7	2	4.2131	2019	0.2857	0.6019
607	kusmadi k.	0.7281	0.1543	19	6	6	1	0	0	2019	0	0
609	kusnadi a.k.	0.219	-0.1777	50	3	3	1	0	0	2019	0	0
611	kusudiharjo d.	-0.8444	0.5002	25	6	6	1	0	0	2019	0	0
612	kusuma f.t.	0.7746	0.3175	62	3	3	1	6	12.6393	2019	6	12.6393
613	kusuma p.d.	0.1681	0.3436	2	2	3	5	3	6.3197	2019	0.6	1.2639
614	kusumandari d.e.	-0.4907	-0.1545	17	9	10	2	0	0	2019	0	0
615	kusumasari t.f.	0.0082	0.4669	72	3	3	3	0	0	2019	0	0
618	kusumo d.s.	-0.3429	-0.4544	35	5	5	3	1	2.1066	2019	0.3333	0.7022
619	kyoso m.	0.2272	-0.0032	38	5	5	1	1	2.1066	2019	1	2.1066
621	laila d.s.	-0.5252	-0.4121	1	5	5	1	3	6.3197	2019	3	6.3197
623	laksono b.e.	0.1289	-0.4165	18	4	4	1	0	0	2019	0	0
624	lanang f.f.	0.6786	-0.1528	10	8	8	2	0	0	2019	0	0
625	lathifah s.n.	-0.0181	0.1213	4	3	3	1	2	4.2131	2019	2	4.2131
626	latief h.	-0.8126	0.7261	51	5	5	1	1	2.1066	2019	1	2.1066
627	latief m.h.	0.81	0.4989	34	3	3	1	0	0	2019	0	0
630	latuconsina r.	0.0216	0.2475	2	1	2	2	1	2.1066	2019	0.5	1.0533
631	latukolan m.i.c.	0.3927	0.0089	5	4	4	1	0	0	2019	0	0
632	lee d.	0.0133	0.0104	13	4	4	1	0	0	2019	0	0
633	lee d.h.	-0.0574	-0.0798	13	4	4	1	0	0	2019	0	0
634	lee k.	-0.2267	-0.0005	4	7	7	1	2	4.2131	2019	2	4.2131
637	lestari m.t.	0.3492	0.8054	73	3	3	1	0	0	2019	0	0
638	lestari r.d.	0.0034	-0.0134	13	4	4	1	0	0	2019	0	0
639	lhaksmana k.m.	-0.0524	-0.621	15	10	11	4	2	4.2131	2019	0.5	1.0533
643	lin c.j.	0.8601	0.7737	81	2	4	2	3	6.3197	2019	1.5	3.1598
644	listyobudi m.	-0.8624	0.5264	25	6	6	1	0	0	2019	0	0
647	lola m.s.	-0.3775	0.8784	3	8	15	2	1	2.1066	2019	0.5	1.0533
648	lubis a.r.	0.0508	0.7203	23	6	15	10	12	25.2787	2019	1.2	2.5279
650	lubis m.	-0.0478	0.7712	8	37	67	32	15	31.5984	2019	0.4688	0.9874
653	lukmana i.	-0.313	-0.3459	35	3	3	1	1	2.1066	2019	1	2.1066
658	magdalena r.	0.4229	0.2683	14	9	10	3	1	2.1066	2019	0.3333	0.7022
659	mahalil k.	-0.6582	0.8606	42	7	13	3	3	6.3197	2019	1	2.1066
662	mahdin h.	-0.369	0.2551	4	10	11	2	1	2.1066	2019	0.5	1.0533
663	mahendra o.	-0.3509	-0.0843	17	5	5	1	0	0	2019	0	0
664	mahmudah k.r.	0.2953	-0.7706	39	8	29	4	1	2.1066	2019	0.25	0.5266
665	maisarah n.	-0.8784	0.0701	26	4	4	1	1	2.1066	2019	1	2.1066
667	makky m.a.	-0.5663	-0.7641	1	3	3	1	0	0	2019	0	0
672	mandasari r.i.m.	0.6433	0.7416	47	5	5	1	0	0	2019	0	0
673	manggala f.h.	0.4333	-0.0664	5	5	8	2	0	0	2019	0	0
675	mardhotillah s.a.	-0.3267	-0.0902	17	5	5	1	0	0	2019	0	0
676	mardiana v.a.	0.7498	-0.5659	31	5	5	1	0	0	2019	0	0
677	mardiati r.	0.4963	0.1024	37	4	4	1	0	0	2019	0	0
679	marliani s.	-0.1303	0.154	4	4	4	1	1	2.1066	2019	1	2.1066
680	martha r.k.	-0.9381	0.4269	25	9	9	1	0	0	2019	0	0
682	martini s.	1.0408	-0.1743	21	9	15	5	0	0	2019	0	0
684	marwoto p.	-0.6825	-0.2681	30	12	15	3	0	0	2019	0	0
685	maryati n.d.	0.6345	0.5259	9	5	5	1	3	6.3197	2019	3	6.3197
686	maryono i.	0.4877	0.1264	37	4	4	1	0	0	2019	0	0
688	masrury r.a.	-0.4018	0.1317	3	3	4	4	3	6.3197	2019	0.75	1.5799
689	matsuda s.	0.6632	0.901	57	4	4	1	0	0	2019	0	0
691	mayditia h.	0.4546	-0.0382	5	5	8	2	0	0	2019	0	0
692	mcinerney c.	-0.1201	-0.3144	33	5	5	1	0	0	2019	0	0
693	md fudzee m.f.	-0.484	0.3334	4	9	12	2	1	2.1066	2019	0.5	1.0533
695	medina f.r.	0.4404	-0.1835	5	3	3	1	0	0	2019	0	0
696	meisaroh l.	-0.8161	-0.1503	27	3	3	1	0	0	2019	0	0
698	melati p.p.	0.2882	-0.2525	11	4	4	1	0	0	2019	0	0
701	meylani l.	0.5741	-0.3832	10	4	11	4	3	6.3197	2019	0.75	1.5799
702	mezhuyev v.	-0.4572	0.4062	32	5	5	1	0	0	2019	0	0
704	mihardjo l.w.w.	0.5059	0.8151	76	3	5	5	3	6.3197	2019	0.6	1.2639
705	milia n.f.	0.3683	-0.2789	11	3	3	1	0	0	2019	0	0
707	mitayani a.	0.6917	-0.5709	31	8	9	2	0	0	2019	0	0
710	mohamad m.s.	-0.5089	0.3988	32	9	11	2	1	2.1066	2019	0.5	1.0533
711	mohamad yusof i.	-0.4173	0.887	3	8	15	2	1	2.1066	2019	0.5	1.0533
712	mohamed elhawary h.	0.1353	-0.0278	38	3	3	1	0	0	2019	0	0
713	mohammad m.	0.6573	-0.7516	75	3	3	1	0	0	2019	0	0
715	mohd nawi n.	-0.6656	-0.0239	20	5	5	1	1	2.1066	2019	1	2.1066
717	mohd radzi z.	0.8886	-0.4311	22	6	6	1	0	0	2019	0	0
718	mohid z.	-0.6795	0.8799	42	7	13	3	3	6.3197	2019	1	2.1066
719	monang j.	0.4895	-0.8807	52	4	6	2	2	4.2131	2019	1	2.1066
721	mubarok h.	-0.3323	0.4952	32	4	4	1	0	0	2019	0	0
723	mubarok m.s.	-0.098	-0.7559	24	3	3	3	3	6.3197	2019	1	2.1066
724	mubarok z.	-0.029	-0.5918	15	4	4	1	2	4.2131	2019	2	4.2131
727	mufidah i.	-0.8597	0.2214	56	4	4	1	0	0	2019	0	0
728	muhajir m.	-0.1636	0.3611	6	24	33	4	1	2.1066	2019	0.25	0.5266
730	muhammad f.	0.9746	0.176	12	11	16	5	1	2.1066	2019	0.2	0.4213
731	muharman l.	-0.0885	0.5558	59	3	3	1	0	0	2019	0	0
733	mukhtar d.p.h.	0.8243	0.4808	34	3	3	1	0	0	2019	0	0
737	mulyana e.	0.5267	0.1149	37	7	8	3	0	0	2019	0	0
738	mulyana s.	0.3298	0.8129	73	3	3	1	0	0	2019	0	0
740	mulyani s.	0.2099	0.8558	71	3	3	1	2	4.2131	2019	2	4.2131
741	munadi r.	-0.0174	-0.1399	13	10	11	4	0	0	2019	0	0
742	munaiseche c.p.c.	0.9269	-0.5767	48	5	5	1	7	14.7459	2019	7	14.7459
743	munandar a.	-0.356	-0.0481	17	8	9	2	0	0	2019	0	0
744	munir a.	0.69	0.0603	19	21	27	8	3	6.3197	2019	0.375	0.79
745	munir b.s.	-0.2354	-0.2211	36	3	3	1	0	0	2019	0	0
746	munir m.m.	-0.8309	0.7434	51	5	5	1	1	2.1066	2019	1	2.1066
748	murata i.	-0.549	-0.9716	44	6	6	1	1	2.1066	2019	1	2.1066
751	murtadho f.	-0.4684	-0.5533	1	3	3	1	0	0	2019	0	0
753	murti m.a.	0.0992	0.1293	2	16	24	12	2	4.2131	2019	0.1667	0.3511
756	musa l.	0.0042	-0.6408	15	3	3	1	0	0	2019	0	0
757	mushtaq m.f.	-0.3407	-0.8906	54	4	4	1	3	6.3197	2019	3	6.3197
759	mustafa a.	-1.1031	-0.2418	64	3	3	1	1	2.1066	2019	1	2.1066
760	mustapha a.	-0.5726	0.6059	7	7	8	3	4	8.4262	2019	1.3333	2.8087
761	mustika n.p.	-0.8827	-0.0244	26	4	4	1	0	0	2019	0	0
763	mutiara g.a.	-0.8625	-0.1902	27	8	11	7	10	21.0656	2019	1.4286	3.0094
765	mydin m.a.o.	1.1379	0.1394	12	4	4	1	0	0	2019	0	0
768	nadirah ishak a.	0.8561	-0.4296	22	6	6	1	0	0	2019	0	0
769	nadiya u.	-0.3396	-0.1677	17	3	3	1	0	0	2019	0	0
770	nadzri a.	-0.6205	0.8636	42	7	10	2	1	2.1066	2019	0.5	1.0533
771	naf m.z.	-0.3087	-0.7516	24	4	4	1	0	0	2019	0	0
775	nandy hadiansyah p.n.	0.3401	1.0401	45	3	3	1	0	0	2019	0	0
776	nashiruddin m.i.	0.4809	-0.4743	11	5	7	5	0	0	2019	0	0
778	nasrun m.	0.1525	0.2167	2	5	10	6	1	2.1066	2019	0.1667	0.3511
780	nasution s.m.	0.2496	0.242	2	3	4	3	0	0	2019	0	0
781	nawi m.n.m.	1.1626	0.1603	12	4	4	1	0	0	2019	0	0
782	negara r.m.	0.2974	1.028	45	6	7	3	0	0	2019	0	0
783	nguyen n.g.	0.2814	-0.8082	39	8	29	4	1	2.1066	2019	0.25	0.5266
784	nhita f.	-0.0847	0.12	4	10	18	6	8	16.8525	2019	1.3333	2.8087
785	ningrum e.s.	-0.2073	0.2623	6	9	9	1	1	2.1066	2019	1	2.1066
787	novalita n.	-0.2906	-0.3426	35	3	3	1	1	2.1066	2019	1	2.1066
788	novamizanti l.	0.3899	0.5869	16	18	18	11	5	10.5328	2019	0.4545	0.9575
789	novia p.	0.4876	-0.6648	43	6	6	1	0	0	2019	0	0
795	nugraha f.a.	-0.4194	-0.5481	1	5	5	2	0	0	2019	0	0
798	nugrahaeni r.a.	0.2211	0.2338	2	3	4	4	0	0	2019	0	0
801	nugroho b.s.	0.7404	-0.0944	10	10	13	5	1	2.1066	2019	0.2	0.4213
804	nugroho h.a.	0.6774	0.4107	9	6	14	6	9	18.959	2019	1.5	3.1598
806	nugroho s.m.s.	0.081	0.7831	8	3	3	1	1	2.1066	2019	1	2.1066
808	nur l.o.	0.6644	-0.1118	10	10	14	6	1	2.1066	2019	0.1667	0.3511
811	nurbani c.a.	0.352	0.5616	16	3	3	1	0	0	2019	0	0
812	nurcahyono a.h.	-0.031	0.085	4	3	3	1	1	2.1066	2019	1	2.1066
814	nurfaidah y.	-0.1657	-0.1667	36	4	4	1	3	6.3197	2019	3	6.3197
816	nurhandoko b.e.b.	-0.91	0.4673	25	13	15	2	0	0	2019	0	0
817	nurhas i.	0.0689	1.094	40	5	9	3	0	0	2019	0	0
820	nurkahfi g.n.	0.7244	-0.57	31	5	5	1	0	0	2019	0	0
823	nursam n.m.	0.1429	-1.1037	68	3	3	1	0	0	2019	0	0
828	nyoman ramatryana i.n.a.	0.3411	0.541	16	3	3	1	0	0	2019	0	0
829	obata m.	-0.555	-0.9438	44	6	6	1	1	2.1066	2019	1	2.1066
830	oda t.	-0.5284	-0.952	44	6	6	1	1	2.1066	2019	1	2.1066
831	ojala a.	0.0306	1.0859	40	4	4	1	0	0	2019	0	0
833	oktafiarri f.	0.6417	0.0804	19	3	3	1	1	2.1066	2019	1	2.1066
835	oktaviani h.i.	-1.1036	0.0571	60	4	4	1	0	0	2019	0	0
837	omar b.	0.6361	-0.7511	75	3	3	1	0	0	2019	0	0
838	osmond a.b.	0.0405	0.1789	2	4	4	3	1	2.1066	2019	0.3333	0.7022
839	otani y.	-0.238	0.0233	4	7	7	1	2	4.2131	2019	2	4.2131
840	othman r.m.	-0.6901	0.4713	7	5	5	1	0	0	2019	0	0
841	ozaki m.	0.6407	0.9	57	4	4	1	0	0	2019	0	0
845	pamukti b.	0.3014	-0.3284	11	18	28	12	9	18.959	2019	0.75	1.5799
848	pangarso a.	-0.8013	0.0681	26	3	3	1	0	0	2019	0	0
849	pangestuti d.d.	-0.3856	-0.3397	35	3	3	1	0	0	2019	0	0
850	panjaitan g.r.	-0.005	-0.6621	15	3	3	1	0	0	2019	0	0
851	panjaitan j.n.c.g.	-0.3649	-0.0063	17	4	4	1	0	0	2019	0	0
852	paramita a.	-0.1354	0.1288	4	4	4	1	1	2.1066	2019	1	2.1066
854	pardede i.	-0.5021	-0.9607	44	6	6	1	1	2.1066	2019	1	2.1066
856	patmasari r.	0.5818	0.55	9	7	8	2	4	8.4262	2019	2	4.2131
858	patriana z.l.	0.7726	0.0168	19	5	5	1	0	0	2019	0	0
859	pawlowski j.	0.0937	1.1141	40	3	5	2	0	0	2019	0	0
860	pawlowski j.m.	0.0464	1.0662	40	4	4	1	0	0	2019	0	0
861	perdana d.	0.0379	-0.2236	13	12	14	7	2	4.2131	2019	0.2857	0.6019
868	permana j.b.	0.1475	-0.1812	50	2	4	2	1	2.1066	2019	0.5	1.0533
871	permana r.a.	-0.4089	0.6308	3	3	3	1	0	0	2019	0	0
872	permatasari a.	0.1143	-0.9212	28	7	14	4	1	2.1066	2019	0.25	0.5266
873	persada r.p.	0.524	0.2671	14	3	3	1	2	4.2131	2019	2	4.2131
874	persada s.f.	-0.8737	0.2382	56	4	4	1	0	0	2019	0	0
875	phon d.n.a.l.e.	-0.7099	0.2571	46	5	5	1	7	14.7459	2019	7	14.7459
876	phon d.n.e.	-0.6714	0.1856	46	5	5	1	1	2.1066	2019	1	2.1066
878	pozin m.a.a.	1.1591	0.1362	12	4	4	1	0	0	2019	0	0
879	prabowo s.	-0.4485	-0.5301	1	6	6	3	1	2.1066	2019	0.3333	0.7022
880	prabowo s.a.	-0.2937	-0.736	24	4	4	1	0	0	2019	0	0
881	prabowo v.s.w.	0.3652	-0.4149	11	4	4	1	0	0	2019	0	0
884	pradana m.	-0.8485	0.0384	26	13	22	7	2	4.2131	2019	0.2857	0.6019
887	pradani w.r.	1.011	-0.2114	21	3	3	1	0	0	2019	0	0
889	prakasa e.	0.067	-0.6188	18	15	21	4	6	12.6393	2019	1.5	3.1598
891	prameiswari wardana n.p.d.	0.3642	0.5411	16	3	3	1	0	0	2019	0	0
893	pramudita a.a.	0.6181	-0.2736	5	7	9	5	0	0	2019	0	0
895	prananditiya h.	0.3423	-0.1236	5	4	4	1	1	2.1066	2019	1	2.1066
898	prasasti a.l.	0.2122	0.5392	2	4	8	5	2	4.2131	2019	0.4	0.8426
899	prasetio a.p.	0.454	0.9789	58	4	4	1	0	0	2019	0	0
900	prasetio m.d.	0.4967	-0.6385	43	6	6	1	0	0	2019	0	0
902	prasetya y.e.y.	0.2929	1.0733	45	3	3	1	0	0	2019	0	0
903	prasetyo a.d.	0.6191	-0.0491	5	12	16	5	0	0	2019	0	0
904	prasetyo i.r.	0.4682	-0.861	52	3	3	1	0	0	2019	0	0
906	prasetyo s.j.	-0.1294	0.7947	8	3	3	1	0	0	2019	0	0
907	prasetyo y.a.	-0.8259	-0.7266	74	3	3	1	0	0	2019	0	0
910	pratama r.p.	-0.2874	-0.0832	17	7	7	2	0	0	2019	0	0
912	pratami d.	1.0893	-0.0271	21	3	3	2	1	2.1066	2019	0.5	1.0533
916	prayudani s.	0.0993	0.7079	23	3	3	1	0	0	2019	0	0
917	priambodo c.	-0.195	0.4129	6	8	8	1	0	0	2019	0	0
918	priambodo s.	0.2898	-0.2777	11	4	4	1	0	0	2019	0	0
919	priatna t.	0.4753	0.0969	37	4	4	1	0	0	2019	0	0
921	primantari m.a.s.	-0.4094	0.1078	3	3	3	1	1	2.1066	2019	1	2.1066
922	priramadhi r.a.	0.3119	0.1232	14	4	6	2	0	0	2019	0	0
925	profityo w.b.	0.0779	-0.9266	28	4	7	2	1	2.1066	2019	0.5	1.0533
926	pudjaprasetya s.r.	0.239	-0.547	53	3	6	5	3	6.3197	2019	0.6	1.2639
927	pudjoatmodjo b.	0.6513	0.7123	47	5	5	1	0	0	2019	0	0
931	purboyo t.w.	0.0525	0.2467	2	7	13	14	2	4.2131	2019	0.1429	0.3009
933	purnama b.	0.3224	-0.8144	39	8	29	4	1	2.1066	2019	0.25	0.5266
934	purnamasari r.	0.5081	0.472	9	6	9	3	0	0	2019	0	0
935	purnomo d.s.	-0.1719	0.2676	6	9	9	1	1	2.1066	2019	1	2.1066
936	purwanto y.	-1.0482	-0.0864	67	3	3	1	0	0	2019	0	0
937	purwiyanto p.	0.7117	0.1338	19	6	6	1	0	0	2019	0	0
938	puspandari d.	-0.2968	-0.3643	35	3	3	1	1	2.1066	2019	1	2.1066
939	puspita i.a.	1.0149	0.0515	21	3	4	3	0	0	2019	0	0
940	puspitasari s.y.	-0.3148	-0.4279	35	4	4	1	1	2.1066	2019	1	2.1066
941	puspitasari w.	-0.0485	0.6603	23	10	13	6	0	0	2019	0	0
942	putera k.d.b.	-0.7827	0.08	26	3	3	1	0	0	2019	0	0
943	putra a.	-0.8258	-0.0185	26	3	3	1	0	0	2019	0	0
946	putra i.k.a.c.	-0.3401	-0.4268	35	4	4	1	1	2.1066	2019	1	2.1066
947	putra m.r.d.	-0.3945	0.3282	3	3	3	1	0	0	2019	0	0
949	putra r.a.	0.1234	-1.1101	68	3	3	1	0	0	2019	0	0
950	putra r.f.	0.2659	-0.2642	11	4	4	1	0	0	2019	0	0
951	putra r.h.	0.7815	0.343	62	3	3	1	6	12.6393	2019	6	12.6393
953	putra r.r.	1.0344	-0.2472	21	3	3	1	0	0	2019	0	0
955	putra s.a.	-0.5074	-0.3895	1	5	5	1	3	6.3197	2019	3	6.3197
956	putra y.k.s.	0.1575	0.1864	2	3	3	1	0	0	2019	0	0
957	putrada a.g.	-0.6827	-0.6149	1	6	20	15	0	0	2019	0	0
960	putri s.a.	0.3779	-0.0116	5	4	4	1	0	0	2019	0	0
961	putri s.m.	1.0961	-0.0064	21	3	3	1	1	2.1066	2019	1	2.1066
962	putril s.f.	0.4745	0.9883	58	4	4	1	0	0	2019	0	0
967	rachmat h.	-0.6434	0.8841	42	7	13	4	3	6.3197	2019	0.75	1.5799
969	rafei n.s.i.m.	-0.5598	0.5054	7	5	5	1	1	2.1066	2019	1	2.1066
970	raffei a.f.m.	-0.5305	0.5022	7	5	5	1	1	2.1066	2019	1	2.1066
975	raharjo j.	0.4514	0.647	16	3	3	2	3	6.3197	2019	1.5	3.1598
977	rahayu m.	1.0614	-0.2286	21	5	11	4	0	0	2019	0	0
978	rahayu s.	-0.4007	0.4792	3	3	3	2	0	0	2019	0	0
980	rahim e.a.	-0.6617	0.9141	42	5	8	2	2	4.2131	2019	1	2.1066
981	rahma f.	-0.3773	-0.3612	35	3	3	1	0	0	2019	0	0
983	rahman m.d.a.	0.9194	-0.6035	48	5	5	1	7	14.7459	2019	7	14.7459
984	rahman m.h.a.	-0.692	0.2211	46	7	10	2	8	16.8525	2019	4	8.4262
986	rahman n.h.a.	-0.2961	0.1452	4	3	3	1	1	2.1066	2019	1	2.1066
987	rahmanto g.	1.074	-0.0091	21	3	3	1	1	2.1066	2019	1	2.1066
988	rahmatulloh a.	-0.3406	0.4533	32	7	14	5	2	4.2131	2019	0.4	0.8426
989	rahmawati a.	-0.5596	-0.0331	20	3	3	1	1	2.1066	2019	1	2.1066
990	rahmawati a.a.	-0.023	-0.5687	15	4	4	1	2	4.2131	2019	2	4.2131
991	rakhmatsyah a.	-0.5809	-0.5938	1	7	8	5	3	6.3197	2019	0.6	1.2639
992	rakhmawati d.	0.4888	0.972	58	4	4	1	0	0	2019	0	0
993	ramadan d.n.	0.7536	0.3353	62	5	5	3	6	12.6393	2019	2	4.2131
994	ramadhan a.	0.0041	0.6965	23	3	3	1	0	0	2019	0	0
995	ramadhan a.r.	0.3576	0.0013	5	4	4	1	0	0	2019	0	0
996	ramadhan b.r.	-0.5136	-0.5327	1	2	2	1	0	0	2019	0	0
997	ramadhan f.	1.0474	0.1608	12	5	9	3	4	8.4262	2019	1.3333	2.8087
998	ramadhan f.a.	-0.6416	-0.5101	29	7	7	2	0	0	2019	0	0
999	ramadhan l.m.	0.7905	-0.1019	10	2	2	1	0	0	2019	0	0
1000	ramadhan r.p.	0.4135	-0.0279	5	9	12	3	0	0	2019	0	0
1001	ramadhan t.i.	-0.1682	-0.5879	15	2	2	1	1	2.1066	2019	1	2.1066
1002	ramadhani d.p.	-0.3988	0.3033	3	3	4	2	0	0	2019	0	0
1003	ramadhani k.n.	-0.5894	0.0541	20	3	5	4	0	0	2019	0	0
1004	ramadhanti d.a.	0.2147	-0.2849	11	2	2	1	0	0	2019	0	0
1005	ramantoko g.	-0.9614	-0.5048	82	2	2	1	0	0	2019	0	0
1007	ramatryana i.n.a.	0.4349	0.6296	16	2	2	1	0	0	2019	0	0
1008	ramdani a.z.	0.6308	0.3755	9	3	3	1	0	0	2019	0	0
1009	ramdani r.	-0.2338	-0.5968	15	2	2	1	0	0	2019	0	0
1010	ramdhani f.r.	0.6917	0.7389	47	5	5	1	0	0	2019	0	0
1011	ramdhani m.	0.3127	0.1542	14	11	16	6	1	2.1066	2019	0.1667	0.3511
1012	ramdhania a.n.	0.0564	0.6229	23	3	3	2	0	0	2019	0	0
1013	ramdlan kirom m.	0.2734	-0.9846	41	2	3	2	0	0	2019	0	0
1014	ramlan r.	-0.6171	0.5003	7	5	5	1	0	0	2019	0	0
1015	ramlee m.n.a.	-0.3931	0.848	3	8	15	2	1	2.1066	2019	0.5	1.0533
1016	ramli a.a.	-0.3009	0.2212	4	5	5	1	1	2.1066	2019	1	2.1066
1017	ramli k.	0.5797	0.183	37	3	6	2	1	2.1066	2019	0.5	1.0533
1018	ramzani m.	-0.2718	1.4446	86	1	1	1	0	0	2019	0	0
1019	rangkuti i.a.	0.4985	-0.3384	10	4	4	1	0	0	2019	0	0
1020	rasyad r.m.	0.0843	0.0906	2	2	2	1	0	0	2019	0	0
1021	rasyid r.m.i.a.	-0.5169	-0.6978	1	2	2	1	0	0	2019	0	0
1022	ratna a.n.	0.8235	-0.76	61	4	5	3	1	2.1066	2019	0.3333	0.7022
1023	razali n.	-0.5936	0.6516	7	4	4	1	0	0	2019	0	0
1024	razik m.i.	0.4184	0.5715	16	1	1	1	0	0	2019	0	0
1025	renaldy s.	0.6982	-0.1758	10	3	3	1	0	0	2019	0	0
1026	rendra m.	-0.4644	1.0477	83	2	2	1	0	0	2019	0	0
1027	renggani r.	0.5819	0.4282	9	2	2	1	0	0	2019	0	0
1028	reni dyah w.	0.6134	-0.1741	10	2	2	1	0	0	2019	0	0
1029	resyanto f.	-0.1656	-0.7519	24	2	2	1	0	0	2019	0	0
1030	revelino siahaan m.	0.7728	-0.3644	22	2	2	1	0	0	2019	0	0
1031	reynaldo r.	1.0421	0.2851	12	2	2	1	0	0	2019	0	0
1032	reza m.	-0.2082	-0.1966	36	7	9	4	3	6.3197	2019	0.75	1.5799
1033	reza permana i.m.	-0.6936	-0.5757	1	2	2	1	0	0	2019	0	0
1034	rian m.f.	0.8226	-0.7883	61	2	2	1	0	0	2019	0	0
1035	riandy r.	0.8274	-0.7307	61	2	2	1	0	0	2019	0	0
1036	rianti a.	0.2545	-0.9905	41	2	2	1	0	0	2019	0	0
1037	rianto y.	0.1535	-0.5715	18	11	15	2	5	10.5328	2019	2.5	5.2664
1038	riazi s.r.m.	1.1415	0.1681	12	4	4	1	0	0	2019	0	0
1040	ridha muldina n.	0.0265	-0.2979	13	4	4	1	0	0	2019	0	0
1042	ridho lubis a.	-0.1451	0.72	23	2	2	1	0	0	2019	0	0
1043	ridwan a.y.	-0.4413	0.6119	3	8	10	9	0	0	2019	0	0
1044	ridwanuddin a.k.	0.5101	-0.3143	10	4	4	1	0	0	2019	0	0
1045	ridzky d.	-1.0456	0.2004	49	2	2	1	0	0	2019	0	0
1048	rikumahu b.	-0.4617	0.1466	3	3	5	4	1	2.1066	2019	0.25	0.5266
1049	risnumawan a.	-0.1329	0.3594	6	24	33	4	1	2.1066	2019	0.25	0.5266
1050	ristiawanto v.	0.1927	0.422	2	2	2	1	0	0	2019	0	0
1051	riyadi yanto i.t.	-0.4488	0.3015	4	6	6	1	0	0	2019	0	0
1052	riyansyah m.	-0.482	-0.4009	1	5	5	1	3	6.3197	2019	3	6.3197
1053	riza t.a.	0.7617	-0.284	22	4	4	1	0	0	2019	0	0
1054	rizal a.	0.5858	0.3208	9	12	29	15	18	37.918	2019	1.2	2.5279
1055	rizal komara i.	-0.8735	0.4119	25	9	9	1	0	0	2019	0	0
1056	rizal syahputra m.k.	-0.1253	0.9427	8	2	2	1	0	0	2019	0	0
1057	rizana a.f.	1.0104	0.1754	12	10	20	7	4	8.4262	2019	0.5714	1.2037
1058	rizgi a.k.	-0.1538	0.4119	6	13	17	2	0	0	2019	0	0
1059	rizka a.	-0.4367	-0.128	17	6	6	1	0	0	2019	0	0
1060	rizki a.p.	0.1006	0.0852	2	2	2	1	0	0	2019	0	0
1061	rizki y.	-0.8191	-0.4594	29	7	7	1	0	0	2019	0	0
1062	rizkina m.a.	0.3165	-0.5838	53	2	2	1	1	2.1066	2019	1	2.1066
1064	rizqyawan m.i.	-0.4008	-0.1092	17	11	11	2	0	0	2019	0	0
1065	robbi h.	-0.2771	1.036	66	3	3	1	2	4.2131	2019	2	4.2131
1066	rochmah w.y.	-0.3956	0.1934	3	1	1	1	0	0	2019	0	0
1068	rohdiana d.	-0.0425	-0.0975	13	4	4	1	0	0	2019	0	0
1069	rohidin d.	-0.6865	0.5253	7	8	8	2	1	2.1066	2019	0.5	1.0533
1070	rohmah y.s.	0.7681	-0.2453	22	5	5	2	0	0	2019	0	0
1072	rohmat saedudin r.d.	-0.6041	0.3537	7	4	4	1	0	0	2019	0	0
1073	rohmawati a.a.	0.0663	-0.436	18	1	1	2	1	2.1066	2019	0.5	1.0533
1074	rojas e.	-0.13	-0.395	33	7	8	2	12	25.2787	2019	6	12.6393
1075	rokhmat m.	-0.6461	-0.261	30	8	8	1	0	0	2019	0	0
1076	romadhony a.	-0.1943	-0.758	24	6	6	5	0	0	2019	0	0
1078	romiadi y.f.	-0.0463	-0.1464	13	1	1	1	0	0	2019	0	0
1079	rosmawati a.f.k.	-0.1529	-0.1028	36	1	1	1	0	0	2019	0	0
1080	rosyidi c.n.	-1.0785	0.4736	93	0	0	1	0	0	2019	0	0
1081	rui l.t.	-0.5698	0.6381	7	4	4	1	0	0	2019	0	0
1082	rukmana r.a.n.	0.4831	0.8064	76	2	3	3	1	2.1066	2019	0.3333	0.7022
1083	rumanti a.a.	1.01	0.2665	12	9	14	4	3	6.3197	2019	0.75	1.5799
1084	ruriawan m.f.	-1.0627	-0.1124	67	3	3	1	0	0	2019	0	0
1085	rusdinar a.	-0.0524	-0.0409	13	10	10	3	0	0	2019	0	0
1086	rusmawati y.	0.179	-0.1815	50	6	14	8	3	6.3197	2019	0.375	0.79
1087	sa'adah s.	-0.2134	-0.7844	24	2	2	2	0	0	2019	0	0
1088	sa'idah s.	0.3751	0.2427	14	4	4	1	0	0	2019	0	0
1089	sabariah m.k.	0.15	1.0227	40	2	2	1	1	2.1066	2019	1	2.1066
1090	sadewa r.p.	0.1465	0.458	2	2	2	1	0	0	2019	0	0
1091	sadikan s.f.n.	-0.3277	0.2175	4	5	5	1	1	2.1066	2019	1	2.1066
1092	saedudin r.	-0.356	-0.8752	54	4	4	1	3	6.3197	2019	3	6.3197
1093	saedudin r.d.r.	-0.5879	0.5553	7	14	17	5	5	10.5328	2019	1	2.1066
1094	saedudin r.r.	-0.5115	0.295	4	12	16	3	2	4.2131	2019	0.6667	1.4044
1095	saepudin d.	-0.0532	0.1185	4	9	16	5	5	10.5328	2019	1	2.1066
1096	safira l.	0.2424	0.445	2	3	4	2	2	4.2131	2019	1	2.1066
1097	safitri i.	-0.1351	1.1326	84	2	2	1	0	0	2019	0	0
1098	sagita b.h.	1.0378	-0.1209	21	4	4	1	0	0	2019	0	0
1099	sahib s.	-0.3434	-1.0917	70	3	3	1	0	0	2019	0	0
1100	saidah s.	0.4398	0.2369	14	3	3	1	0	0	2019	0	0
1101	saifullah a.	0.0029	-0.4829	15	2	2	1	0	0	2019	0	0
1102	sakti a.r.	0.7231	0.343	62	2	2	1	0	0	2019	0	0
1103	salam r.a.	-0.789	0.7242	51	5	5	1	1	2.1066	2019	1	2.1066
1104	salam s.	0.6807	0.7125	47	5	5	1	0	0	2019	0	0
1105	salamat m.a.	-0.3141	0.1754	4	8	11	3	3	6.3197	2019	1	2.1066
1106	salim b.w.	-0.6106	0.4711	7	5	5	1	0	0	2019	0	0
1107	salleh m.n.m.	-0.3763	-0.8844	54	4	4	1	3	6.3197	2019	3	6.3197
1108	"salma, gunawan p.h."	0.123	-0.6499	18	7	9	2	3	6.3197	2019	1.5	3.1598
1109	salsabila e.	0.3173	-1.0044	41	2	2	1	0	0	2019	0	0
1110	salsabila h.	-0.6112	0.097	20	1	1	1	0	0	2019	0	0
1111	salsabila j.n.	0.5139	-0.1532	5	3	3	1	0	0	2019	0	0
1112	sambas m.h.m.	0.4839	-0.315	10	4	4	1	0	0	2019	0	0
1113	samsuddin s.	-0.6118	0.3274	7	4	4	1	0	0	2019	0	0
1114	samsudin n.a.	-0.655	0.579	7	6	6	2	5	10.5328	2019	2.5	5.2664
1115	sanggarini h.	0.6255	0.4257	9	2	2	1	0	0	2019	0	0
1116	sani m.i.	-0.9317	-0.2888	27	6	11	5	7	14.7459	2019	1.4	2.9492
1117	sanjaya m.b.	-0.664	0.3861	7	5	5	1	0	0	2019	0	0
1118	sanjoyo d.d.	0.0009	-0.1916	13	3	4	2	1	2.1066	2019	0.5	1.0533
1119	santiko a.b.	0.846	-0.3186	22	4	4	1	0	0	2019	0	0
1120	santosa b.	-0.4505	0.5863	3	1	2	2	0	0	2019	0	0
1121	santosa p.i.	0.1377	1.0103	40	2	2	1	1	2.1066	2019	1	2.1066
1122	santoso e.s.	0.4914	-0.5205	11	3	3	1	0	0	2019	0	0
1123	sanubari a.r.	0.1481	0.3457	2	2	2	1	1	2.1066	2019	1	2.1066
1124	sanyoto a.n.	0.0121	-0.2301	13	1	1	1	1	2.1066	2019	1	2.1066
1125	saptari a.y.	0.1314	-0.3919	18	4	4	1	0	0	2019	0	0
1126	saputra c.	-0.8353	0.7157	51	5	5	1	1	2.1066	2019	1	2.1066
1127	saputra e.s.	-0.6648	-0.6539	1	2	2	1	0	0	2019	0	0
1129	saputra m.	-0.2603	0.6397	3	13	14	6	0	0	2019	0	0
1130	saputra m.a.	0.479	-0.4419	11	2	2	1	0	0	2019	0	0
1131	saputra m.a.a.	-0.4366	0.1226	3	5	6	2	1	2.1066	2019	0.5	1.0533
1132	saputra n.r.m.	0.1548	-0.3969	18	4	4	1	0	0	2019	0	0
1133	saputra r.e.	0.0596	0.3009	2	2	2	2	0	0	2019	0	0
1134	saputra s.	0.2784	1.0572	45	3	3	1	0	0	2019	0	0
1135	saputri d.m.	0.3756	-0.3127	11	6	8	4	0	0	2019	0	0
1136	saputri m.e.	-1.1198	0.3713	94	0	0	1	0	0	2019	0	0
1137	sardi i.l.	-0.3162	-0.4562	35	5	5	2	1	2.1066	2019	0.5	1.0533
1139	sari r.m.	-0.4667	0.7117	3	2	2	1	0	0	2019	0	0
1140	sari r.p.	-0.2068	-0.1084	36	2	2	1	0	0	2019	0	0
1141	sari w.p.	-0.2072	-0.5324	15	2	2	1	0	0	2019	0	0
1142	saringat z.	-0.6187	0.589	7	3	3	1	4	8.4262	2019	4	8.4262
1143	sarno r.	0.7046	-0.9015	85	2	4	3	15	31.5984	2019	5	10.5328
1144	sasia p.i.	0.1467	0.1432	2	2	2	1	0	0	2019	0	0
1145	"sasmoko, alamsjah f."	0.4946	0.7896	76	2	2	1	0	0	2019	0	0
1147	"sasmoko, rukmana r.a.n."	0.5227	0.8301	76	1	2	2	0	0	2019	0	0
1148	sastramihardja h.s.	-1.1449	-0.6607	87	1	1	1	0	0	2019	0	0
1149	satou k.	0.3633	-0.7466	39	8	29	4	1	2.1066	2019	0.25	0.5266
1150	satriady w.	-0.1036	-0.6079	15	2	2	1	0	0	2019	0	0
1151	satrio i.r.	-1.0254	0.2344	49	2	2	1	0	0	2019	0	0
1152	satriyanto e.	-0.1022	0.3143	6	7	7	1	0	0	2019	0	0
1153	satriyotomo b.	0.5787	-0.1124	5	6	7	2	0	0	2019	0	0
1155	satyawan a.s.	0.7105	-0.4759	31	3	3	1	0	0	2019	0	0
1156	seah c.s.	-0.5662	0.361	7	9	10	2	1	2.1066	2019	0.5	1.0533
1157	sekiya k.	0.5142	-0.6587	43	6	6	1	0	0	2019	0	0
1158	selviandro n.	-0.3634	-0.3414	35	3	3	1	0	0	2019	0	0
1159	sesari e.g.	0.2457	0.3294	2	2	2	1	0	0	2019	0	0
1160	setia nugroho b.	0.6486	-0.0074	19	3	3	1	0	0	2019	0	0
1161	setianingsih c.	0.1602	0.298	2	23	50	35	14	29.4918	2019	0.4	0.8426
1162	setiawan a.e.	0.5721	0.1059	37	3	3	1	0	0	2019	0	0
1163	setiawan e.b.	-0.0333	-0.5054	15	1	2	4	0	0	2019	0	0
1164	setiawan n.a.	0.7122	0.4359	9	3	3	1	2	4.2131	2019	2	4.2131
1165	setiawati c.i.	-1.1645	-0.5244	88	1	1	1	0	0	2019	0	0
1166	setiningsih c.	0.2486	0.4754	2	3	4	2	2	4.2131	2019	1	2.1066
1167	seto t.	-0.1882	0.0476	4	7	7	1	2	4.2131	2019	2	4.2131
1168	setyawan e.b.	-0.458	0.7663	3	2	2	4	0	0	2019	0	0
1169	setyoko y.a.	-0.4918	-0.6607	1	5	6	2	2	4.2131	2019	1	2.1066
1170	"setyorini, kuspriyanto, widyantoro d.h."	0.4804	-1.0583	95	0	0	2	0	0	2019	0	0
1171	setyosari p.	-1.1391	0.0522	60	4	4	1	0	0	2019	0	0
1172	shah z.a.	-0.6406	0.3569	7	8	9	2	0	0	2019	0	0
1173	shapiai m.i.	0.1747	-0.0259	38	9	11	3	1	2.1066	2019	0.3333	0.7022
1174	sharef n.m.	-0.2813	0.0802	4	2	2	1	0	0	2019	0	0
1175	shiddik l.r.	0.3284	0.6144	16	3	3	1	1	2.1066	2019	1	2.1066
1176	shimaguchi y.	0.2573	-0.7608	39	8	8	1	0	0	2019	0	0
1177	"shobih, retnaningsih l."	0.15	-1.1232	68	3	3	1	0	0	2019	0	0
1178	shu-chiang l.	-0.8714	0.2023	56	4	4	1	0	0	2019	0	0
1179	si m.n.s.	0.1477	0.266	2	1	1	1	4	8.4262	2019	4	8.4262
1180	siahaan i.a.	-1.042	-0.1062	67	3	3	1	0	0	2019	0	0
1181	sianturi r.l.s.	-0.0002	0.6438	23	2	2	1	0	0	2019	0	0
1182	sibaroni y.	-0.1471	-0.7237	24	7	7	6	7	14.7459	2019	1.1667	2.4577
1183	sigit z.	-0.7923	-0.4491	29	7	7	1	0	0	2019	0	0
1184	sihotang p.s.m.	0.0499	-0.1019	4	2	2	1	0	0	2019	0	0
1185	silalahi s.t.p.	-0.9679	-0.2772	27	3	3	1	0	0	2019	0	0
1186	silvianita a.	-1.1561	-0.5332	88	1	1	2	0	0	2019	0	0
1187	simanjuntak g.d.	-0.6032	0.0344	20	2	2	1	0	0	2019	0	0
1188	simbolon a.i.	-0.4609	-0.142	17	6	6	1	0	0	2019	0	0
1189	sinaga j.h.	-0.8953	-0.1972	27	1	1	1	0	0	2019	0	0
1190	siregar s.	-0.95	-0.3149	27	5	10	4	3	6.3197	2019	0.75	1.5799
1191	siswanto j.	0.5328	-0.8534	52	4	6	2	2	4.2131	2019	1	2.1066
1192	sitanggang r.s.	0.8953	-0.1333	10	1	1	1	0	0	2019	0	0
1193	sitorus p.m.	-0.9561	-0.4878	82	2	2	1	0	0	2019	0	0
1195	slamet t.i.	-1.1082	0.0353	60	4	4	1	0	0	2019	0	0
1196	slavia a.p.	-0.2186	0.6477	8	2	2	1	0	0	2019	0	0
1197	soegijono b.	0.9173	0.5638	34	7	7	1	0	0	2019	0	0
1198	soesanto r.p.	1.0129	0.1252	12	6	11	4	0	0	2019	0	0
1199	sofyan n.a.	0.5462	0.4598	9	3	3	1	0	0	2019	0	0
1200	solihati s.r.	0.6059	0.5203	9	5	5	1	3	6.3197	2019	3	6.3197
1201	solin m.m.	-0.4699	0.1216	3	3	3	1	0	0	2019	0	0
1202	sthevanie f.	-0.6023	0.0824	20	3	3	3	2	4.2131	2019	0.6667	1.4044
1203	subasita n.	0.3061	-0.6016	53	2	3	2	2	4.2131	2019	1	2.1066
1204	suchendra d.r.	-0.2706	1.0653	66	3	3	1	2	4.2131	2019	2	4.2131
1205	sudiharto d.w.	-0.4334	-0.5838	1	9	9	5	1	2.1066	2019	0.2	0.4213
1206	sudirman i.	0.4956	-0.8392	52	5	9	3	2	4.2131	2019	0.6667	1.4044
1207	sugandi g.	0.3876	-1.1318	96	0	0	1	0	0	2019	0	0
1208	sugesti e.s.	0.3488	-0.2907	11	3	3	1	0	0	2019	0	0
1210	"sugianto, aryanto d."	-0.6767	-0.1943	30	4	4	1	0	0	2019	0	0
1211	sugiarto a.t.	0.3676	0.4037	16	4	4	1	0	0	2019	0	0
1212	sugiarto b.	0.093	-0.5778	18	11	15	2	5	10.5328	2019	2.5	5.2664
1213	sugiyama j.	0.0943	-0.6672	18	3	3	1	1	2.1066	2019	1	2.1066
1214	sugiyanto k.	0.1128	-0.5453	18	9	9	1	3	6.3197	2019	3	6.3197
1215	sugondo h.	0.5092	0.2846	14	3	3	1	2	4.2131	2019	2	4.2131
1216	suhandi k.m.	-0.8765	-0.1555	27	2	2	1	0	0	2019	0	0
1217	"suhardi, bandung y."	-0.8303	-0.7482	74	3	3	1	0	0	2019	0	0
1218	suhardijanto t.	-0.2288	-0.6467	15	1	1	1	0	0	2019	0	0
1219	suhari k.t.	0.1525	-0.4213	18	4	4	1	0	0	2019	0	0
1220	suhendi a.	0.339	-1.0039	41	3	3	2	0	0	2019	0	0
1221	suhendra m.a.	-0.4625	-0.1136	17	6	6	1	0	0	2019	0	0
1222	sujatmoko k.	0.1885	-0.295	11	5	7	5	4	8.4262	2019	0.8	1.6852
1223	sujiansyah d.a.	0.5811	-0.2767	5	2	2	1	0	0	2019	0	0
1224	sukarno p.	-0.5503	-0.7008	1	9	10	8	9	18.959	2019	1.125	2.3699
1225	sukma dilaga d.f.	0.1005	-0.2504	13	2	2	1	0	0	2019	0	0
1226	sukmadilaga c.	0.2307	0.8535	71	3	3	1	2	4.2131	2019	2	4.2131
1227	suksmono a.b.	0.4623	0.4878	9	3	6	2	0	0	2019	0	0
1228	sulhadi	-0.5956	-0.2678	30	8	8	1	0	0	2019	0	0
1229	"sulhadi, sugianto, astuti b."	-0.7215	-0.284	30	3	3	1	0	0	2019	0	0
1230	"sulhadi, usriyah f."	-0.7003	-0.2047	30	4	4	1	0	0	2019	0	0
1231	sulistian g.	-0.723	-0.608	1	2	4	2	0	0	2019	0	0
1232	sulistijono i.a.	-0.0935	0.2804	6	7	7	1	0	0	2019	0	0
1233	sulistyo b.	0.6373	-0.7306	75	3	3	1	0	0	2019	0	0
1235	sumantri a.f.	0.552	0.5682	9	3	3	1	1	2.1066	2019	1	2.1066
1236	sumaryo s.	0.5787	0.1468	37	6	10	5	1	2.1066	2019	0.2	0.4213
1237	sumaryono s.	0.658	0.294	9	3	3	1	0	0	2019	0	0
1238	sumpono i.	-0.6162	-0.3008	30	8	8	1	0	0	2019	0	0
1239	sunaryo i.	0.9521	0.3036	12	5	7	2	3	6.3197	2019	1.5	3.1598
1240	supadiyanto a.	0.3541	-0.3451	11	3	3	1	0	0	2019	0	0
1241	supriyatna t.b.	0.2701	0.2433	2	1	1	1	0	0	2019	0	0
1242	suputra m.	-0.0963	0.8874	8	2	2	1	0	0	2019	0	0
1243	suratman f.y.	-0.9606	-0.625	89	1	2	2	0	0	2019	0	0
1245	surya m.n.	0.8058	-0.7766	61	2	3	2	1	2.1066	2019	0.5	1.0533
1246	suryadhini p.p.	-0.4766	1.0611	83	2	2	1	0	0	2019	0	0
1247	suryana a.	0.3371	0.8331	73	3	3	1	0	0	2019	0	0
1248	suryana n.	-0.8599	-0.2229	27	1	1	1	1	2.1066	2019	1	2.1066
1249	suryanegara m.	0.4993	-0.5007	11	3	3	1	0	0	2019	0	0
1250	suryani a.a.	-0.1748	-0.6468	15	1	3	3	1	2.1066	2019	0.3333	0.7022
1253	susanti f.	-1.0679	0.2631	49	2	2	1	0	0	2019	0	0
1254	susanto a.	0.4597	-0.6699	43	6	6	1	0	0	2019	0	0
1255	susanto e.	0.7964	0.4742	34	4	4	2	0	0	2019	0	0
1256	susanty a.i.	0.0592	-0.8167	28	2	2	1	0	0	2019	0	0
1257	susilowati s.	-0.9382	0.3941	25	9	9	1	0	0	2019	0	0
1258	"susilowati, martha r.k."	-0.8933	0.5166	25	6	6	1	0	0	2019	0	0
1259	sussi	-0.004	-0.2964	13	5	5	2	0	0	2019	0	0
1260	"sussi, fitriyanti n."	0.3766	-0.8993	97	0	0	1	0	0	2019	0	0
1262	sutedi a.	-0.2051	-0.7224	24	2	2	1	0	0	2019	0	0
1263	suteja e.a.	0.5981	-0.0872	5	4	4	1	0	0	2019	0	0
1264	sutoyo e.	-0.1645	0.4964	6	46	59	12	5	10.5328	2019	0.4167	0.8777
1265	suwandi	0.2941	-1.044	41	1	1	1	0	0	2019	0	0
1268	"suwandi, sutisna, othaman z."	-0.6223	-0.2735	30	8	8	1	0	0	2019	0	0
1269	suwardi i.s.	-1.1507	-0.65	87	1	1	1	0	0	2019	0	0
1270	suwastika n.a.	-0.5217	-0.609	1	9	9	4	9	18.959	2019	2.25	4.7398
1271	suya m.n.	0.8442	-0.7398	61	2	2	1	0	0	2019	0	0
1272	suyanto	-0.5397	0.0333	20	1	1	2	1	2.1066	2019	0.5	1.0533
1273	suyanto s.	-0.4406	0.0538	20	3	4	20	14	29.4918	2019	0.7	1.4746
1274	suzan l.	0.2122	0.8763	71	3	3	1	2	4.2131	2019	2	4.2131
1275	syachrul r.m.m.a.k.	-0.2384	-0.5587	15	2	2	1	0	0	2019	0	0
1276	syafiera t.	-0.0422	0.877	8	3	3	1	0	0	2019	0	0
1277	syafiraliany l.	-0.0784	0.8165	8	2	2	1	0	0	2019	0	0
1279	syahrial f.h.	0.1853	0.5201	2	2	2	1	1	2.1066	2019	1	2.1066
1280	syahriszani r.	-0.3556	0.5099	32	4	4	1	0	0	2019	0	0
1281	syam s.s.	0.1556	0.4139	2	2	2	1	0	0	2019	0	0
1282	syambas n.r.	0.2802	-0.4188	77	2	3	3	1	2.1066	2019	0.3333	0.7022
1283	syamranata t.	-0.1139	0.8829	8	2	2	1	0	0	2019	0	0
1284	syarifuddin s.	-0.8726	0.0113	26	10	19	5	1	2.1066	2019	0.2	0.4213
1285	syihabuddin b.	0.6921	0.0242	19	21	32	11	2	4.2131	2019	0.1818	0.383
1286	syukur a.m.	-0.7058	-0.6498	1	2	2	1	0	0	2019	0	0
1287	takami a.	-0.1986	-0.0026	4	7	7	1	2	4.2131	2019	2	4.2131
1288	tama v.o.	-0.1217	-0.7075	24	2	2	1	2	4.2131	2019	2	4.2131
1289	tamara m.n.	-0.1978	0.2911	6	9	9	1	1	2.1066	2019	1	2.1066
1290	tanaka h.	0.8859	0.5276	34	7	7	1	0	0	2019	0	0
1291	tanaka r.	0.4698	-0.6441	43	6	6	1	0	0	2019	0	0
1292	taqyudin m.i.	0.2223	0.3941	2	2	2	1	0	0	2019	0	0
1293	tarigan h.	-0.8268	-0.1936	27	2	2	1	4	8.4262	2019	4	8.4262
1294	tarwidi d.	0.2648	-0.5543	53	2	2	2	3	6.3197	2019	1.5	3.1598
1295	tasmara f.	-0.7864	-0.4172	29	7	7	1	0	0	2019	0	0
1296	tawaqal g.	-0.0146	0.0075	13	4	4	1	0	0	2019	0	0
1297	teguh kurniawan m.	0.0583	0.6417	23	2	2	1	0	0	2019	0	0
1298	telnoni p.a.	-1.0222	0.5871	98	0	0	1	0	0	2019	0	0
1299	thea nisaa'andi s.	-0.076	0.6288	59	2	2	1	0	0	2019	0	0
1300	tobing m.r.r.	-0.3081	0.6478	3	2	2	1	0	0	2019	0	0
1301	triadi m.b.	0.0226	-0.1532	13	3	3	1	0	0	2019	0	0
1302	triartono z.	-0.0223	-0.3087	13	1	1	2	0	0	2019	0	0
1303	trihanondo d.	-0.9545	0.6681	99	0	0	2	0	0	2019	0	0
1304	trilaksono b.r.	-0.5081	-0.4452	1	6	7	2	3	6.3197	2019	1.5	3.1598
1305	tripiawan w.	1.0399	-0.0376	21	10	13	7	7	14.7459	2019	1	2.1066
1306	trisetyarso a.	-0.2135	-0.2341	36	3	3	1	0	0	2019	0	0
1307	trisnawan i.k.n.	0.0656	0.3751	2	3	6	2	0	0	2019	0	0
1308	tritoasmoro i.i.	-0.1335	1.1136	84	2	2	1	0	0	2019	0	0
1309	triyoso k.	-0.9044	0.3989	25	9	9	1	0	0	2019	0	0
1310	tulloh r.	0.314	1.0527	45	5	6	2	0	0	2019	0	0
1311	turmudzi m.	-0.5997	-0.6196	1	2	2	1	1	2.1066	2019	1	2.1066
1312	turnip a.	-0.4712	-0.178	17	9	10	2	0	0	2019	0	0
1313	turnip m.	-0.5222	-0.2002	17	4	4	1	0	0	2019	0	0
1314	ullah a.	-0.6283	-0.019	20	5	5	1	1	2.1066	2019	1	2.1066
1315	ulumudin g.i.	-0.0853	-0.7688	24	1	1	1	1	2.1066	2019	1	2.1066
1316	ulya a.h.	-1.0891	0.2295	49	2	2	1	0	0	2019	0	0
1317	ulya n.	-0.6486	-0.2958	30	8	8	1	0	0	2019	0	0
1318	umar hediyanto y.k.s.	0.9668	0.1309	12	3	3	1	0	0	2019	0	0
1319	umar m.a.	-0.5558	0.2632	4	4	4	1	1	2.1066	2019	1	2.1066
1320	umar r.	0.9026	-0.4023	22	6	6	1	0	0	2019	0	0
1321	usman k.	0.4592	0.1204	37	5	5	3	1	2.1066	2019	0.3333	0.7022
1322	usman u.k.	0.1208	-0.2622	13	3	3	3	0	0	2019	0	0
1323	utama d.q.	-0.4471	0.0373	20	1	1	1	0	0	2019	0	0
1324	utama n.i.	-0.6746	0.2414	46	7	10	2	8	16.8525	2019	4	8.4262
1325	utami d.p.	-0.9164	0.0766	26	4	4	1	0	0	2019	0	0
1327	varelo j.	-1.1299	0.0325	60	4	4	1	0	0	2019	0	0
1328	verdiansyah o.	-0.2299	0.5301	6	3	3	1	3	6.3197	2019	3	6.3197
1329	viady a.s.	-0.4581	1.0656	83	2	2	1	0	0	2019	0	0
1330	vidyaningtyas h.	0.4659	-0.0662	5	5	5	1	0	0	2019	0	0
1331	vinsensius sigit w.p.	0.4131	-0.3642	11	4	4	1	0	0	2019	0	0
1332	vira c.	-0.6781	-0.495	29	5	5	1	0	0	2019	0	0
1333	virgono a.	0.2829	1.0052	45	1	1	1	0	0	2019	0	0
1334	virra k.	0.0034	0.3921	72	2	2	1	0	0	2019	0	0
1335	vonia e.	-0.7719	-0.4691	29	7	7	1	0	0	2019	0	0
1336	wael c.	0.6414	-0.5472	31	4	4	1	0	0	2019	0	0
1337	wael c.b.a.	0.7179	-0.5979	31	5	5	1	0	0	2019	0	0
1339	wahida f.w.	0.7783	0.6647	100	0	0	1	0	0	2019	0	0
1340	wahidah i.	-0.9714	-0.616	89	1	2	2	0	0	2019	0	0
1341	wahvu y.	0.6471	-0.2539	5	3	3	1	0	0	2019	0	0
1342	wahyu y.	0.7692	-0.3263	22	10	14	7	0	0	2019	0	0
1343	wahyuddin s.	-0.812	-0.0009	26	3	3	1	0	0	2019	0	0
1344	wahyudi b.a.	-0.1659	-1.1315	78	2	2	2	0	0	2019	0	0
1345	wangsa d.w.	0.7193	-0.0058	19	1	1	1	0	0	2019	0	0
1346	wardana a.a.	-0.5861	-0.6361	1	3	4	3	1	2.1066	2019	0.3333	0.7022
1347	wardani a.e.	-0.0985	0.5753	59	3	3	1	0	0	2019	0	0
1348	wardhani i.r.	-0.2035	0.8569	8	2	2	1	0	0	2019	0	0
1349	wardono p.	-0.4353	-0.1585	17	6	6	1	0	0	2019	0	0
1350	wardoyo r.	0.1271	-0.5811	18	11	15	2	5	10.5328	2019	2.5	5.2664
1351	warrdana a.a.	-0.5715	-0.7429	1	3	3	1	0	0	2019	0	0
1352	warsahemas t.	-0.8036	0.7487	51	5	5	1	1	2.1066	2019	1	2.1066
1353	washizaki h.	1.069	-0.423	80	2	4	2	1	2.1066	2019	0.5	1.0533
1354	wasisto i.	0.0806	0.3972	2	3	6	2	0	0	2019	0	0
1355	watanabe i.	0.9135	0.5346	34	7	7	1	0	0	2019	0	0
1356	wenzao l.	0.0398	-0.1668	13	3	3	1	0	0	2019	0	0
1357	wibawa i.p.d.	-0.176	-0.1201	36	8	10	5	3	6.3197	2019	0.6	1.2639
1358	wibisono g.	0.5186	-0.2468	10	1	1	1	0	0	2019	0	0
1359	wibowo e.	-0.6855	-0.2411	30	12	15	3	0	0	2019	0	0
1360	wibowo m.s.	-0.1977	-0.7927	24	2	2	1	0	0	2019	0	0
1361	wibowo s.a.	0.3942	0.3972	16	7	7	3	1	2.1066	2019	0.3333	0.7022
1362	wibowo t.a.	0.2962	-0.4739	77	2	4	2	1	2.1066	2019	0.5	1.0533
1363	wicaksono b.a.	0.4836	0.5815	9	2	2	1	0	0	2019	0	0
1364	widhi prabowo v.s.	0.414	-0.4322	11	3	3	1	4	8.4262	2019	4	8.4262
1365	widhiono s.a.	0.1107	0.1756	2	2	2	1	0	0	2019	0	0
1366	widiawan a.k.	-0.0862	-0.9512	55	4	4	1	0	0	2019	0	0
1367	widjajarto a.	-0.0998	0.9498	8	3	4	2	0	0	2019	0	0
1368	widodo a.	-0.8032	0.0911	26	3	3	1	0	0	2019	0	0
1369	widowati s.	-0.8464	0.4443	25	14	16	3	0	0	2019	0	0
1370	widyanesti s.	-0.9428	-0.5014	82	2	2	1	0	0	2019	0	0
1371	widyatama p.z.	0.7088	-0.1076	10	2	2	1	0	0	2019	0	0
1372	wijanto h.	0.4592	-0.1073	5	20	25	7	1	2.1066	2019	0.1429	0.3009
1373	wijaya a.t.	1.0622	-0.0737	21	2	2	1	0	0	2019	0	0
1374	wijaya d.r.	0.7121	-0.8827	85	2	4	3	15	31.5984	2019	5	10.5328
1375	wijaya r.s.	-0.1165	0.4335	6	9	9	1	0	0	2019	0	0
1376	wijaya y.s.	-0.3497	-1.063	70	3	3	1	0	0	2019	0	0
1377	wijayanto a.	0.205	-0.3248	11	2	2	1	1	2.1066	2019	1	2.1066
1378	wijayanto i.	0.616	0.4685	9	17	33	15	12	25.2787	2019	0.8	1.6852
1380	wijayanto y.n.	0.7274	-0.4545	31	4	4	2	0	0	2019	0	0
1381	wijiutomo c.w.	-0.4776	-0.5118	1	5	5	2	0	0	2019	0	0
1385	winarsih s.	0.8681	0.5803	34	7	7	1	0	0	2019	0	0
1386	winduratna b.	0.6847	0.4786	9	3	3	1	2	4.2131	2019	2	4.2131
1387	wintaka d.c.	-0.299	-0.5684	1	2	2	1	1	2.1066	2019	1	2.1066
1388	wirabudi a.a.	-0.0285	-0.077	13	4	4	1	0	0	2019	0	0
1389	wirachantika w.	-0.1668	-1.1138	78	2	2	1	0	0	2019	0	0
1390	wiraditya m.y.	-0.2347	-0.9855	69	3	3	1	1	2.1066	2019	1	2.1066
1391	wiratmadja i.i.	0.995	0.2384	12	12	24	7	3	6.3197	2019	0.4286	0.9028
1392	wisesty u.n.	-0.2327	0.1555	4	11	12	4	6	12.6393	2019	1.5	3.1598
1393	wismiana e.	0.787	0.0547	19	5	5	1	0	0	2019	0	0
1394	witarsyah d.	-0.2295	0.6805	8	6	6	3	0	0	2019	0	0
1395	witarsyah j.d.	-0.3235	0.418	32	4	4	1	1	2.1066	2019	1	2.1066
1396	witjaksono r.w.	-0.0991	0.8459	8	9	13	5	0	0	2019	0	0
1397	witjaksono w.	-0.2083	0.8302	8	4	5	2	0	0	2019	0	0
1398	wiyono	0.0529	0.8892	8	3	3	1	1	2.1066	2019	1	2.1066
1399	woldegiorgis b.h.	0.8428	0.7586	81	2	4	2	3	6.3197	2019	1.5	3.1598
1400	wulandari c.d.r.	0.3914	0.4586	16	2	2	1	1	2.1066	2019	1	2.1066
1401	wulandari s.	0.2283	0.7253	101	0	0	1	0	0	2019	0	0
1402	yabuki a.	-1.0628	-0.429	90	1	2	2	6	12.6393	2019	3	6.3197
1403	yahaya n.	-0.6525	0.2081	46	5	5	1	1	2.1066	2019	1	2.1066
1404	yahya m.s.	0.658	-0.7304	75	3	3	1	0	0	2019	0	0
1405	yamada k.	0.5063	-0.6855	43	6	6	1	0	0	2019	0	0
1406	yamada y.	0.3274	-0.7204	39	8	29	4	1	2.1066	2019	0.25	0.5266
1407	yani m.	0.2504	0.4994	2	2	2	1	1	2.1066	2019	1	2.1066
1408	yanto i.t.r.	-0.2168	0.5503	6	3	3	1	3	6.3197	2019	3	6.3197
1409	yanuar ridwan a.	-0.3375	0.6517	3	5	5	2	0	0	2019	0	0
1410	yasirandi r.	-0.525	-0.6488	1	8	10	4	2	4.2131	2019	0.5	1.0533
1411	yatari putri n.a.	0.2605	-0.3352	11	2	2	1	4	8.4262	2019	4	8.4262
1412	yeu y.h.	0.1487	0.0155	38	3	3	1	0	0	2019	0	0
1414	yoshikawa d.	-0.522	-0.9796	44	6	6	1	1	2.1066	2019	1	2.1066
1415	yoshino a.	-0.1815	0.0203	4	7	7	1	2	4.2131	2019	2	4.2131
1416	yovita l.v.	0.2819	-0.4477	77	3	6	4	1	2.1066	2019	0.25	0.5266
1417	yudiana w.a.	-0.4569	0.2023	3	2	2	1	0	0	2019	0	0
1418	yudokusumo l.	-0.2423	-0.1437	36	1	1	1	0	0	2019	0	0
1419	yuliani s.y.	-0.3322	-1.0741	70	3	3	1	0	0	2019	0	0
1420	yulianti f.	-0.3901	0.6563	3	5	6	2	0	0	2019	0	0
1421	yulianto a.	-0.5523	-0.6635	1	2	2	1	7	14.7459	2019	7	14.7459
1422	yulianto a.d.	-0.548	-0.7502	1	3	3	1	0	0	2019	0	0
1424	yuliawati l.	0.2641	-0.6077	53	1	1	1	2	4.2131	2019	2	4.2131
1425	yunan u.	-0.0767	0.9552	8	2	2	1	0	0	2019	0	0
1426	yuningsih y.	0.053	-0.8329	28	2	2	1	0	0	2019	0	0
1427	yunita t.	0.6729	-0.1913	10	4	4	2	0	0	2019	0	0
1428	yunus m.	0.7614	0.0433	19	5	5	1	0	0	2019	0	0
1429	yustianto p.	-0.85	-0.7445	74	3	3	1	0	0	2019	0	0
1430	yusuf a.m.	0.5186	-0.0731	5	2	2	1	0	0	2019	0	0
1431	yusup f.a.	-0.1685	-0.5485	15	2	2	1	0	0	2019	0	0
1432	yusza reditya m.	-0.0683	-0.5207	15	1	1	1	0	0	2019	0	0
1433	yuwono k.a.	-0.1186	1.1252	84	2	2	1	0	0	2019	0	0
1435	zafran a.	-0.0925	-0.6426	15	2	2	1	0	0	2019	0	0
1437	zahra r.t.	0.3306	1.0204	45	3	3	1	0	0	2019	0	0
1438	zainuddin s.	-0.1796	0.1455	4	2	2	1	3	6.3197	2019	3	6.3197
1439	zakaria z.	-0.5487	0.4773	7	5	5	1	1	2.1066	2019	1	2.1066
1440	zakia i.	0.4877	0.4967	9	3	6	2	0	0	2019	0	0
1441	zakirah d.	-0.6997	-0.8805	65	3	3	1	0	0	2019	0	0
1443	zamzami i.f.	0.0061	0.8086	8	2	2	1	0	0	2019	0	0
1444	zamzuri h.	0.1475	-0.0478	38	3	3	1	0	0	2019	0	0
1446	zein h.	0.4648	0.6601	16	1	1	1	3	6.3197	2019	3	6.3197
1447	zohro'iyah h.	0.2302	0.2553	2	2	2	1	0	0	2019	0	0
1448	zucker k.	-0.1373	-0.2956	33	5	5	1	0	0	2019	0	0
1449	zulaika e.	0.6893	-0.8846	85	2	2	1	9	18.959	2019	9	18.959
1450	zulaikha mohd afandi n.	0.8805	-0.382	22	6	6	1	0	0	2019	0	0
