id	label	x	y	cluster	weight<Links>	weight<Total link strength>	weight<Documents>	weight<Citations>	weight<Norm. citations>	score<Avg. pub. year>	score<Avg. citations>	score<Avg. norm. citations>
2	abadi i.	0.2144	-0.2774	24	3	4	8	7	10.3109	2019	0.875	1.2889
4	abate a.	-0.1747	-0.495	22	12	13	2	1	1.473	2019	0.5	0.7365
5	abd aziz m.h.	0.7061	-0.2366	32	11	11	1	4	5.8919	2019	4	5.8919
6	abdel-rahman i.	-0.3649	-1.0181	15	9	9	1	12	17.6758	2019	12	17.6758
9	abdillah a.i.	0.5168	-0.3855	24	3	4	2	2	2.946	2019	1	1.473
10	abdul f.	0.6852	-0.0993	11	3	9	5	3	4.419	2019	0.6	0.8838
12	abdullah d.	-1.1684	-0.1626	33	11	11	1	0	0	2019	0	0
14	abdullah m.m.a.b.	0.587	0.3719	29	10	10	1	2	2.946	2019	2	2.946
16	abdullah s.r.s.	-0.2424	0.412	31	6	10	2	18	26.5137	2019	9	13.2569
21	abiyoga d.r.a.	-0.2288	1.0175	1	10	10	1	0	0	2019	0	0
24	achmad daeng g.s.	-0.6253	-0.567	17	23	23	1	1	1.473	2019	1	1.473
25	achmad daengs g.s.	-0.9123	-0.1073	12	10	13	2	18	26.5137	2019	9	13.2569
30	adelia w.p.	0.7968	-0.3981	9	8	8	1	0	0	2019	0	0
32	adhitya r.y.	-0.1602	0.7067	1	20	22	2	0	0	2019	0	0
35	adi santoso a.	-1.0632	0.0948	19	24	24	1	0	0	2019	0	0
39	adiati r.f.	0.6225	-0.3592	9	7	7	2	0	0	2019	0	0
41	adinda e.w.	-0.5789	0.7658	34	10	10	1	0	0	2019	0	0
45	aditya e.w.	-0.358	0.8508	1	10	10	1	0	0	2019	0	0
47	aditya p.	0.1425	0.2153	9	4	8	4	0	0	2019	0	0
51	aditya y.	0.4279	-0.234	9	8	8	1	1	1.473	2019	1	1.473
54	adni navastara d.	-0.3508	0.1061	5	9	9	1	1	1.473	2019	1	1.473
56	adzkiya d.	-0.0841	-0.3463	22	21	28	15	8	11.7839	2019	0.5333	0.7856
59	affandi a.	0.4215	0.4718	36	4	6	4	0	0	2019	0	0
70	agus muhamad h.	0.7393	-0.4231	9	9	12	4	0	0	2019	0	0
73	agustiadi t.	-0.4523	-0.5834	35	9	9	1	2	2.946	2019	2	2.946
78	agustina f.	-0.4383	-0.2711	10	3	4	3	5	7.3649	2019	1.6667	2.455
82	ahmad h.	0.9551	-0.2501	18	4	4	2	2	2.946	2019	1	1.473
84	ahmad t.	-0.5401	0.1379	5	3	7	19	28	41.2436	2019	1.4737	2.1707
86	ahsan m.	0.5625	0.6339	13	6	17	5	2	2.946	2019	0.4	0.5892
89	airlangga b.	-0.2124	-0.8118	3	4	6	2	3	4.419	2019	1.5	2.2095
91	aisjah a.s.	0.6167	-0.5283	24	9	13	7	1	1.473	2019	0.1429	0.2104
93	ajeng ayu f.c.	0.8156	-0.4452	9	8	8	1	0	0	2019	0	0
103	akhlus s.	-0.3716	-0.568	35	10	10	2	2	2.946	2019	1	1.473
111	al farraj d.a.	0.2672	-0.0593	25	10	18	3	26	38.2976	2019	8.6667	12.7659
113	al firdaus m.j.	-0.2242	0.7689	1	11	11	1	0	0	2019	0	0
116	al khulaifi m.m.	0.2921	-0.076	25	10	18	3	26	38.2976	2019	8.6667	12.7659
118	al mahbubi n.r.	-0.1011	0.6367	1	11	11	1	0	0	2019	0	0
126	al-muttaqii m.	0.2402	-0.7184	7	3	9	3	2	2.946	2019	0.6667	0.982
130	alami n.h.	-0.265	-0.3935	10	9	13	4	0	0	2019	0	0
146	ali s.	0.1261	0.7779	28	12	12	1	0	0	2019	0	0
155	almehdi a.m.	-0.3511	-0.9928	15	9	9	1	12	17.6758	2019	12	17.6758
158	altway a.	-0.0478	-0.7455	3	28	60	19	16	23.5678	2019	0.8421	1.2404
172	amir m.f.	0.2932	0.3236	30	7	14	2	8	11.7839	2019	4	5.8919
176	anam f.	-1.2462	-0.1369	33	11	11	1	0	0	2019	0	0
178	anam s.	-0.5216	0.5511	20	7	20	5	0	0	2019	0	0
181	andarani p.	-0.9799	0.6289	39	7	7	1	1	1.473	2019	1	1.473
193	angel j.	1.1149	0.3179	4	11	11	1	0	0	2019	0	0
198	anggono j.	0.7975	-0.0441	11	1	1	2	8	11.7839	2019	4	5.8919
199	anggoro d.	0.9059	-0.2136	18	15	16	3	2	2.946	2019	0.6667	0.982
200	anggoro r.	-0.4847	0.135	5	6	7	5	7	10.3109	2019	1.4	2.0622
203	anggraeni w.	-0.7065	0.3853	14	5	7	4	1	1.473	2019	0.25	0.3682
219	anshory i.	0.4485	0.5678	36	2	3	3	3	4.419	2019	1	1.473
220	ansori a.	-0.187	-1.0632	15	6	9	2	1	1.473	2019	0.5	0.7365
229	anuar mohamed m.k.	-0.0145	-0.3074	22	3	6	2	10	14.7298	2019	5	7.3649
232	anwar n.	-0.8188	-0.8546	55	0	0	4	4	5.8919	2019	1	1.473
236	aouniti a.	-0.4042	-0.9722	15	9	9	1	12	17.6758	2019	12	17.6758
238	aparamarta h.w.	0.1472	-0.7604	7	7	15	6	3	4.419	2019	0.5	0.7365
240	apriliani e.	0.1748	0.1751	9	6	10	6	0	0	2019	0	0
246	ardhyananta h.	0.7017	0.1114	11	8	14	8	0	0	2019	0	0
248	ardian kurniawan m.	-0.7696	-0.5657	17	23	23	1	1	1.473	2019	1	1.473
249	ardiani i.s.	0.9313	0.2096	18	4	4	2	0	0	2019	0	0
260	ardyono p.	-0.48	1.1278	43	4	10	3	0	0	2019	0	0
263	ari i.m.p.	0.1428	0.8036	28	12	12	1	0	0	2019	0	0
268	ariatama f.p.	-0.1068	0.7968	1	12	12	1	0	0	2019	0	0
272	arif d.k.	0.1148	0.1961	9	5	9	5	0	0	2019	0	0
276	arifiani s.	-0.4824	0.204	5	8	12	3	2	2.946	2019	0.6667	0.982
278	arifianto d.	0.6769	-0.5609	24	3	5	4	1	1.473	2019	0.25	0.3682
279	arifin a.	0.1534	0.9836	28	2	3	3	0	0	2019	0	0
280	arifin a.z.	-0.2921	-0.0471	21	9	26	12	9	13.2569	2019	0.75	1.1047
283	arifin m.	0.2015	0.8058	28	12	12	1	0	0	2019	0	0
284	arifin m.i.	-0.129	0.5899	1	11	11	1	0	0	2019	0	0
285	arifin r.	1.1256	0.0892	18	3	8	3	5	7.3649	2019	1.6667	2.455
288	arifin z.	0.9455	0.1388	18	2	4	2	0	0	2019	0	0
290	arini h.m.	0.0465	0.687	27	6	11	2	0	0	2019	0	0
294	aristio a.p.	-0.2683	0.071	5	3	3	3	0	0	2019	0	0
295	ariwiyono n.	-0.1055	0.3574	16	8	8	1	2	2.946	2019	2	2.946
297	ariyanti n.	-0.2302	-0.1743	6	5	10	3	0	0	2019	0	0
299	arjulanaya	-1.0732	0.1982	19	24	24	1	0	0	2019	0	0
303	arohman a.w.	0.399	0.0679	26	2	3	3	0	0	2019	0	0
309	aruan i.	0.1316	-0.9829	7	8	8	1	0	0	2019	0	0
312	arvitrida n.i.	-0.6352	-0.1702	8	3	4	5	1	1.473	2019	0.2	0.2946
314	aryani n.k.	-0.5256	0.7351	34	10	21	7	0	0	2019	0	0
316	asfani d.a.	-0.2717	0.275	42	8	25	9	3	4.419	2019	0.3333	0.491
317	asfar m.	-1.0566	0.1571	19	24	24	1	0	0	2019	0	0
318	asfihani t.	-0.0958	-0.381	22	1	2	4	0	0	2019	0	0
319	ashari m.	-0.4932	0.5738	20	8	25	13	4	5.8919	2019	0.3077	0.4532
323	asih r.	1.0851	0.3596	4	18	19	2	1	1.473	2019	0.5	0.7365
325	aslya d.	0.2442	-0.8802	7	6	6	1	0	0	2019	0	0
330	asrori m.z.	0.7363	0.4651	4	6	10	2	7	10.3109	2019	3.5	5.1554
331	asshakina s.q.	0.1578	0.8315	28	12	12	1	0	0	2019	0	0
332	assomadi a.f.	-0.5284	-0.0607	10	5	9	2	1	1.473	2019	0.5	0.7365
333	astuti e.r.	-0.2834	-0.1133	21	6	15	5	7	10.3109	2019	1.4	2.0622
336	astuti s.d.	0.7685	0.8839	45	3	6	2	8	11.7839	2019	4	5.8919
341	atmaja l.	0.4341	0.0133	26	4	5	5	0	0	2019	0	0
344	attamimi m.	0.156	0.8683	28	13	14	4	1	1.473	2019	0.25	0.3682
346	aulia b.u.	-0.5588	0.3961	14	2	4	4	0	0	2019	0	0
358	azizah z.	1.1039	-0.5196	44	4	8	2	0	0	2019	0	0
361	azzahran s.f.	0.598	0.3995	29	10	10	1	2	2.946	2019	2	2.946
362	azzarkhiyah k.	-0.2843	0.7536	1	11	11	1	0	0	2019	0	0
365	bagastyo a.y.	-0.398	-0.2994	10	3	5	7	12	17.6758	2019	1.7143	2.5251
370	bahruji h.	0.2749	-0.3026	2	8	13	4	2	2.946	2019	0.5	0.7365
373	baihaqi i.	-0.8975	-0.477	8	10	11	4	3	4.419	2019	0.75	1.1047
375	bakar r.a.	1.5305	1.0273	54	1	1	3	2	2.946	2019	0.6667	0.982
380	baqiya m.a.	0.9682	0.3892	4	19	31	6	1	1.473	2019	0.1667	0.2455
390	basthomi f.r.	-0.2104	0.7077	1	11	11	1	0	0	2019	0	0
391	bastomi r.	-0.0694	0.804	1	12	12	1	0	0	2019	0	0
395	batan i.m.l.	-0.4004	-1.2808	51	1	1	4	0	0	2019	0	0
398	bayuaji r.	0.3898	0.1868	29	8	14	5	1	1.473	2019	0.2	0.2946
399	bayuji r.	0.6187	0.3312	29	10	10	1	2	2.946	2019	2	2.946
401	becchi a.	-0.2007	-0.5531	22	12	12	1	1	1.473	2019	1	1.473
403	bendaif h.	-0.3595	-0.9659	15	9	9	1	12	17.6758	2019	12	17.6758
407	bethiana t.n.	0.487	-0.3968	24	6	7	2	2	2.946	2019	1	1.473
409	bhawika g.w.	-1.0491	-0.1275	12	31	38	5	34	50.0815	2019	6.8	10.0163
410	bhuana d.s.	-0.1902	-1.0154	15	8	16	5	2	2.946	2019	0.4	0.5892
412	bijaksana s.	0.3256	0.3394	30	7	16	3	9	13.2569	2019	3	4.419
414	bin bon a.t.	-0.1545	-0.0221	16	7	7	1	0	0	2019	0	0
418	bioresita f.	0.0804	0.0813	30	3	4	3	4	5.8919	2019	1.3333	1.964
419	biyanto t.r.	0.5005	-0.4287	24	16	27	18	3	4.419	2019	0.1667	0.2455
421	bobanto m.d.	0.0768	-0.9967	7	8	8	1	0	0	2019	0	0
424	boedisantoso r.	-0.5435	-0.0398	10	5	9	2	1	1.473	2019	0.5	0.7365
428	bramastyo o.p.	0.1559	0.77	28	12	12	1	0	0	2019	0	0
430	bu l.	-0.2381	-0.5601	22	12	12	1	1	1.473	2019	1	1.473
431	buana b.m.	-0.2482	0.8843	1	13	13	1	0	0	2019	0	0
434	budiantara i.n.	0.2915	0.4668	13	3	11	7	9	13.2569	2019	1.2857	1.8938
435	budianto a.	-0.2565	0.84	1	21	24	2	0	0	2019	0	0
442	budiman a.	0.2698	-0.5682	7	8	8	1	0	0	2019	0	0
443	budiman f.	-0.0019	0.5062	20	2	3	4	0	0	2019	0	0
449	buliali j.l.	-0.232	0.0934	5	5	8	8	4	5.8919	2019	0.5	0.7365
459	cahyadi a.	-0.7818	0.7035	48	3	5	2	0	0	2019	0	0
460	cahyadi m.n.	0.2955	0.0141	9	3	3	5	2	2.946	2019	0.4	0.5892
468	cahyono y.	1.0067	0.1779	18	6	11	5	0	0	2019	0	0
470	cao d.	0.5716	-0.0261	25	7	7	1	3	4.419	2019	3	4.419
473	cathrin s.	-1.2177	-0.1912	33	11	11	1	0	0	2019	0	0
477	"chairuddin, fajar budi hartanto c."	-0.9554	0.0947	19	24	24	1	0	0	2019	0	0
478	chamidah d.	-0.6589	-0.5602	17	23	23	1	1	1.473	2019	1	1.473
481	chandra t.g.	0.3418	-0.2111	9	11	13	4	1	1.473	2019	0.25	0.3682
487	chetouani a.	-0.5516	-0.9607	15	8	8	1	1	1.473	2019	1	1.473
492	chikmawati z.	-0.9143	-0.2568	12	9	9	1	3	4.419	2019	3	4.419
494	chimayati r.l.	-0.3682	0.4667	31	4	9	3	6	8.8379	2019	2	2.946
495	chin j.	-0.7981	-0.3988	8	2	3	2	0	0	2019	0	0
506	cimatti a.	-0.1913	-0.525	22	12	12	1	1	1.473	2019	1	1.473
507	ciptaningayu t.n.	-0.5371	-0.0124	10	5	6	2	1	1.473	2019	0.5	0.7365
509	ciptaningtyas h.t.	-0.4647	0.161	5	6	7	3	3	4.419	2019	1	1.473
510	ciptomulyono u.	-0.5742	-0.1643	8	2	4	6	9	13.2569	2019	1.5	2.2095
512	cordova h.	0.436	-0.425	24	6	9	5	0	0	2019	0	0
519	dahani w.	0.2644	-0.148	2	4	5	2	0	0	2019	0	0
520	dai t.	0.577	-0.0003	25	7	7	1	3	4.419	2019	3	4.419
524	daman a.a.a.	0.0995	1.2096	49	2	12	6	0	0	2019	0	0
533	darmawan a.k.	-0.5833	0.3153	14	4	4	2	0	0	2019	0	0
534	darmawan m.s.	0.4502	0.2261	29	5	8	3	0	0	2019	0	0
535	darmawan r.	0.0229	-0.5436	21	6	10	4	1	1.473	2019	0.25	0.3682
537	darminto	0.9934	0.1204	18	31	55	22	8	11.7839	2019	0.3636	0.5356
538	darminto d.	0.9016	0.4023	4	20	22	4	3	4.419	2019	0.75	1.1047
540	darmokoesoemo h.	-0.5108	-0.9187	15	8	8	1	1	1.473	2019	1	1.473
545	darwito p.a.	0.6961	-0.5688	24	1	1	3	0	0	2019	0	0
547	dawam a.	0.2736	-0.3378	2	7	7	1	1	1.473	2019	1	1.473
555	della s.p.	-0.2614	0.9283	1	13	13	1	0	0	2019	0	0
556	demirel y.k.	-0.956	-0.4908	8	9	9	1	2	2.946	2019	2	2.946
558	denys r.v.	0.4437	1.0555	38	8	10	3	15	22.0948	2019	5	7.3649
571	dewi d.s.	-0.4078	-1.2736	51	1	1	3	0	0	2019	0	0
574	dewi l.p.	-0.3998	-0.0093	14	4	11	4	1	1.473	2019	0.25	0.3682
577	dewi r.s.	-0.7354	0.0506	14	3	3	5	4	5.8919	2019	0.8	1.1784
590	diky a.	0.6604	-0.9766	37	8	8	1	1	1.473	2019	1	1.473
593	dinariyana a.a.b.	0.5213	0.7919	13	1	2	3	0	0	2019	0	0
594	dinata u.	-0.358	0.8824	1	10	10	1	0	0	2019	0	0
596	djanali s.	-0.5573	0.1247	5	2	5	5	3	4.419	2019	0.6	0.8838
599	djatmiko e.b.	-0.9435	-0.5688	8	9	14	4	2	2.946	2019	0.5	0.7365
601	djunaidy a.	-0.5319	0.3352	14	3	3	4	0	0	2019	0	0
604	dorotun r.	-0.1796	-0.0221	16	7	7	1	0	0	2019	0	0
607	dwi putri l.	-0.7529	-0.4942	17	23	23	1	1	1.473	2019	1	1.473
613	dyah suryaratri r.	-0.6777	-0.589	17	23	23	1	1	1.473	2019	1	1.473
614	dzarfan othman m.h.	0.7258	-0.2141	32	11	11	1	4	5.8919	2019	4	5.8919
619	ebner p.	-0.766	0.9058	40	7	7	1	1	1.473	2019	1	1.473
620	eddy purnama i.k.	0.1238	0.3786	6	5	8	4	1	1.473	2019	0.25	0.3682
622	ediati r.	0.3356	0.026	2	6	8	4	0	0	2019	0	0
623	efendi f.	0.3277	0.5926	13	2	3	2	5	7.3649	2019	2.5	3.6825
624	efendi s.	-0.8907	-0.2762	12	9	9	1	3	4.419	2019	3	4.419
625	effendi m.k.	-0.4343	-0.2082	41	6	17	7	10	14.7298	2019	1.4286	2.1043
628	ekaputri j.j.	-0.2498	-0.3037	6	4	6	5	3	4.419	2019	0.6	0.8838
630	el ouadi y.	-0.3805	-0.9896	15	9	9	1	12	17.6758	2019	12	17.6758
632	elmsellem h.	-0.4552	-0.9672	15	17	17	2	13	19.1488	2019	6.5	9.5744
634	elshikh m.s.	0.1863	-0.0654	25	7	21	5	32	47.1355	2019	6.4	9.4271
638	endarko e.	0.4161	-0.0496	25	9	10	3	6	8.8379	2019	2	2.946
641	endrasmono j.	-0.2552	0.7932	1	30	35	3	0	0	2019	0	0
643	endroyono e.	0.492	0.514	36	3	5	2	0	0	2019	0	0
647	ependi d.r.	0.319	0.1716	26	3	5	2	0	0	2019	0	0
658	ersam t.	0.1268	-0.0074	2	2	2	2	3	4.419	2019	1.5	2.2095
660	ervianto y.	0.7861	0.0915	11	5	9	2	1	1.473	2019	0.5	0.7365
662	erwandha k.g.	0.4325	-0.261	9	8	8	1	1	1.473	2019	1	1.473
678	fadhilah m.n.	0.3211	-0.5998	7	8	8	1	0	0	2019	0	0
684	fadlan a.	0.045	-0.0754	2	2	2	2	2	2.946	2019	1	1.473
687	fadly t.a.	0.7389	0.5115	4	5	9	2	5	7.3649	2019	2.5	3.6825
689	fahmi d.	-0.2396	0.2808	42	8	25	8	2	2.946	2019	0.25	0.3682
694	fahrizal y.e.	0.0628	-0.7134	3	4	7	2	0	0	2019	0	0
695	fahruddin a.	-0.071	-0.5137	3	3	8	3	0	0	2019	0	0
697	fahrudin t.m.	-0.0148	0.0538	6	8	9	2	0	0	2019	0	0
715	fam s.-f.	0.4589	0.7413	13	3	4	4	9	13.2569	2019	2.25	3.3142
717	fansuri h.	0.4896	-0.1027	2	24	34	14	14	20.6218	2019	1	1.473
728	fath n.	-0.3151	0.5683	20	7	7	1	0	0	2019	0	0
731	"fathimah, andayani d."	-1.0393	0.188	19	24	24	1	0	0	2019	0	0
733	"fathulloh, suhardjito g."	-0.2784	0.8976	1	13	13	1	0	0	2019	0	0
734	"fathulloh, zuliari e.a."	-0.3103	0.7992	1	20	21	2	0	0	2019	0	0
738	fatichah c.	-0.3075	0.1342	5	29	38	21	12	17.6758	2019	0.5714	0.8417
741	"fatimah, hidayat r."	-0.9914	0.0891	19	24	24	1	0	0	2019	0	0
742	fatmasari f.	-0.645	-0.6013	17	23	23	1	1	1.473	2019	1	1.473
743	fatmawati n.n.	0.5795	-0.3338	9	7	7	1	0	0	2019	0	0
744	fatmawati s.	0.1527	0.0096	2	3	4	6	0	0	2019	0	0
756	fauziyah k.	0.0435	-0.4168	3	8	8	1	2	2.946	2019	2	2.946
757	fauziyah m.	0.4638	-0.5807	23	10	10	3	5	7.3649	2019	1.6667	2.455
758	fauziyah n.a.	0.7714	0.4626	4	6	18	5	9	13.2569	2019	1.8	2.6514
759	fauzy m.r.	-0.0778	-1.2108	46	3	8	3	1	1.473	2019	0.3333	0.491
761	febriani s.	0.2163	-0.8781	7	6	6	1	0	0	2019	0	0
768	fellicia d.m.	0.6878	0.0086	11	3	5	3	0	0	2019	0	0
772	ferriastuti w.	0.3041	0.6866	13	4	12	3	2	2.946	2019	0.6667	0.982
776	fikri m.y.	-0.1708	0.6778	1	20	22	2	0	0	2019	0	0
792	fithriasari k.	0.3758	0.7271	13	2	3	3	0	0	2019	0	0
798	fitriani d.	0.4711	-0.2411	9	8	8	1	1	1.473	2019	1	1.473
799	fitriani n.	0.1907	0.477	27	7	15	6	2	2.946	2019	0.3333	0.491
803	fredrik marpaung r.	-0.8569	-0.2823	12	9	9	1	3	4.419	2019	3	4.419
804	freedom nanuru r.	-1.0435	0.2239	19	24	24	1	0	0	2019	0	0
805	frehse g.	-0.1676	-0.5551	22	12	12	1	1	1.473	2019	1	1.473
824	gemardi a.	0.2047	0.4516	27	5	6	2	1	1.473	2019	0.5	0.7365
827	ghofur a.	-0.6677	-0.5303	17	23	23	1	1	1.473	2019	1	1.473
828	giacobbe m.	-0.2187	-0.532	22	12	12	1	1	1.473	2019	1	1.473
830	ginantra n.	-0.9596	-0.1341	12	6	6	1	9	13.2569	2019	9	13.2569
831	ginardi r.v.h.	-0.1551	0.0525	5	4	7	4	0	0	2019	0	0
832	ginting s.	-1.0278	-0.2041	12	7	7	1	7	10.3109	2019	7	10.3109
840	gontjang p.	0.6467	-0.9989	37	8	8	1	1	1.473	2019	1	1.473
841	gorsse s.	0.5079	1.0357	38	7	7	1	5	7.3649	2019	5	7.3649
843	goto m.	0.5345	-0.6482	23	9	18	6	5	7.3649	2019	0.8333	1.2275
845	griggio a.	-0.2484	-0.5325	22	12	12	1	1	1.473	2019	1	1.473
846	gultom i.	-0.8749	-0.303	12	9	9	1	3	4.419	2019	3	4.419
847	gumelar a.b.	-0.0043	0.0823	6	8	9	2	0	0	2019	0	0
849	gunardi i.	-0.1257	-0.7661	3	21	22	4	2	2.946	2019	0.5	0.7365
851	gunawan i.	-0.5958	-0.1347	8	3	8	3	4	5.8919	2019	1.3333	1.964
853	gunawan s.	0.142	-0.8697	7	23	32	10	4	5.8919	2019	0.4	0.5892
854	gunawan t.	0.5392	-0.2028	26	7	11	3	2	2.946	2019	0.6667	0.982
855	guntur h.l.	0.0992	1.179	49	2	13	8	0	0	2019	0	0
862	guzik m.n.	0.4864	1.021	38	7	7	1	5	7.3649	2019	5	7.3649
863	götz f.	-0.781	0.9594	40	7	7	1	1	1.473	2019	1	1.473
871	hadi w.	-0.6646	-0.0662	10	2	2	5	0	0	2019	0	0
872	hadibarata t.	0.2381	-0.0182	25	13	33	9	49	72.1763	2019	5.4444	8.0196
875	hadiyanto h.	0.2695	-0.5974	7	8	8	1	0	0	2019	0	0
876	hadjri m.i.	-1.1991	-0.1664	33	11	11	1	0	0	2019	0	0
884	hakiem r.t.	-0.9931	0.6501	39	7	7	1	1	1.473	2019	1	1.473
886	hakim l.	-0.0107	0.6167	27	8	9	4	6	8.8379	2019	1.5	2.2095
888	hakim m.h.	0.4522	-0.222	9	8	8	1	1	1.473	2019	1	1.473
889	hakim m.l.	-0.0245	-0.4052	21	5	5	2	1	1.473	2019	0.5	0.7365
890	hakim r.m.	-0.5493	0.5309	20	6	12	2	0	0	2019	0	0
891	haksoro t.	0.5664	-0.5201	24	7	9	2	0	0	2019	0	0
896	hamdan a.m.	0.2905	0.2907	30	7	14	2	8	11.7839	2019	4	5.8919
901	hammouti b.	-0.41	-1.0004	15	9	9	1	12	17.6758	2019	12	17.6758
902	hamzah a.	0.1034	-0.7837	3	2	2	2	4	5.8919	2019	2	2.946
903	hamzah f.	-0.0827	0.3731	16	8	8	1	2	2.946	2019	2	2.946
910	handayanu	-0.3451	0.4462	31	4	12	4	7	10.3109	2019	1.75	2.5777
913	handayeni k.d.m.e.	0.2634	1.1678	56	0	0	2	0	0	2019	0	0
915	handogo r.	1.0854	-0.4812	44	4	10	4	0	0	2019	0	0
917	handoko e.y.	0.2485	0.0804	9	2	3	5	0	0	2019	0	0
923	hantoro r.	0.1235	-0.2956	21	12	21	9	1	1.473	2019	0.1111	0.1637
928	"hardi, trianton t."	-1.0087	0.1236	19	24	24	1	0	0	2019	0	0
935	hari ginardi r.v.	-0.2573	0.1254	5	2	2	3	0	0	2019	0	0
936	hariadi m.	0.1715	0.3229	6	6	12	9	3	4.419	2019	0.3333	0.491
937	hariadi r.r.	-0.5074	0.2167	5	9	16	4	3	4.419	2019	0.75	1.1047
942	hariyadi s.	-0.1182	-0.1928	16	2	3	2	0	0	2019	0	0
946	hariyanto t.	0.0928	-0.1063	6	2	7	4	0	0	2019	0	0
957	hartama d.	-0.8693	-0.2578	12	9	9	1	3	4.419	2019	3	4.419
958	hartanto d.	0.3591	-0.1453	2	8	12	5	8	11.7839	2019	1.6	2.3568
966	harun z.	0.7306	-0.2543	32	11	11	1	4	5.8919	2019	4	5.8919
974	hasin m.k.	-0.355	0.8155	1	10	10	1	0	0	2019	0	0
975	hasto s.	0.6864	-0.9933	37	8	8	1	1	1.473	2019	1	1.473
977	hatta a.m.	0.5108	-0.2977	9	16	18	8	2	2.946	2019	0.25	0.3682
983	heilmann c.	-0.7522	0.9262	40	7	7	1	1	1.473	2019	1	1.473
984	hendrantoro g.	-0.6931	0.5555	20	3	6	10	10	14.7298	2019	1	1.473
986	hendrawan a.	-0.9346	0.1257	19	24	24	1	0	0	2019	0	0
987	hendrawan r.a.	-0.3625	0.0128	14	5	12	5	1	1.473	2019	0.2	0.2946
988	hendrawan y.	-0.0521	-1.2374	46	3	9	4	2	2.946	2019	0.5	0.7365
990	hendrianie n.	-0.0076	-0.5839	21	18	26	6	3	4.419	2019	0.5	0.7365
992	hendrowati w.	0.0728	1.1933	49	2	13	7	0	0	2019	0	0
996	herawan hayadi b.	-1.0086	-0.069	12	7	7	1	9	13.2569	2019	9	13.2569
998	herdiyanti a.	-0.6505	0.1854	14	6	6	3	0	0	2019	0	0
999	herijono b.	-0.1743	0.8452	1	30	33	3	0	0	2019	0	0
1002	hermana j.	-0.4907	-0.0608	10	7	11	4	2	2.946	2019	0.5	0.7365
1009	hernanda a.k.	0.1029	0.2946	6	7	7	1	0	0	2019	0	0
1010	hernanda i.g.n.s.	-0.2444	0.3197	42	4	16	5	1	1.473	2019	0.2	0.2946
1011	herumurti d.	-0.4639	0.2651	5	10	21	6	5	7.3649	2019	0.8333	1.2275
1013	hidayat a.	0.8035	0.2458	4	4	4	2	0	0	2019	0	0
1015	hidayat a.s.	0.4053	-0.1724	9	9	9	2	1	1.473	2019	0.5	0.7365
1018	hidayat m.i.p.	0.6425	-0.0825	11	11	14	8	6	8.8379	2019	0.75	1.1047
1019	hidayat n.	0.8261	0.2626	4	4	5	2	1	1.473	2019	0.5	0.7365
1020	hidayat r.	0.3204	0.4682	13	3	9	3	8	11.7839	2019	2.6667	3.928
1022	hidayat t.	0.2067	0.3619	27	6	6	2	0	0	2019	0	0
1025	hidayati a.n.	0.1321	0.284	6	8	8	2	0	0	2019	0	0
1026	hidayati d.	0.2913	-0.8083	7	3	6	6	4	5.8919	2019	0.6667	0.982
1029	hidayati n.v.	-0.4227	-0.6236	35	9	9	1	2	2.946	2019	2	2.946
1030	hidayati r.n.	0.6064	-0.4702	24	9	9	2	0	0	2019	0	0
1039	hikmadiyar r.a.	1.0675	-0.5022	44	4	8	2	0	0	2019	0	0
1044	hilmi a.r.	0.7749	0.4962	4	6	18	5	9	13.2569	2019	1.8	2.6514
1049	hinatsu y.	1.1842	0.3274	4	11	11	1	0	0	2019	0	0
1050	hisyam a.	1.0783	-0.526	44	4	8	2	0	0	2019	0	0
1053	honda s.	0.7476	-0.2299	32	11	11	1	4	5.8919	2019	4	5.8919
1054	hotria siregar p.	-0.9035	-0.305	12	9	9	1	3	4.419	2019	3	4.419
1057	hubadillah s.k.	0.6997	-0.2038	32	11	11	1	4	5.8919	2019	4	5.8919
1058	hudandini m.	0.6461	-0.7612	23	7	7	1	0	0	2019	0	0
1062	husain h.	0.8568	0.4314	4	2	2	2	4	5.8919	2019	2	2.946
1063	husin n.a.	0.4341	0.249	29	5	8	3	1	1.473	2019	0.3333	0.491
1065	husodo a.w.	-0.0758	0.399	16	8	8	1	2	2.946	2019	2	2.946
1068	hussin k.	0.5892	0.3233	29	10	10	1	2	2.946	2019	2	2.946
1079	ichsani d.	-0.0631	-0.4823	3	4	10	7	0	0	2019	0	0
1081	idris f.	-0.4088	-0.5677	35	9	9	1	2	2.946	2019	2	2.946
1087	iim f.	0.6864	-0.9674	37	8	8	1	1	1.473	2019	1	1.473
1091	ikhwan m.	-0.0893	-0.2997	22	2	2	2	2	2.946	2019	1	1.473
1093	ikono r.	0.8953	-0.0035	11	7	7	1	0	0	2019	0	0
1094	ilham a.	-0.2292	0.9115	1	13	13	1	0	0	2019	0	0
1100	imaduddin a.	0.9356	-0.7432	47	3	6	2	0	0	2019	0	0
1104	imron c.	0.0468	-0.2428	22	5	9	7	3	4.419	2019	0.4286	0.6313
1105	imron m.f.	-0.1989	0.4313	31	7	20	7	51	75.1222	2019	7.2857	10.7317
1108	incecik a.	-0.9238	-0.5404	8	9	9	1	2	2.946	2019	2	2.946
1110	indarti r.	-0.143	0.5118	16	19	19	2	2	2.946	2019	1	1.473
1113	indra perwira r.	-0.6945	-0.561	17	23	23	1	1	1.473	2019	1	1.473
1114	indraswari r.	-0.2818	-0.0803	21	7	19	6	6	8.8379	2019	1	1.473
1115	indrawati s.	0.9274	-0.1478	18	12	16	5	0	0	2019	0	0
1118	indriawati k.	0.3883	-0.3538	24	3	6	8	0	0	2019	0	0
1120	indriyani achmad l.	-1.0074	0.1944	19	24	24	1	0	0	2019	0	0
1125	iqbal m.	0.0046	-0.1595	2	1	1	2	0	0	2019	0	0
1126	iqbal r.m.	0.426	-0.1337	2	4	7	2	1	1.473	2019	0.5	0.7365
1128	iranata d.	-0.666	0.0237	8	2	4	3	1	1.473	2019	0.3333	0.491
1130	irawan b.	0.3067	-0.7758	7	4	4	2	4	5.8919	2019	2	2.946
1132	irawan m.i.	0.0248	-0.0898	2	4	4	8	0	0	2019	0	0
1133	irawan s.	0.5237	-0.351	24	4	5	2	2	2.946	2019	1	1.473
1136	irawati n.	0.6653	-0.3455	9	24	29	10	1	1.473	2019	0.1	0.1473
1138	irfanita r.	0.9593	0.4917	4	11	17	2	0	0	2019	0	0
1139	irfansyah a.n.	-0.0734	0.5131	20	5	6	5	4	5.8919	2019	0.8	1.1784
1143	"irhamah, fithriasari k."	0.277	0.7026	13	4	12	5	2	2.946	2019	0.4	0.5892
1149	iriawan n.	0.3509	0.7067	13	8	19	14	4	5.8919	2019	0.2857	0.4209
1152	isa irawan m.	-0.0305	-0.1915	2	2	4	3	2	2.946	2019	0.6667	0.982
1155	iskandriawan b.	1.1083	0.6667	50	1	2	5	0	0	2019	0	0
1157	islamiyah w.r.	0.0536	0.5251	16	7	9	3	0	0	2019	0	0
1160	ismail a.f.	0.5552	-0.1517	26	7	12	3	1	1.473	2019	0.3333	0.491
1162	ismail h.	0.672	0.1056	11	3	6	3	0	0	2019	0	0
1163	ismail i.	0.1503	-0.24	21	7	7	1	0	0	2019	0	0
1166	ismail n.‘.	-0.2468	0.4429	31	6	10	2	18	26.5137	2019	9	13.2569
1174	istianti t.	-1.1854	-0.1909	33	11	11	1	0	0	2019	0	0
1178	iswanto t.	-0.091	-0.7083	3	9	28	8	3	4.419	2019	0.375	0.5524
1181	ivansyah a.l.	0.4717	0.1023	2	5	7	2	3	4.419	2019	1.5	2.2095
1182	iwamoto y.	0.7214	-0.1816	32	11	11	1	4	5.8919	2019	4	5.8919
1185	jaafar j.	0.7793	-0.2246	32	11	11	1	4	5.8919	2019	4	5.8919
1186	jadid n.	0.2425	-0.8158	7	5	6	3	0	0	2019	0	0
1187	jaelani l.m.	-0.6406	0.0308	8	4	6	7	8	11.7839	2019	1.1429	1.6834
1189	jalil a.a.	0.2853	-0.3648	2	7	9	2	7	10.3109	2019	3.5	5.1554
1190	jamaaluddin j.	0.465	0.5709	36	2	3	2	0	0	2019	0	0
1192	jamalludin m.r.	0.7779	-0.1945	32	11	11	1	4	5.8919	2019	4	5.8919
1193	jami'in m.a.	-0.244	0.9749	1	20	23	3	2	2.946	2019	0.6667	0.982
1195	jannah r.h.	0.1233	-0.2395	21	7	7	1	0	0	2019	0	0
1206	jazidie a.	-1.1504	0.4438	57	0	0	5	0	0	2019	0	0
1209	jia x.	0.5337	0.0132	25	7	7	1	3	4.419	2019	3	4.419
1214	jin t.s.	0.6302	0.3585	29	10	10	1	2	2.946	2019	2	2.946
1220	julian m.m.	0.1201	-0.2113	21	7	7	1	0	0	2019	0	0
1221	julianto e.	-0.0578	-0.0445	16	6	6	3	3	4.419	2019	1	1.473
1222	juliastuti s.r.	0.0471	-0.5175	21	7	12	5	10	14.7298	2019	2	2.946
1226	juniani a.i.	-0.0269	0.4164	16	12	12	2	2	2.946	2019	1	1.473
1229	juwono h.	0.3103	0.0907	2	4	4	2	1	1.473	2019	0.5	0.7365
1230	kabagema-bilan c.	-0.7802	0.931	40	7	7	1	1	1.473	2019	1	1.473
1246	karim z.a.	0.5614	-0.1807	26	7	10	2	1	1.473	2019	0.5	0.7365
1247	karlita t.	-0.0143	0.3081	6	4	6	2	0	0	2019	0	0
1248	karnaningroem n.	-0.6439	-0.06	10	3	3	7	3	4.419	2019	0.4286	0.6313
1249	karningsih p.d.	-0.6211	-0.2518	8	3	5	3	0	0	2019	0	0
1255	kato m.	0.9766	0.4524	4	16	25	3	1	1.473	2019	0.3333	0.491
1259	kawamata t.	0.9897	0.4221	4	15	18	2	1	1.473	2019	0.5	0.7365
1262	ketut eddy purnama i.	0.0163	0.275	6	7	13	9	1	1.473	2019	0.1111	0.1637
1265	khalil gibran m.	-1.063	-0.2165	12	7	7	1	7	10.3109	2019	7	10.3109
1269	khoiri h.a.	0.3564	0.6569	13	3	5	3	1	1.473	2019	0.3333	0.491
1283	khumaidi a.	-0.1037	0.7265	1	21	23	2	0	0	2019	0	0
1285	khusna h.	0.5677	0.6673	13	6	17	5	2	2.946	2019	0.4	0.5892
1299	koike y.	1.0164	0.4539	4	16	27	4	1	1.473	2019	0.25	0.3682
1300	kojima n.	0.8874	0.3306	4	7	7	1	0	0	2019	0	0
1307	kristanto a.a.	-0.047	0.0632	6	8	8	1	0	0	2019	0	0
1310	kristianto s.	-0.9607	0.1549	19	24	24	1	0	0	2019	0	0
1318	kurita t.	-0.3269	-0.0704	21	4	10	3	4	5.8919	2019	1.3333	1.964
1323	kurnianingtyas d.	-0.7104	-0.159	10	2	9	5	2	2.946	2019	0.4	0.5892
1326	kurniati n.	-0.5475	-0.171	8	4	4	3	0	0	2019	0	0
1327	kurniati y.	0.4554	-0.6606	23	6	9	2	0	0	2019	0	0
1328	kurniawan a.	0.064	-0.0366	6	26	32	11	0	0	2019	0	0
1333	kurniawan e.	-0.0633	0.0059	5	4	4	2	0	0	2019	0	0
1335	kurniawan f.	0.4367	0.147	2	10	11	9	8	11.7839	2019	0.8889	1.3093
1336	kurniawan f.r.	-0.4267	-0.1098	8	4	5	2	0	0	2019	0	0
1340	kurniawan s.b.	-0.2124	0.4587	31	7	24	9	57	83.9601	2019	6.3333	9.3289
1341	kurniawansyah f.	0.1946	-0.7494	7	16	26	9	2	2.946	2019	0.2222	0.3273
1343	kurniawati a.r.	-0.2285	-0.3519	10	7	7	1	0	0	2019	0	0
1346	kurniawati r.	0.2389	-0.1544	2	8	10	3	7	10.3109	2019	2.3333	3.437
1348	kurt r.e.	-0.9793	-0.5658	8	9	13	2	2	2.946	2019	1	1.473
1349	kusdianto k.	0.6439	-0.7055	23	9	18	4	11	16.2028	2019	2.75	4.0507
1353	kusmiyati k.	0.2958	-0.5544	7	8	8	1	0	0	2019	0	0
1356	kusuma h.	0.154	0.9259	28	2	4	4	1	1.473	2019	0.25	0.3682
1357	kusuma h.s.	-0.2898	-0.9736	15	17	26	11	23	33.8787	2019	2.0909	3.0799
1362	kusuma t.c.	0.6225	-0.7432	23	7	7	1	0	0	2019	0	0
1366	kusumahati s.	0.0894	-0.6354	3	7	7	1	0	0	2019	0	0
1373	kusumawati y.	0.4366	0.0548	2	12	14	5	5	7.3649	2019	1	1.473
1375	kuswadayan i.	-0.5244	0.2487	5	5	8	2	2	2.946	2019	1	1.473
1377	kuswandi k.	0.2447	-0.9447	7	3	3	2	1	1.473	2019	0.5	0.7365
1378	kuswanto d.	1.1179	0.6797	50	2	3	3	0	0	2019	0	0
1379	kuswanto h.	0.4014	0.651	13	12	22	24	12	17.6758	2019	0.5	0.7365
1380	kuswardayan i.	-0.4614	0.2347	5	6	8	2	1	1.473	2019	0.5	0.7365
1381	kuswytasari n.d.	-0.2096	-0.3743	10	7	10	2	0	0	2019	0	0
1388	laili n.r.	-1.2219	-0.1496	33	11	11	1	0	0	2019	0	0
1390	laksana e.p.	-0.3333	0.5485	20	7	7	1	0	0	2019	0	0
1391	laksitarahmi isrianto p.	-1.0236	0.1571	19	24	24	1	0	0	2019	0	0
1407	lawa y.	-0.5265	-0.9433	15	8	8	1	1	1.473	2019	1	1.473
1411	lee m.h.	0.5177	0.6735	13	8	9	6	1	1.473	2019	0.1667	0.2455
1413	lei y.	0.5491	-0.0074	25	7	7	1	3	4.419	2019	3	4.419
1418	lestari f.	-0.4468	-0.6103	35	9	9	1	2	2.946	2019	2	2.946
1421	lestari p.	-0.4128	-0.5285	35	10	10	2	12	17.6758	2019	6	8.8379
1422	lestari w.	-0.2028	-0.2054	6	5	13	4	1	1.473	2019	0.25	0.3682
1427	liantoni f.	-0.8386	-0.1837	17	47	47	2	1	1.473	2019	0.5	0.7365
1432	limantara a.d.	-0.1789	-0.0687	16	7	7	1	0	0	2019	0	0
1438	lin r.	0.5922	-0.1937	26	7	7	1	1	1.473	2019	1	1.473
1440	lini f.z.	-0.0827	-0.7713	3	5	5	2	0	0	2019	0	0
1444	listiawan t.	-1.2235	-0.1148	33	11	11	1	0	0	2019	0	0
1446	liu w.	-0.927	-0.5103	8	9	9	1	2	2.946	2019	2	2.946
1449	loong f.k.	0.569	0.3419	29	10	10	1	2	2.946	2019	2	2.946
1452	lukitadi p.p.s.	-0.0758	0.3456	16	8	8	1	2	2.946	2019	2	2.946
1454	luqman a.	-0.8077	0.9233	40	7	7	1	1	1.473	2019	1	1.473
1457	lystianingrum v.	-0.2908	0.578	20	7	7	1	0	0	2019	0	0
1459	ma'ruf nuris d.	-0.7393	-0.5343	17	23	23	1	1	1.473	2019	1	1.473
1460	ma'sum z.	-0.2074	-0.95	15	5	6	2	1	1.473	2019	0.5	0.7365
1462	mabruri m.o.	0.525	-0.4648	24	10	11	2	0	0	2019	0	0
1465	machmudah s.	0.6099	-0.6554	23	14	29	10	18	26.5137	2019	1.8	2.6514
1468	madhania s.	0.599	-0.7796	23	9	14	3	3	4.419	2019	1	1.473
1472	madurani k.a.	0.5143	0.1164	2	5	6	2	4	5.8919	2019	2	2.946
1473	madya i.r.	-0.1889	-0.0457	16	7	7	1	0	0	2019	0	0
1475	maftuhah d.i.	-0.5924	0.0586	8	3	6	3	1	1.473	2019	0.3333	0.491
1478	mahananto f.	-0.7332	0.4027	14	4	5	4	0	0	2019	0	0
1485	mahendrawathi e.r.	-0.7501	0.4148	14	1	1	9	1	1.473	2019	0.1111	0.1637
1486	mahfud m.	-0.1749	-0.9821	15	10	32	15	10	14.7298	2019	0.6667	0.982
1489	mahmashani a.w.	0.1311	-0.3386	21	6	9	2	1	1.473	2019	0.5	0.7365
1492	makmur m.	-0.9121	-0.0505	12	7	7	1	9	13.2569	2019	9	13.2569
1497	malyadi m.	1.1073	0.0669	18	3	8	3	5	7.3649	2019	1.6667	2.455
1503	mangkoedihardjo s.	-1.0354	0.6353	39	7	7	2	3	4.419	2019	1.5	2.2095
1516	mardianto l.	-0.0704	-0.2738	22	5	7	3	3	4.419	2019	1	1.473
1517	mardiyanto r.	-0.4531	0.4965	20	10	26	6	2	2.946	2019	0.3333	0.491
1518	mardlijah	-0.1182	0.6712	1	34	37	6	0	0	2019	0	0
1526	marfuah s.	0.4589	0.1621	2	1	1	2	1	1.473	2019	0.5	0.7365
1528	margo p.	-0.5232	1.1345	43	4	7	2	0	0	2019	0	0
1533	mariyanto m.	0.3222	0.3066	30	7	16	3	9	13.2569	2019	3	4.419
1536	marjali s.	0.9221	-0.0085	11	7	7	1	0	0	2019	0	0
1541	martoprawiro m.a.	0.4873	0.0829	2	5	7	2	3	4.419	2019	1.5	2.2095
1542	marwanza i.	0.2567	-0.128	2	4	5	2	0	0	2019	0	0
1549	mashuri m.	0.6488	0.573	13	14	33	11	10	14.7298	2019	0.9091	1.3391
1553	masinambow v.a.j.	0.0902	-1.0206	7	8	8	1	0	0	2019	0	0
1563	matsuhira k.	1.185	0.3571	4	11	11	1	0	0	2019	0	0
1564	maulana a.	0.1116	0.8077	28	12	12	1	0	0	2019	0	0
1566	maulana i.	0.8891	0.0227	11	7	7	1	0	0	2019	0	0
1568	maulana m.r.	-0.1007	0.865	1	12	12	1	0	0	2019	0	0
1574	mauludiyanto a.	-0.7189	0.5541	20	2	4	3	4	5.8919	2019	1.3333	1.964
1576	mauridhi h.p.	-0.4884	1.1021	43	4	7	2	0	0	2019	0	0
1578	maya sari siswi ciptaningsih e.	-1.0078	0.2309	19	24	24	1	0	0	2019	0	0
1585	meinawati p.	0.0301	-0.4443	3	8	8	1	2	2.946	2019	2	2.946
1594	ming l.y.u.n.	0.5686	0.3922	29	10	10	1	2	2.946	2019	2	2.946
1603	mochtar i.b.	0.4156	-1.1926	58	0	0	4	2	2.946	2019	0.5	0.7365
1607	moesriati a.	-0.4006	0.4044	31	2	4	4	0	0	2019	0	0
1609	mohamed-ibrahim m.i.	1.1696	0.3013	4	11	11	1	0	0	2019	0	0
1613	mokhtari m.	-0.3931	-1.0219	15	9	9	1	12	17.6758	2019	12	17.6758
1617	mover s.	-0.162	-0.5264	22	12	12	1	1	1.473	2019	1	1.473
1621	muchammad r.s.c.	-0.2191	-1.0229	15	6	7	2	1	1.473	2019	0.5	0.7365
1629	mudjanarko s.w.	-0.1269	-0.0327	16	8	9	2	1	1.473	2019	0.5	0.7365
1631	mufid m.s.	-0.1859	-0.5789	22	12	12	1	1	1.473	2019	1	1.473
1637	muharam y.	0.5624	-0.8036	23	4	7	2	3	4.419	2019	1.5	2.2095
1638	muharja m.	0.2176	-0.786	7	3	7	4	4	5.8919	2019	1	1.473
1639	muharram l.o.	-1.0459	-0.2379	12	7	7	1	7	10.3109	2019	7	10.3109
1643	"muhtadin, arrazi m.r."	0.1865	0.775	28	12	12	1	0	0	2019	0	0
1647	mujahidin f.	0.7717	-0.4095	9	8	8	1	0	0	2019	0	0
1652	mukhlash i.	-0.0136	-0.1692	2	4	7	8	2	2.946	2019	0.25	0.3682
1653	mukhlisin a.	-0.1503	0.148	5	4	8	3	0	0	2019	0	0
1654	muklason a.	-0.5504	0.3677	14	3	3	6	4	5.8919	2019	0.6667	0.982
1664	mulyana i.j.	-0.6124	-0.116	8	3	6	2	1	1.473	2019	0.5	0.7365
1667	mulyaningsih i.	-0.6832	-0.6231	17	23	23	1	1	1.473	2019	1	1.473
1673	muna n.	-0.7153	-0.4716	17	23	23	1	1	1.473	2019	1	1.473
1674	munadhif i.	-0.17	0.8846	1	24	25	2	0	0	2019	0	0
1675	"munaji, buntoro g.a."	1.1356	0.0621	18	3	8	3	5	7.3649	2019	1.6667	2.455
1681	muntini m.s.	0.9678	-0.2134	18	7	7	3	2	2.946	2019	0.6667	0.982
1683	muqtadiroh f.a.	-0.6833	0.1026	14	3	3	4	1	1.473	2019	0.25	0.3682
1691	mursid m.	-0.2569	0.237	42	3	3	2	0	0	2019	0	0
1695	murwani i.k.	0.3899	-0.007	2	3	4	4	0	0	2019	0	0
1696	murwani s.	0.2954	-0.5841	7	8	8	1	0	0	2019	0	0
1700	muslihatin w.	-0.3608	-0.4601	10	2	2	2	0	0	2019	0	0
1702	muslim k.	0.0179	0.69	27	6	11	2	0	0	2019	0	0
1709	musyafa a.	0.3486	-0.3416	24	7	12	11	5	7.3649	2019	0.4545	0.6695
1715	muthi'ah h.	-1.033	0.6109	39	7	7	1	1	1.473	2019	1	1.473
1716	mutrofin s.	-0.1237	0.0397	5	3	5	2	0	0	2019	0	0
1723	muzaki f.k.	-0.1339	0.2982	1	3	5	4	3	4.419	2019	0.75	1.1047
1726	mølmen l.	0.4896	1.0771	38	7	7	1	5	7.3649	2019	5	7.3649
1728	naat j.n.	-0.5077	-0.9629	15	8	8	1	1	1.473	2019	1	1.473
1729	nabila a.f.	-0.0585	-0.8605	3	8	8	1	0	0	2019	0	0
1735	nadjib m.	0.3734	0.0241	2	5	6	2	0	0	2019	0	0
1746	nakanishi y.	0.9627	-0.7226	47	3	6	2	0	0	2019	0	0
1751	nasikhin k.	-0.229	0.6487	1	11	11	1	0	0	2019	0	0
1752	nasori n.	0.5185	-0.0154	25	8	9	3	4	5.8919	2019	1.3333	1.964
1756	nasution a.h.	-0.6618	-0.2748	8	3	5	3	0	0	2019	0	0
1757	nasution a.m.t.	0.3605	-0.2746	9	3	8	10	1	1.473	2019	0.1	0.1473
1764	naulina r.y.	0.0564	-0.4562	3	8	9	2	2	2.946	2019	1	1.473
1766	navastara d.a.	-0.2548	-0.0603	21	7	14	6	4	5.8919	2019	0.6667	0.982
1767	nawas t.	-0.6485	-0.4984	17	23	23	1	1	1.473	2019	1	1.473
1768	nawfa r.	0.2168	0.0332	2	2	2	2	5	7.3649	2019	2.5	3.6825
1769	nazifa t.h.	0.1414	-0.0573	25	5	6	2	22	32.4057	2019	11	16.2028
1771	negara i.m.y.	-0.2783	0.3105	42	4	16	5	1	1.473	2019	0.2	0.2946
1773	nei j.	0.4822	1.0509	38	7	7	1	5	7.3649	2019	5	7.3649
1774	neolaka y.a.b.	-0.4914	-0.9388	15	9	9	2	4	5.8919	2019	2	2.946
1776	ngara z.s.	-0.5303	-0.9763	15	8	8	1	1	1.473	2019	1	1.473
1785	ni'mah a.t.	-0.3054	0.0115	21	4	4	2	0	0	2019	0	0
1786	ni'mah h.	0.0166	-0.6477	3	16	20	4	2	2.946	2019	0.5	0.7365
1787	ni'mah y.l.	0.3016	-0.0226	2	3	4	5	4	5.8919	2019	0.8	1.1784
1792	ningrum e.o.	0.0103	-0.688	3	18	24	7	9	13.2569	2019	1.2857	1.8938
1793	ningsih d.a.	0.1477	0.4891	27	8	13	5	15	22.0948	2019	3	4.419
1797	nisafani a.s.	-0.6238	0.1087	14	3	4	3	0	0	2019	0	0
1800	ni’matuzahroh	-0.2867	-0.3633	10	8	8	2	1	1.473	2019	0.5	0.7365
1802	noerochim l.	0.825	0.0389	11	15	20	10	3	4.419	2019	0.3	0.4419
1803	noji t.	0.943	0.5221	4	11	17	2	0	0	2019	0	0
1804	nomura h.	1.1554	0.3502	4	11	11	1	0	0	2019	0	0
1805	nomura m.	0.7637	-0.2524	32	11	11	1	4	5.8919	2019	4	5.8919
1807	norcahyo r.	-0.4936	-0.2275	41	9	30	11	21	30.9327	2019	1.9091	2.8121
1809	noriyati r.d.	0.4333	-0.3904	24	6	8	4	0	0	2019	0	0
1816	noviyanto	-0.077	-0.8351	3	8	8	1	0	0	2019	0	0
1823	nugraini l.d.	0.1141	0.0779	30	5	7	2	0	0	2019	0	0
1824	nugroho a.	-0.0668	0.1516	5	5	6	3	0	0	2019	0	0
1827	nugroho b.	-0.1277	-0.2556	21	6	6	2	3	4.419	2019	1.5	2.2095
1830	nugroho g.	0.1658	-0.2963	21	14	18	9	5	7.3649	2019	0.5556	0.8183
1832	nugroho k.a.	0.3369	0.0508	2	6	6	2	1	1.473	2019	0.5	0.7365
1835	nugroho s.	-0.9601	-0.5451	8	9	14	5	8	11.7839	2019	1.6	2.3568
1836	nugroho s.m.s.	0.0644	0.2933	6	19	34	18	1	1.473	2019	0.0556	0.0818
1839	nur h.	0.2949	-0.1726	2	16	19	5	13	19.1488	2019	2.6	3.8298
1840	nur yuniarto m.	-0.7674	0.6807	48	4	8	4	0	0	2019	0	0
1841	nurahmi l.	-0.5135	-0.3573	41	1	1	4	6	8.8379	2019	1.5	2.2095
1847	nurdiansah h.	0.7668	0.0573	11	8	11	4	2	2.946	2019	0.5	0.7365
1848	"nurfadilah, ilhami h."	0.5923	-0.3623	9	7	7	1	0	0	2019	0	0
1853	nurhayati a.p.d.	-0.1084	0.218	1	3	3	3	0	0	2019	0	0
1856	nurherdiana s.d.	0.4278	-0.1058	2	4	11	4	2	2.946	2019	0.5	0.7365
1862	nurkhamidah s.	0.0379	-0.6049	3	25	34	10	3	4.419	2019	0.3	0.4419
1870	nurmawati n.	-1.0001	-0.1762	12	11	13	2	16	23.5678	2019	8	11.7839
1875	nurrisma p.	0.6576	-1.0288	37	8	8	1	1	1.473	2019	1	1.473
1878	nurtanio i.	0.1269	0.3216	6	7	7	1	0	0	2019	0	0
1880	nurtono t.	0.5447	-0.7591	23	12	18	5	9	13.2569	2019	1.8	2.6514
1882	nurul aini a.	0.3533	-0.0731	25	7	7	1	5	7.3649	2019	5	7.3649
1884	nurul khotimah w.	-0.4077	0.1002	5	9	9	1	1	1.473	2019	1	1.473
1886	nurullah f.p.	-0.5198	-0.263	41	5	8	2	3	4.419	2019	1.5	2.2095
1889	nury d.f.	-0.0607	-0.7995	3	11	20	5	0	0	2019	0	0
1894	nyamiati r.d.	-0.0373	-0.652	3	10	10	1	0	0	2019	0	0
1896	nyoman budiantara i.	0.2665	0.4187	13	2	3	4	8	11.7839	2019	2	2.946
1902	oetami t.p.	0.2948	-0.6133	7	8	8	1	0	0	2019	0	0
1905	ogi t.	0.6857	-0.6745	23	3	4	2	10	14.7298	2019	5	7.3649
1906	oh k.m.	-0.2513	-0.3637	10	7	7	1	0	0	2019	0	0
1909	okazawa a.	0.8887	0.3647	4	7	7	1	0	0	2019	0	0
1911	"oktafaina, rabbani a.d."	0.6269	-0.3249	9	7	7	1	0	0	2019	0	0
1918	one r.d.	0.6004	-0.3117	9	7	7	1	0	0	2019	0	0
1922	otok b.w.	0.3402	0.5152	13	5	15	9	9	13.2569	2019	1	1.473
1929	pambudi a.b.	0.3066	-0.1393	2	6	8	3	7	10.3109	2019	2.3333	3.437
1931	pambudi o.i.	0.6059	-0.3388	9	7	7	1	0	0	2019	0	0
1936	pamungkas a.	-0.6638	0.0436	8	2	4	4	0	0	2019	0	0
1940	pamungkas w.	0.4492	0.473	36	3	6	3	0	0	2019	0	0
1942	pandebesie e.s.	-0.3835	-0.1928	10	3	4	3	3	4.419	2019	1	1.473
1943	pandin m.g.r.	-1.1969	-0.1372	33	11	11	1	0	0	2019	0	0
1944	pane e.s.	0.0916	0.5806	27	4	12	5	4	5.8919	2019	0.8	1.1784
1951	parulian p.	-1.0192	-0.2291	12	7	7	1	7	10.3109	2019	7	10.3109
1958	penangsang o.	-0.5461	0.7096	34	11	20	7	1	1.473	2019	0.1429	0.2104
1961	perdana windarto a.	-0.9214	-0.2838	12	9	9	1	3	4.419	2019	3	4.419
1967	persada s.f.	-0.778	-0.3743	8	5	6	7	23	33.8787	2019	3.2857	4.8398
1973	pinandito r.	0.7904	-0.4593	9	8	8	1	0	0	2019	0	0
1975	pintowantoro s.	0.7045	-0.0826	11	3	9	5	3	4.419	2019	0.6	0.8838
1984	prabowo y.	-0.3161	0.5956	20	7	7	1	0	0	2019	0	0
1989	pradana r.d.w.	-0.1764	0.9843	1	10	10	1	0	0	2019	0	0
1999	prajitno d.h.	0.2736	-0.7308	7	4	14	6	3	4.419	2019	0.5	0.7365
2000	prajitno g.	0.9853	-0.1002	18	12	21	5	1	1.473	2019	0.2	0.2946
2004	pramesti f.a.	0.2171	-0.1323	2	5	6	2	0	0	2019	0	0
2006	pramono a.s.	-0.1361	0.1055	5	6	7	5	1	1.473	2019	0.2	0.2946
2008	pramono y.h.	0.9984	-0.1752	18	14	19	4	3	4.419	2019	0.75	1.1047
2011	pramujati b.	-0.5018	-0.3184	41	7	22	8	20	29.4597	2019	2.5	3.6825
2013	prananda j.	0.0965	-0.3405	21	6	8	3	1	1.473	2019	0.3333	0.491
2019	prasetyawan y.	-0.4297	-0.1355	8	5	9	6	0	0	2019	0	0
2020	prasetyawati n.	-0.0924	-0.8656	3	8	8	1	0	0	2019	0	0
2021	prasetyo benu d.	-0.5371	-0.9138	15	8	8	1	1	1.473	2019	1	1.473
2022	prasetyo d.d.	-0.2155	0.6764	1	11	11	1	0	0	2019	0	0
2023	prasetyo e.n.	0.0038	-0.2289	3	12	13	4	2	2.946	2019	0.5	0.7365
2029	prasetyo y.t.	-0.7605	-0.3625	8	1	1	3	37	54.5004	2019	12.3333	18.1668
2030	prasetyoko d.	0.3052	-0.4232	2	19	30	13	10	14.7298	2019	0.7692	1.1331
2035	prastuti o.p.	0.4823	-0.6553	23	6	9	2	0	0	2019	0	0
2037	prastyasari f.i.	0.5133	0.777	13	2	3	3	1	1.473	2019	0.3333	0.491
2038	prastyo d.d.	0.4402	0.6891	13	11	21	11	11	16.2028	2019	1	1.473
2039	pratama a.	0.353	0.3221	30	7	14	2	8	11.7839	2019	4	5.8919
2042	pratama j.a.d.	0.5845	-0.4973	24	7	7	1	0	0	2019	0	0
2043	pratama n.h.	0.9345	0.0381	11	7	7	1	0	0	2019	0	0
2048	pratama t.	0.1265	0.8358	28	12	12	2	0	0	2019	0	0
2050	pratapa s.	0.8308	0.389	4	17	38	16	14	20.6218	2019	0.875	1.2889
2052	pratikno h.	-0.3799	0.4294	31	5	17	7	8	11.7839	2019	1.1429	1.6834
2059	pratiwi v.m.	0.8124	0.1405	11	9	16	7	1	1.473	2019	0.1429	0.2104
2061	pratomo d.g.	0.0841	0.0468	30	6	8	4	0	0	2019	0	0
2065	pravitasari a.a.	0.3031	0.7225	13	4	12	3	2	2.946	2019	0.6667	0.982
2076	pribadi c.b.	0.0725	-0.1164	6	2	7	6	0	0	2019	0	0
2078	prihandoko b.	0.8214	0.0773	11	6	8	4	2	2.946	2019	0.5	0.7365
2085	priyadi a.	-0.2651	0.5485	20	8	13	6	1	1.473	2019	0.1667	0.2455
2089	priyantari b.a.	0.459	-0.2656	9	8	8	1	1	1.473	2019	1	1.473
2094	priyono s.	0.8499	0.092	11	3	4	2	0	0	2019	0	0
2095	pudjiastuti l.	-0.0324	-0.8134	3	12	21	5	1	1.473	2019	0.2	0.2946
2097	pujawan i.n.	-0.6316	-0.2235	8	5	8	8	2	2.946	2019	0.25	0.3682
2100	pujiantara m.	-0.2086	0.5277	20	5	7	3	1	1.473	2019	0.3333	0.491
2106	purhadi	0.3551	0.5383	13	1	5	5	1	1.473	2019	0.2	0.2946
2115	purnama i.k.e.	0.0519	0.3311	6	13	22	9	0	0	2019	0	0
2120	purnami s.w.	0.2616	0.6402	13	10	20	7	3	4.419	2019	0.4286	0.6313
2122	purniawan a.	0.7655	0.1258	11	8	18	7	1	1.473	2019	0.1429	0.2104
2124	purnomo a.s.	0.1833	0.025	2	2	3	5	8	11.7839	2019	1.6	2.3568
2129	purnomo m.h.	-0.0522	0.4535	6	56	103	40	11	16.2028	2019	0.275	0.4051
2133	purwadi r.	0.1082	-0.9968	7	8	8	1	0	0	2019	0	0
2136	purwaningsih h.	0.7748	-0.0136	11	15	26	8	5	7.3649	2019	0.625	0.9206
2138	purwantana b.	0.1139	0.5176	20	2	4	2	0	0	2019	0	0
2139	purwanti i.f.	-0.2867	0.4417	31	9	26	8	33	48.6085	2019	4.125	6.0761
2141	purwanto d.	0.1418	0.7128	28	13	17	8	5	7.3649	2019	0.625	0.9206
2144	purwanto w.w.	0.587	-0.8158	23	4	7	2	3	4.419	2019	1.5	2.2095
2145	purwantoro p.	-0.9389	-0.0947	12	10	13	2	18	26.5137	2019	9	13.2569
2150	purwitasari d.	-0.0058	0.2026	6	6	9	4	0	0	2019	0	0
2152	puspaningsih n.n.t.	-0.2335	-0.3907	10	7	7	1	0	0	2019	0	0
2153	puspasari f.	-0.2243	-0.7775	3	4	6	2	3	4.419	2019	1.5	2.2095
2156	puspita p.s.	0.7513	0.8671	45	3	6	2	8	11.7839	2019	4	5.8919
2160	puspitasari n.	0.9509	-0.0933	18	8	11	2	0	0	2019	0	0
2166	putra a.b.k.	0.261	0.1889	26	3	4	3	9	13.2569	2019	3	4.419
2167	putra a.h.p.	0.1707	0.8026	28	12	12	1	0	0	2019	0	0
2168	putra a.p.	0.7514	0.901	45	3	6	2	8	11.7839	2019	4	5.8919
2169	putra d.f.u.	-0.529	0.7664	34	10	19	5	0	0	2019	0	0
2171	putra e.g.r.	0.9123	0.3458	4	7	7	1	0	0	2019	0	0
2175	putra i.p.a.w.	-1.1687	-0.1316	33	11	11	1	0	0	2019	0	0
2180	putra p.e.d.	0.9922	0.4926	4	11	17	2	0	0	2019	0	0
2191	putri e.r.m.	0.0508	-0.2652	22	1	1	4	0	0	2019	0	0
2194	putri g.k.	0.1466	-0.2071	21	7	7	1	0	0	2019	0	0
2197	putri l.y.a.t.	-0.1238	0.8344	1	12	12	1	0	0	2019	0	0
2206	putro h.s.	0.2438	0.0342	2	2	2	2	1	1.473	2019	0.5	0.7365
2210	qadariyah l.	-0.2157	-1.054	15	5	9	3	2	2.946	2019	0.6667	0.982
2216	qoniah i.	0.2974	-0.3227	2	8	10	2	2	2.946	2019	1	1.473
2217	qu s.	0.56	0.0201	25	7	7	1	3	4.419	2019	3	4.419
2218	rachimoellah m.	0.1056	-0.4493	3	9	16	7	4	5.8919	2019	0.5714	0.8417
2219	rachmadi r.f.	0.1007	0.3505	6	11	15	6	2	2.946	2019	0.3333	0.491
2221	rachmaniah o.	0.0808	-0.5412	3	15	15	2	2	2.946	2019	1	1.473
2226	radi r.	0.0957	0.5242	20	2	4	2	0	0	2019	0	0
2243	rahayu s.p.	0.4941	0.7053	13	3	3	4	5	7.3649	2019	1.25	1.8412
2248	rahmadiansah a.	0.329	-0.0355	9	2	2	3	3	4.419	2019	1	1.473
2250	rahman a.	-0.8494	-0.0255	12	8	8	3	9	13.2569	2019	3	4.419
2252	rahman a.h.	0.5472	-0.4964	24	7	8	2	0	0	2019	0	0
2255	rahman m.a.	0.7508	-0.2018	32	11	11	1	4	5.8919	2019	4	5.8919
2257	rahman n.t.t.	-0.3303	0.842	1	10	10	1	0	0	2019	0	0
2259	rahmania v.	-0.1017	0.6051	1	11	11	1	0	0	2019	0	0
2261	rahmat m.b.	-0.1602	0.7964	1	21	23	2	0	0	2019	0	0
2273	rahmawati y.	0.0776	-0.7478	3	6	10	5	4	5.8919	2019	0.8	1.1784
2278	rakhmawati l.	0.5171	0.5303	36	4	5	3	4	5.8919	2019	1.3333	1.964
2279	rakhmawati n.a.	-0.7152	0.2882	14	1	1	6	0	0	2019	0	0
2282	ramadhan i.h.	0.0408	-0.7277	3	4	7	2	0	0	2019	0	0
2283	ramadhan m.r.	1.1373	0.2964	4	11	11	1	0	0	2019	0	0
2285	ramadhani a.	-0.0375	-0.6867	3	10	10	1	0	0	2019	0	0
2296	ramdhani z.p.	0.5687	-0.4734	24	7	7	1	0	0	2019	0	0
2298	ramli i.	1.1612	0.3794	4	11	11	1	0	0	2019	0	0
2308	rasyida a.	0.743	0.1569	11	6	10	5	0	0	2019	0	0
2309	ratna a.a.p.	0.0956	0.3208	6	7	7	1	0	0	2019	0	0
2311	ratnasari v.	0.2368	0.4017	13	10	19	10	13	19.1488	2019	1.3	1.9149
2317	reichert s.	-0.8026	0.9475	40	7	7	1	1	1.473	2019	1	1.473
2321	reni syamsudin a.	-0.7126	-0.5906	17	23	23	1	1	1.473	2019	1	1.473
2323	retno i.a.	0.7682	-0.4429	9	8	8	1	0	0	2019	0	0
2328	riawan d.c.	-0.5487	0.5867	20	11	29	10	3	4.419	2019	0.3	0.4419
2330	ridwan m.	-0.493	0.529	20	6	6	2	2	2.946	2019	1	1.473
2338	rijanto e.	-0.1625	0.1264	5	4	8	3	0	0	2019	0	0
2340	riksakomara e.	-0.7297	0.3666	14	3	3	2	1	1.473	2019	0.5	0.7365
2343	rinanto n.	-0.1834	0.6386	1	21	22	3	0	0	2019	0	0
2349	riouak i.	-0.2058	-0.4973	22	12	12	1	1	1.473	2019	1	1.473
2351	risanti d.d.	0.3028	-1.2187	59	0	0	5	0	0	2019	0	0
2353	riski fitra f.	0.8186	-0.4163	9	8	8	1	0	0	2019	0	0
2355	ristiani d.	0.9931	0.334	4	9	10	3	1	1.473	2019	0.3333	0.491
2359	rivai m.	0.0931	0.4829	20	7	15	15	8	11.7839	2019	0.5333	0.7856
2361	riyanti	-0.4359	-0.563	35	9	9	1	2	2.946	2019	2	2.946
2362	riyanto i.	-0.3035	0.5445	20	7	7	1	0	0	2019	0	0
2374	robbany f.	-0.4844	-0.2871	41	5	8	2	4	5.8919	2019	2	2.946
2375	rochiem n.h.	-0.177	1.0355	1	10	10	1	0	0	2019	0	0
2376	rochiem r.	0.7159	0.0268	11	8	10	4	0	0	2019	0	0
2377	rochimah s.	-0.4231	0.2485	5	13	19	11	6	8.8379	2019	0.5455	0.8034
2381	rochman j.p.g.n.	-0.251	-0.204	6	6	14	4	2	2.946	2019	0.5	0.7365
2382	rochman n.t.	0.9418	0.0116	11	7	7	1	0	0	2019	0	0
2387	roesyadi a.	0.2553	-0.6785	7	14	26	12	4	5.8919	2019	0.3333	0.491
2393	rohedi a.y.	1.0347	-0.0669	18	7	7	1	1	1.473	2019	1	1.473
2395	rohmah r.a.	-0.8916	-0.0703	12	7	7	1	9	13.2569	2019	9	13.2569
2405	rosaliza m.	-0.9757	0.1245	19	24	24	1	0	0	2019	0	0
2421	rubiyanto a.	0.4877	-0.0379	25	15	17	6	8	11.7839	2019	1.3333	1.964
2423	"ruddianto, budianto a."	-0.2083	1.0419	1	10	10	1	0	0	2019	0	0
2424	"ruddianto, suharjito g."	-0.387	0.8649	1	10	10	1	0	0	2019	0	0
2425	"ruddianto, zuliari e.a."	-0.1559	0.605	1	11	11	1	0	0	2019	0	0
2432	rusdiansyah a.	-0.7342	0.0232	14	2	2	6	5	7.3649	2019	0.8333	1.2275
2434	"rustam, dian angriani a."	-0.9722	0.2237	19	24	24	1	0	0	2019	0	0
2436	ruth p.	-0.7909	0.9042	40	7	7	1	1	1.473	2019	1	1.473
2437	rwabudandi i.	0.2897	0.0282	9	1	1	4	1	1.473	2019	0.25	0.3682
2438	ryan yudha a.	-0.3045	0.9244	1	13	13	1	0	0	2019	0	0
2441	sa'adah r.a.	-0.2703	0.6911	1	11	11	1	0	0	2019	0	0
2445	sabilla i.a.	-0.4436	0.202	5	6	6	2	2	2.946	2019	1	1.473
2448	saddhono k.	-1.1936	-0.1081	33	11	11	1	0	0	2019	0	0
2450	sadjab b.a.	0.1378	-1.009	7	8	8	1	0	0	2019	0	0
2456	safitri j.	-0.63	-0.5301	17	23	23	1	1	1.473	2019	1	1.473
2460	sagala d.	-1.043	0.1254	19	24	24	1	0	0	2019	0	0
2464	saifulloh m.	-0.1078	-0.8348	3	8	8	1	0	0	2019	0	0
2476	saleh a.r.	0.3313	0.1462	26	4	7	3	0	0	2019	0	0
2482	salleh m.s.	-0.7361	-0.1069	10	2	4	2	0	0	2019	0	0
2483	salleh m.z.	-0.0259	-0.2818	22	3	8	3	10	14.7298	2019	3.3333	4.9099
2485	sallu s.	-0.9269	0.1636	19	24	24	1	0	0	2019	0	0
2486	salmiati s.	0.1573	-0.0346	25	4	4	2	27	39.7706	2019	13.5	19.8853
2492	samopa f.	-0.7154	0.3422	14	3	3	3	1	1.473	2019	0.3333	0.491
2497	samudro g.	-0.9887	0.6055	39	7	7	1	1	1.473	2019	1	1.473
2500	sandu a.v.	0.62	0.3839	29	10	10	1	2	2.946	2019	2	2.946
2501	sangian h.f.	0.1152	-0.9588	7	9	9	2	0	0	2019	0	0
2508	santosa b.	-0.6816	-0.1783	10	5	16	11	2	2.946	2019	0.1818	0.2678
2509	santosa b.j.	-0.3068	-0.2583	6	4	4	2	1	1.473	2019	0.5	0.7365
2515	santoso e.b.	-0.5742	0.3866	14	2	4	5	0	0	2019	0	0
2518	santoso m.	0.0925	-0.0539	2	10	10	4	4	5.8919	2019	1	1.473
2525	saptarini d.	-0.1519	0.3183	1	2	3	4	3	4.419	2019	0.75	1.1047
2528	saputra s.w.	-0.0654	0.847	1	12	12	1	0	0	2019	0	0
2532	saputro j.a.	-0.3843	0.8296	1	10	10	1	0	0	2019	0	0
2533	saputro t.b.	-0.3471	-0.4424	10	3	4	4	0	0	2019	0	0
2535	saraswati t.e.	0.3714	-0.3928	2	3	3	2	0	0	2019	0	0
2539	sardjono t.a.	0.1495	0.9499	28	3	4	5	0	0	2019	0	0
2547	sari l.k.	-0.3943	-0.5913	35	9	9	1	2	2.946	2019	2	2.946
2557	sarno r.	-0.3735	0.2259	5	12	43	56	73	107.5279	2019	1.3036	1.9201
2562	sass p.	-0.7581	0.9504	40	7	7	1	1	1.473	2019	1	1.473
2566	sato h.	0.9754	0.5275	4	11	17	2	0	0	2019	0	0
2567	satwika n.a.	0.1701	-0.3528	21	8	13	5	1	1.473	2019	0.2	0.2946
2571	sebastian j.	-0.5557	0.7881	34	10	10	1	0	0	2019	0	0
2585	"semin, zaman m.b."	0.4917	-1.1176	60	0	0	4	7	10.3109	2019	1.75	2.5777
2588	septiani e.l.	0.486	-0.6268	23	6	9	2	0	0	2019	0	0
2589	septya kusuma h.	-0.5545	-0.9341	15	8	8	1	1	1.473	2019	1	1.473
2591	septyaningrum e.	0.1265	-0.3662	21	6	9	2	1	1.473	2019	0.5	0.7365
2595	setiadi i.c.	0.3497	-0.2526	9	2	7	6	1	1.473	2019	0.1667	0.2455
2597	setiawan a.	0.1552	0.5533	27	6	6	2	0	0	2019	0	0
2600	setiawan e.	-0.1294	0.4492	1	13	14	3	0	0	2019	0	0
2604	setiawan p.a.	-0.07	0.1874	16	12	16	4	11	16.2028	2019	2.75	4.0507
2613	setijadi e.	-0.5252	0.4831	20	11	27	10	5	7.3649	2019	0.5	0.7365
2617	setiyawan a.	0.2778	0.1669	26	6	9	4	13	19.1488	2019	3.25	4.7872
2619	setiyoko a.s.	-0.1767	0.7564	1	29	34	3	0	0	2019	0	0
2620	setiyono b.	-0.9461	0.4484	52	1	3	3	1	1.473	2019	0.3333	0.491
2626	setyawan h.	0.6761	-0.4911	23	5	8	6	21	30.9327	2019	3.5	5.1554
2630	setyorini d.	0.5592	-0.6857	23	4	4	2	1	1.473	2019	0.5	0.7365
2641	sheikh abdul kadir s.h.	0.7513	-0.1736	32	11	11	1	4	5.8919	2019	4	5.8919
2644	shigeishi m.	0.4742	0.2596	29	4	7	3	1	1.473	2019	0.3333	0.491
2645	shimada m.	0.674	-0.7189	23	5	8	2	6	8.8379	2019	3	4.419
2649	"sholahuddin, adhitya r.y."	-0.1586	1.0103	1	10	10	1	0	0	2019	0	0
2651	sholiq s.	-0.659	0.2361	14	5	6	2	0	0	2019	0	0
2653	shovitri m.	-0.1646	-0.3923	10	14	25	7	2	2.946	2019	0.2857	0.4209
2654	shu-chiang l.	-0.8079	-0.3847	8	2	3	2	0	0	2019	0	0
2655	siahaan d.	-0.5564	0.2979	14	5	5	7	1	1.473	2019	0.1429	0.2104
2656	siahaan d.o.	-0.4985	0.3176	14	3	3	5	1	1.473	2019	0.2	0.2946
2657	siddiq n.a.	0.987	-0.2381	18	3	4	2	2	2.946	2019	1	1.473
2662	sihotang c.h.	-0.5636	0.744	34	10	10	1	0	0	2019	0	0
2664	silva j.d.	0.2166	0.1412	26	4	6	2	10	14.7298	2019	5	7.3649
2667	simanjuntak f.m.	0.6106	0.1063	2	5	5	2	3	4.419	2019	1.5	2.2095
2669	simanora s.	-0.3967	-0.6167	35	9	9	1	2	2.946	2019	2	2.946
2670	sinaga g.n.	-1.0119	0.5978	39	7	7	1	1	1.473	2019	1	1.473
2671	singgih m.l.	-0.497	-0.14	8	4	4	2	0	0	2019	0	0
2675	siswanto n.	-0.6831	-0.1082	10	10	21	16	9	13.2569	2019	0.5625	0.8286
2685	slamet a.	-0.5728	-0.0443	10	6	10	3	4	5.8919	2019	1.3333	1.964
2686	smart s.	0.5869	-0.1653	26	7	7	1	1	1.473	2019	1	1.473
2688	soebandhi s.	-1.0827	0.1264	19	24	24	1	0	0	2019	0	0
2697	soedjono e.	0.1965	0.5137	27	4	6	3	1	1.473	2019	0.3333	0.491
2698	soedjono e.s.	0.2426	0.5062	27	8	13	6	2	2.946	2019	0.3333	0.491
2699	soegianto a.	0.3149	-0.8041	7	2	4	3	4	5.8919	2019	1.3333	1.964
2705	soelistijono r.t.	-0.3149	0.8812	1	21	23	2	0	0	2019	0	0
2707	soemitro r.a.a.	-0.2536	-0.2791	6	2	4	4	0	0	2019	0	0
2708	soepangkat b.o.p.	-0.4674	-0.2426	41	9	31	12	21	30.9327	2019	1.75	2.5777
2709	soeprapto s.	0.111	-0.6548	3	7	7	1	0	0	2019	0	0
2710	soeprijanto a.	-0.4205	0.6541	1	38	47	10	5	7.3649	2019	0.5	0.7365
2711	soeprijanto a.a.	-0.2561	0.6637	1	11	11	1	0	0	2019	0	0
2712	soeprijanto s.	0.0807	-0.6782	3	9	9	2	0	0	2019	0	0
2722	sooai a.g.	-0.0196	0.1368	6	12	15	4	0	0	2019	0	0
2724	soontaranon s.	0.8363	0.242	4	4	5	2	1	1.473	2019	0.5	0.7365
2728	so’im s.	-0.0567	0.3708	16	8	8	1	2	2.946	2019	2	2.946
2730	steli h.	-0.3844	-0.9531	15	9	9	1	12	17.6758	2019	12	17.6758
2738	suari n.m.i.p.	0.071	-0.4257	3	8	8	1	2	2.946	2019	2	2.946
2740	suasmoro s.	0.9083	0.4985	4	11	11	3	3	4.419	2019	1	1.473
2741	"suasmoro, darminto, kawamata t."	1.0141	0.5227	4	7	7	1	0	0	2019	0	0
2758	subekti p.	-1.005	-0.0385	12	7	7	1	9	13.2569	2019	9	13.2569
2760	subhan a.	0.7257	0.0683	11	6	7	2	2	2.946	2019	1	1.473
2762	subiyanto l.	-0.289	0.9545	1	28	33	3	0	0	2019	0	0
2764	subriadi a.p.	-0.6732	0.2089	14	3	3	9	1	1.473	2019	0.1111	0.1637
2766	suciati n.	-0.3602	0.0548	5	16	23	7	8	11.7839	2019	1.1429	1.6834
2770	sudarmanta b.	0.2847	0.1362	26	9	23	15	19	27.9867	2019	1.2667	1.8658
2771	sudarningsih s.	0.3193	0.2732	30	7	14	2	8	11.7839	2019	4	5.8919
2773	sudarsana i.k.	-1.241	-0.1716	33	11	11	1	0	0	2019	0	0
2775	"sudarsono, fatimah i."	0.9624	-0.1284	18	8	8	1	0	0	2019	0	0
2776	"sudarsono, gatut y."	0.708	-1.0137	37	8	8	1	1	1.473	2019	1	1.473
2777	"sudarsono, puspitasari n."	0.9999	-0.1393	18	11	11	2	1	1.473	2019	0.5	0.7365
2779	sudiarti y.	-0.6941	0.4117	14	3	4	2	0	0	2019	0	0
2781	sudibyo r.m.	-0.1994	1.0051	1	10	10	1	0	0	2019	0	0
2782	"sudiyono, subekti a."	-0.1057	0.3895	16	8	8	1	2	2.946	2019	2	2.946
2783	sudrajat d.	-0.9617	-0.0537	12	12	14	2	18	26.5137	2019	9	13.2569
2784	suef m.	-0.4651	-0.1522	8	7	9	5	0	0	2019	0	0
2786	sugiarto i.	-0.0358	0.0919	6	8	8	1	0	0	2019	0	0
2788	sugihardjo h.	0.4197	0.2238	29	3	3	4	1	1.473	2019	0.25	0.3682
2794	"suhardjono, effendi m.k."	-0.5305	-0.2944	41	5	8	2	7	10.3109	2019	3.5	5.1554
2804	suhartono	0.4247	0.7274	13	4	6	7	2	2.946	2019	0.2857	0.4209
2816	"suhartono, prastyo d.d."	0.6008	0.651	13	4	7	3	0	0	2019	0	0
2821	suhermi n.	0.4937	0.743	13	4	4	3	10	14.7298	2019	3.3333	4.9099
2823	sujiatanti s.h.	0.3483	-1.1042	61	0	0	3	0	0	2019	0	0
2826	"sujono, sirait r."	-0.3402	0.5782	20	7	7	1	0	0	2019	0	0
2831	sukma kurniawan p.	-0.7044	-0.5342	17	23	23	1	1	1.473	2019	1	1.473
2836	sukoco a.	-0.1527	-0.0719	16	7	8	2	0	0	2019	0	0
2837	sukoco d.	-0.241	0.7001	1	11	11	1	0	0	2019	0	0
2842	sukrisna hutauruk d.	-0.8909	-0.2416	12	9	9	1	3	4.419	2019	3	4.419
2845	sulaiman s.	1.1234	0.3456	4	11	11	1	0	0	2019	0	0
2847	sulistijono i.a.	0.1099	-1.2462	62	0	0	2	0	0	2019	0	0
2848	sulistiono d.o.	0.366	0.0512	2	4	5	2	0	0	2019	0	0
2852	sulistyaningrum d.r.	-0.9309	0.4509	52	1	3	3	1	1.473	2019	0.3333	0.491
2859	sumarno	-0.2332	-0.7997	3	4	7	4	4	5.8919	2019	1	1.473
2863	sumartono e.	-1.035	-0.0361	12	7	7	1	9	13.2569	2019	9	13.2569
2866	"sumitro, prabowo sutjiatmo b."	-0.7328	-0.565	17	23	23	1	1	1.473	2019	1	1.473
2867	sumpeno s.	0.0168	0.234	6	9	14	9	0	0	2019	0	0
2868	sunarno h.	1.0195	-0.1048	18	11	15	2	1	1.473	2019	0.5	0.7365
2873	"sunaryono, hidayat n."	0.8642	0.3491	4	7	7	1	0	0	2019	0	0
2877	sungkono k.r.	-0.3456	0.293	5	3	30	22	22	32.4057	2019	1	1.473
2890	supomo h.	-0.9931	-0.5374	8	9	13	2	2	2.946	2019	1	1.473
2892	suprapto s.	0.265	-0.2392	2	10	11	5	3	4.419	2019	0.6	0.8838
2894	suprapto y.k.	0.0925	0.4332	16	10	14	10	1	1.473	2019	0.1	0.1473
2907	suprobo p.	-0.7576	-1.0115	53	1	3	4	4	5.8919	2019	1	1.473
2909	surtikanti h.k.	0.2226	-0.0682	25	6	6	1	11	16.2028	2019	11	16.2028
2910	surya s.	-1.0379	-0.0653	12	7	7	1	9	13.2569	2019	9	13.2569
2913	suryani e.	-0.4027	0.0233	14	7	15	12	6	8.8379	2019	0.5	0.7365
2914	suryani t.	0.4694	0.4924	36	5	11	5	0	0	2019	0	0
2916	suryaningsih t.	-0.7723	-0.5286	17	23	23	1	1	1.473	2019	1	1.473
2919	suryoatmojo h.	-0.436	0.5481	20	9	29	12	6	8.8379	2019	0.5	0.7365
2922	susanti d.	0.7497	0.0912	11	11	25	11	1	1.473	2019	0.0909	0.1339
2923	susanto d.f.	0.1881	-0.8221	7	4	7	2	0	0	2019	0	0
2926	susanto t.d.	-0.5984	0.273	14	3	3	10	1	1.473	2019	0.1	0.1473
2927	susetyo c.	0.205	-1.1968	63	0	0	4	1	1.473	2019	0.25	0.3682
2930	"susianto, rahmawati y."	-0.068	-0.6612	3	10	10	1	0	0	2019	0	0
2937	susilo i.	0.6883	-1.031	37	8	8	2	1	1.473	2019	0.5	0.7365
2939	sutantra i.n.	-0.0956	0.125	5	5	6	5	0	0	2019	0	0
2940	sutardi s.	-0.1337	-0.186	16	2	3	2	0	0	2019	0	0
2943	sutikno j.p.	1.1084	-0.4924	44	4	10	4	0	0	2019	0	0
2976	suyatno	0.9542	-0.1785	18	5	6	4	0	0	2019	0	0
2982	syafei a.d.	-0.5149	-0.0301	10	5	10	4	1	1.473	2019	0.25	0.3682
2985	syafiuddin a.	0.2095	-0.019	25	13	33	8	44	64.8113	2019	5.5	8.1014
2986	"syafrudin, nugraha w.d."	-1.0182	0.6529	39	7	7	1	1	1.473	2019	1	1.473
2994	syahrom a.	0.7345	0.8839	45	3	6	2	8	11.7839	2019	4	5.8919
2997	syahrul kahar m.	-0.7535	-0.598	17	23	23	1	1	1.473	2019	1	1.473
2998	syai'in m.	-0.2114	0.8156	1	56	78	8	0	0	2019	0	0
2999	syaifuddin f.	-0.1981	-0.1744	6	5	13	3	0	0	2019	0	0
3000	syaifudin a.	1.1271	0.6933	50	1	1	3	1	1.473	2019	0.3333	0.491
3003	syaifullah h.	0.6779	-0.0703	11	3	6	2	0	0	2019	0	0
3006	syakti a.d.	-0.4228	-0.5933	35	9	9	1	2	2.946	2019	2	2.946
3018	tajuddin m.f.	-0.1344	0.6308	1	11	11	1	0	0	2019	0	0
3019	tajunnisa y.	0.5259	0.3045	29	14	17	4	3	4.419	2019	0.75	1.1047
3021	takahashi h.	0.0546	0.3832	6	7	10	3	0	0	2019	0	0
3023	talitha p.s.	-0.4984	1.1448	43	4	10	3	0	0	2019	0	0
3028	tamuntuan g.h.	0.0899	-0.9738	7	8	8	1	0	0	2019	0	0
3032	tangahu b.v.	-0.1828	0.3926	31	8	13	4	29	42.7166	2019	7.25	10.6791
3035	taniguchi t.	1.1486	0.3244	4	11	11	1	0	0	2019	0	0
3042	taufany f.	-0.0474	-0.5926	3	16	24	6	0	0	2019	0	0
3043	taufik m.	0.0982	0.0992	30	5	8	5	0	0	2019	0	0
3045	taufiq a.	0.8503	0.2962	4	12	12	3	1	1.473	2019	0.3333	0.491
3046	taufiqurrahman t.	-0.9221	-0.1567	12	7	8	2	9	13.2569	2019	4.5	6.6284
3054	teja baihaqi m.	-0.3751	0.1206	5	9	9	1	1	1.473	2019	1	1.473
3055	tetrisyanda r.	0.224	-0.9232	7	8	11	4	1	1.473	2019	0.25	0.3682
3056	tezdogan t.	-0.9852	-0.5097	8	9	13	2	2	2.946	2019	1	1.473
3061	tinambunan m.h.	-1.0512	-0.1907	12	7	7	1	7	10.3109	2019	7	10.3109
3065	titah h.s.	-0.3369	0.4052	31	11	30	13	38	55.9734	2019	2.9231	4.3056
3066	titi ciptaningtyas h.	-0.3797	0.0921	5	9	9	1	1	1.473	2019	1	1.473
3067	tiurma manurung r.	-0.7236	-0.6218	17	23	23	1	1	1.473	2019	1	1.473
3070	tjahyanto a.	-0.6953	0.2889	14	5	5	7	4	5.8919	2019	0.5714	0.8417
3071	tjandrasa h.	-0.3478	0.1409	5	9	11	8	2	2.946	2019	0.25	0.3682
3076	tonetta s.	-0.2335	-0.5047	22	12	12	1	1	1.473	2019	1	1.473
3081	trapsilawati f.	0.0071	0.6632	27	6	11	2	0	0	2019	0	0
3087	trihadiningrum y.	-0.3808	-0.3537	10	3	4	6	18	26.5137	2019	3	4.419
3090	triono b.	0.9328	0.4673	4	10	10	1	0	0	2019	0	0
3091	trisanti p.n.	-0.2011	-0.7886	3	4	5	4	1	1.473	2019	0.25	0.3682
3093	tritias utami r.	-0.9939	0.1572	19	24	24	1	0	0	2019	0	0
3094	triwahyono s.	0.2556	-0.3662	2	7	9	2	7	10.3109	2019	3.5	5.1554
3097	triwikantoro t.	0.9076	0.2942	4	3	3	2	0	0	2019	0	0
3104	"triwikantoro, zainuri m."	0.9564	0.1977	18	2	3	2	0	0	2019	0	0
3111	tucunan k.p.	0.2047	0.5345	27	1	1	4	0	0	2019	0	0
3115	tunik muharlisiani l.	-0.6869	-0.5034	17	23	23	1	1	1.473	2019	1	1.473
3116	tunmee s.	1.0366	0.1618	18	2	2	2	0	0	2019	0	0
3121	ubaidillah a.n.	0.5702	-0.2112	26	7	7	1	1	1.473	2019	1	1.473
3124	ulama b.s.s.	0.4674	0.6675	13	5	5	4	0	0	2019	0	0
3125	ulfa m.	0.3501	-0.4253	2	2	6	5	0	0	2019	0	0
3132	umaisaroh u.	-0.7091	0.5738	20	2	5	3	4	5.8919	2019	1.3333	1.964
3134	umam c.	-0.0785	-1.2373	46	3	9	4	2	2.946	2019	0.5	0.7365
3145	uta nugraha y.	-0.7923	0.6739	48	3	7	3	0	0	2019	0	0
3146	utama h.p.	-0.611	0.7654	34	10	10	1	0	0	2019	0	0
3147	utama i.k.a.p.	0.0511	-0.3409	21	8	10	4	2	2.946	2019	0.5	0.7365
3149	utama w.	0.2494	0.2415	30	11	18	4	8	11.7839	2019	2	2.946
3155	utami sutiksno d.	-0.9754	0.1872	19	24	24	1	0	0	2019	0	0
3162	utomo w.m.	-0.16	-0.0467	16	7	7	1	0	0	2019	0	0
3163	utomo w.p.	0.384	-0.1238	2	7	17	6	9	13.2569	2019	1.5	2.2095
3166	vanany i.	-0.5832	-0.0982	8	10	22	18	30	44.1895	2019	1.6667	2.455
3167	vania dwinda o.	0.7924	-0.4284	9	8	8	1	0	0	2019	0	0
3168	variyana y.	-0.2173	-0.9828	15	4	5	2	0	0	2019	0	0
3171	verylian m.	-0.5994	0.7357	34	10	10	1	0	0	2019	0	0
3173	vinaya a.a.	0.653	-0.5537	24	2	4	2	1	1.473	2019	0.5	0.7365
3175	vincentius r.m.	-0.5142	1.1091	43	4	10	3	0	0	2019	0	0
3180	vizureanu p.	0.6004	0.3524	29	10	10	1	2	2.946	2019	2	2.946
3187	wahidin a.	-0.2123	0.9543	1	20	23	2	0	0	2019	0	0
3188	wahjudi a.	0.1486	0.1404	26	4	7	5	5	7.3649	2019	1	1.473
3195	wahyudi m.	-0.2788	0.3481	42	5	7	3	1	1.473	2019	0.3333	0.491
3197	"wahyudiono, kanda h."	0.5159	-0.6764	23	9	15	4	4	5.8919	2019	1	1.473
3200	wahyuni c.s.	-0.3866	0.2727	5	5	17	8	3	4.419	2019	0.375	0.5524
3201	wahyuni d.k.	-0.3676	-0.4433	10	2	3	2	0	0	2019	0	0
3202	wahyuni e.	-0.7453	-1.0199	53	1	3	3	0	0	2019	0	0
3205	wahyuni s.	-0.9421	0.1983	19	24	24	1	0	0	2019	0	0
3206	wahyuni t.	0.2478	-0.3312	2	7	7	1	1	1.473	2019	1	1.473
3209	wahyuono r.a.	0.1769	-0.2203	21	8	8	3	2	2.946	2019	0.6667	0.982
3212	wakeshima m.	1.1305	0.3739	4	11	11	1	0	0	2019	0	0
3220	wang z.	0.545	-0.0329	25	7	7	1	3	4.419	2019	3	4.419
3221	wanto a.	-0.9552	-0.1727	12	29	38	6	37	54.5004	2019	6.1667	9.0834
3224	wardani i.o.k.	-0.4	-0.129	8	4	7	3	0	0	2019	0	0
3229	wardhana i.w.	-1.0086	0.6262	39	7	7	1	1	1.473	2019	1	1.473
3232	warmadewanthi i.	-0.3555	-0.2299	10	4	4	3	4	5.8919	2019	1.3333	1.964
3234	warnana d.d.	-0.2369	-0.2385	6	8	21	7	2	2.946	2019	0.2857	0.4209
3237	watanabe i.	1.0338	0.3407	4	25	28	4	1	1.473	2019	0.25	0.3682
3238	watanabe t.	0.1551	1.0002	28	1	2	2	0	0	2019	0	0
3244	wibawa a.d.	0.0536	0.6079	27	11	27	10	4	5.8919	2019	0.4	0.5892
3246	wibawa g.	0.2047	-0.9069	7	8	11	5	2	2.946	2019	0.4	0.5892
3250	wibisono a.	-0.4878	0.0451	14	5	10	5	1	1.473	2019	0.2	0.2946
3251	wibisono a.t.	0.6767	0.0506	11	6	6	3	1	1.473	2019	0.3333	0.491
3252	wibisono w.	-0.5202	0.1207	5	4	5	7	1	1.473	2019	0.1429	0.2104
3253	wibisono y.	-0.0512	-1.2097	46	3	6	2	0	0	2019	0	0
3260	wibowo r.s.	-0.5781	0.7032	34	11	21	6	1	1.473	2019	0.1667	0.2455
3261	wibowo s.a.	-0.1694	-1.0404	15	6	9	2	1	1.473	2019	0.5	0.7365
3262	wibowo w.	0.2804	0.406	13	2	2	4	4	5.8919	2019	1	1.473
3267	wicaksono d.s.	0.1879	0.835	28	12	12	1	0	0	2019	0	0
3273	wicaksono s.t.	0.7049	0.148	11	11	20	11	0	0	2019	0	0
3276	widayat w.	0.3215	-0.57	7	8	8	1	0	0	2019	0	0
3277	widi bhawika g.	-0.8367	-0.2396	12	11	12	3	3	4.419	2019	1	1.473
3281	widiastuti n.	0.4816	-0.1689	26	13	22	9	5	7.3649	2019	0.5556	0.8183
3285	widiyastuti w.	0.6614	-0.6329	23	13	27	9	35	51.5545	2019	3.8889	5.7283
3286	"widiyastuti, setyawan h."	0.4569	-0.6311	23	6	9	2	0	0	2019	0	0
3290	widjaja a.	0.1622	-0.8034	7	10	19	9	5	7.3649	2019	0.5556	0.8183
3292	widjaja t.	-0.0055	-0.7746	3	17	45	14	4	5.8919	2019	0.2857	0.4209
3293	widjiantoro b.l.	0.3787	-0.3268	24	3	5	4	0	0	2019	0	0
3295	widodo a.	-0.118	-0.113	6	16	26	6	1	1.473	2019	0.1667	0.2455
3296	widodo b.	-0.0595	-0.2397	22	12	25	13	17	25.0407	2019	1.3077	1.9262
3297	widodo b.u.k.	-0.0826	-0.4639	3	4	8	4	0	0	2019	0	0
3298	widodo e.	-0.5613	-0.1306	8	5	11	8	4	5.8919	2019	0.5	0.7365
3301	widodo s.	-0.5997	-0.4706	17	24	24	2	1	1.473	2019	0.5	0.7365
3302	widodo w.a.	-0.1093	-0.1553	16	9	15	9	11	16.2028	2019	1.2222	1.8003
3306	widyanti a.	0.0316	0.6482	27	6	11	2	0	0	2019	0	0
3308	widyastuti w.	0.915	0.0175	11	7	7	1	0	0	2019	0	0
3313	wiguno a.	0.2518	-0.9117	7	7	8	2	0	0	2019	0	0
3324	wijayanti i.d.	0.4603	1.0753	38	8	9	2	14	20.6218	2019	7	10.3109
3326	wijayanto t.	0.058	0.661	27	6	11	2	0	0	2019	0	0
3327	wijiyanti r.	0.5332	-0.1729	26	7	12	3	2	2.946	2019	0.6667	0.982
3329	wikansari r.	-1.0145	0.0414	19	31	31	2	9	13.2569	2019	4.5	6.6284
3330	wikarta a.	-0.8054	0.6933	48	3	5	3	0	0	2019	0	0
3334	wilujeng s.a.	-0.3711	-0.2095	10	2	3	4	5	7.3649	2019	1.25	1.8412
3335	winardi s.	0.5958	-0.723	23	14	35	10	19	27.9867	2019	1.9	2.7987
3338	winarto t.a.	-0.252	0.752	1	11	11	1	0	0	2019	0	0
3348	wirawan w.	0.4559	0.526	36	8	12	6	3	4.419	2019	0.5	0.7365
3353	"wirawan, suwadi"	0.5365	0.5365	36	1	1	7	8	11.7839	2019	1.1429	1.6834
3359	wityasminingsih e.	-0.676	-0.4715	17	23	23	1	1	1.473	2019	1	1.473
3361	wiwoho f.p.	-0.1267	-0.0583	16	8	10	3	1	1.473	2019	0.3333	0.491
3362	woo e.m.	0	-0.6232	3	2	3	2	2	2.946	2019	1	1.473
3365	wulandari a.d.	-0.6828	0.2355	14	5	6	2	0	0	2019	0	0
3368	wulandari d.p.	0.0637	0.4689	16	4	7	4	0	0	2019	0	0
3377	yahaya s.h.	-0.7325	-0.0867	10	2	4	2	0	0	2019	0	0
3380	yamasari y.	0.0253	0.4004	6	4	6	2	0	0	2019	0	0
3386	yartys v.	0.5097	1.0614	38	7	7	1	5	7.3649	2019	5	7.3649
3387	yartys v.a.	0.423	1.0772	38	2	3	2	10	14.7298	2019	5	7.3649
3389	yasin s.h.m.	-0.0411	-0.3053	22	3	8	3	10	14.7298	2019	3.3333	4.9099
3390	yasmin m.	0.1299	-0.4816	3	2	4	2	1	1.473	2019	0.5	0.7365
3397	yong h.c.	0.556	0.3653	29	10	10	1	2	2.946	2019	2	2.946
3398	yono h.p.	0.671	-1.0093	37	8	8	1	1	1.473	2019	1	1.473
3401	yoshimoto k.	0.02	0.3676	6	6	8	2	0	0	2019	0	0
3402	yoshizawa m.	0.939	-0.7189	47	3	6	2	0	0	2019	0	0
3404	youhanita e.	-1.0268	0.0912	19	24	24	1	0	0	2019	0	0
3405	young k.	0.4638	1.0321	38	7	7	1	5	7.3649	2019	5	7.3649
3409	yuan z.	-0.9537	-0.5194	8	9	9	1	2	2.946	2019	2	2.946
3410	yudanto s.d.	0.9595	-0.7463	47	3	6	2	0	0	2019	0	0
3415	yudhi wijaya a.	-0.3771	0.1495	5	9	9	1	1	1.473	2019	1	1.473
3417	yudoyono g.	0.9931	-0.0566	18	12	20	5	1	1.473	2019	0.2	0.2946
3419	yuhana u.l.	-0.3329	0.3383	5	4	8	3	0	0	2019	0	0
3427	yulistya negara i.m.	-0.2343	0.2239	42	4	6	2	0	0	2019	0	0
3428	yunanto a.a.	-0.492	0.2525	5	7	18	5	4	5.8919	2019	0.8	1.1784
3429	yunginger r.	0.35	0.2893	30	7	16	3	9	13.2569	2019	3	4.419
3432	yuniarno e.m.	-0.0267	0.2503	6	24	41	21	1	1.473	2019	0.0476	0.0701
3433	yuniarti a.	-0.4154	0.1679	5	14	17	4	2	2.946	2019	0.5	0.7365
3434	yuniarto a.	0.0674	0.0047	25	14	31	10	52	76.5952	2019	5.2	7.6595
3435	yuniarto m.n.	-0.2023	0.1316	5	10	15	7	0	0	2019	0	0
3436	"yuniningsih, susilo, yusuf m."	-0.7211	-0.5051	17	23	23	1	1	1.473	2019	1	1.473
3438	yunus a.r.	0.7105	-0.9862	37	8	8	1	1	1.473	2019	1	1.473
3444	yutomo e.b.	1.0222	0.3808	4	8	8	1	1	1.473	2019	1	1.473
3445	yuvenda d.	0.2298	0.1655	26	5	12	5	18	26.5137	2019	3.6	5.3027
3451	yuwono t.	-0.045	-0.1128	16	7	15	8	10	14.7298	2019	1.25	1.8412
3456	zaffanella e.	-0.2177	-0.5801	22	12	12	1	1	1.473	2019	1	1.473
3457	zahra s.	-0.5886	0.7944	34	10	10	1	0	0	2019	0	0
3461	zainal arifin a.	-0.4029	0.1285	5	9	9	1	1	1.473	2019	1	1.473
3462	zaini a.	0.0218	0.1766	6	4	4	4	0	0	2019	0	0
3464	zainuri m.	0.8994	0.1686	18	20	32	16	4	5.8919	2019	0.25	0.3682
3468	zaman m.b.	1.525	1.0363	54	1	1	5	4	5.8919	2019	0.8	1.1784
3471	zhai g.	0.1133	0.2316	9	4	5	3	0	0	2019	0	0
3476	zubaydi a.	0.444	-1.0194	64	0	0	2	1	1.473	2019	0.5	0.7365
3481	zulaika e.	-0.172	-0.3168	10	10	15	5	8	11.7839	2019	1.6	2.3568
3482	zulaikah s.	0.0436	-0.6614	3	15	17	2	0	0	2019	0	0
3488	zulfika d.n.	0.9073	0.0431	11	7	7	1	0	0	2019	0	0
3489	zuliana e.	-1.0906	0.164	19	24	24	1	0	0	2019	0	0
3490	zuliari e.a.	-0.0921	0.8286	1	12	12	1	0	0	2019	0	0
3493	zullaikah s.	0.0903	-0.4725	3	9	17	8	4	5.8919	2019	0.5	0.7365
3494	zulnazri z.	0.1168	-1.026	7	8	8	1	0	0	2019	0	0
