id	label	x	y	cluster	weight<Links>	weight<Total link strength>	weight<Documents>	weight<Citations>	weight<Norm. citations>	score<Avg. pub. year>	score<Avg. citations>	score<Avg. norm. citations>
22	abraha k.	0.1904	0.1623	5	2	2	4	1	0.9432	2019	0.25	0.2358
36	adams e.r.	0.8282	-0.0421	13	17	17	1	3	2.8295	2019	3	2.8295
54	adiputra d.	0.3579	1.0789	42	4	7	2	15	14.1473	2019	7.5	7.0737
65	adji t.b.	-0.0597	-0.1644	7	6	10	10	7	6.6021	2019	0.7	0.6602
66	adji t.n.	-0.5252	-0.7413	16	15	46	9	19	17.9199	2019	2.1111	1.9911
72	afandy d.	-0.4084	-0.0859	1	6	6	3	3	2.8295	2019	1	0.9432
83	afifah z.n.	0.0864	-0.9687	6	5	11	5	0	0	2019	0	0
88	agniy r.f.	-0.5323	-0.6968	16	14	31	6	12	11.3179	2019	2	1.8863
90	agus a.	0.3037	-0.4575	8	11	15	12	2	1.8863	2019	0.1667	0.1572
91	agus c.	0.4305	-0.6153	11	18	30	9	15	14.1473	2019	1.6667	1.5719
114	ahmad r.a.	0.6779	-0.2811	20	22	23	6	5	4.7158	2019	0.8333	0.786
117	ahmed r.	0.7813	-0.1341	13	17	17	1	3	2.8295	2019	3	2.8295
126	ainuri m.	0.0738	-0.0353	18	2	3	5	1	0.9432	2019	0.2	0.1886
136	aji r.n.	0.1422	-0.4385	8	5	6	3	1	0.9432	2019	0.3333	0.3144
139	akbar m.a.	0.6652	0.521	23	2	6	3	0	0	2019	0	0
146	akit h.	-1.1209	0.1247	43	4	12	3	3	2.8295	2019	1	0.9432
158	alam s.	-0.3882	-0.264	7	4	9	6	5	4.7158	2019	0.8333	0.786
160	alamsyah f.	-0.1589	0.2973	2	13	13	1	0	0	2019	0	0
164	alda b.	-0.2453	0.8437	34	11	11	1	0	0	2019	0	0
166	aletta a.	-0.5454	0.9188	19	14	14	1	4	3.7726	2019	4	3.7726
171	alfiah s.	0.4072	-0.1989	13	13	13	1	1	0.9432	2019	1	0.9432
180	alhasyimi a.a.	0.4563	0.8935	65	0	0	5	6	5.6589	2019	1.2	1.1318
184	ali m.e.	0.0463	-0.4006	4	6	12	3	9	8.4884	2019	3	2.8295
187	alim k.	0.5825	-0.8934	40	3	12	4	0	0	2019	0	0
189	alimon a.r.	-1.1394	0.087	43	4	12	3	3	2.8295	2019	1	0.9432
193	aliyah f.	0.0552	-0.5993	4	3	5	4	1	0.9432	2019	0.25	0.2358
194	alleta a.	-0.6556	0.7946	19	20	20	1	6	5.6589	2019	6	5.6589
211	aman a.t.	0.5802	0.3993	10	7	9	3	6	5.6589	2019	2	1.8863
220	amin m.k.m.	-0.2226	-0.7292	16	1	4	4	0	0	2019	0	0
233	andalas m.	-0.5806	0.9015	19	21	34	2	10	9.4315	2019	5	4.7158
237	andayani t.m.	1.2765	-0.1181	53	1	4	4	3	2.8295	2019	0.75	0.7074
240	andersen p.	0.1403	0.9399	27	13	13	1	23	21.6926	2019	23	21.6926
247	andilala n.	-0.286	0.868	34	11	11	1	0	0	2019	0	0
249	andini p.w.	1.1025	0.1345	22	17	17	1	4	3.7726	2019	4	3.7726
255	andries b.	0.567	-0.0387	14	10	15	2	8	7.5452	2019	4	3.7726
264	anggraeni a.s.	0.5972	-0.8706	40	3	12	4	0	0	2019	0	0
278	anh t.k.	0.5284	0.1544	24	17	17	1	5	4.7158	2019	5	4.7158
288	anstey n.m.	0.5872	-0.0851	14	35	63	6	20	18.8631	2019	3.3333	3.1438
289	antara n.y.	-0.1543	0.2713	2	13	13	1	0	0	2019	0	0
297	anwar s.	-0.6334	0.8628	19	21	34	3	10	9.4315	2019	3.3333	3.1438
298	anwar s.l.	-0.1848	0.0308	1	12	16	6	11	10.3747	2019	1.8333	1.7291
302	aprilita n.h.	-0.2428	0.564	2	4	6	6	2	1.8863	2019	0.3333	0.3144
306	araki k.	-0.7766	0.1048	12	22	22	1	1	0.9432	2019	1	0.9432
310	ardiansyah a.	1.0341	0.4146	39	3	3	3	2	1.8863	2019	0.6667	0.6288
312	ardiansyah s.a.	-0.1149	0.347	2	14	14	2	0	0	2019	0	0
316	ardiyanto i.	-0.023	-0.1789	7	13	23	16	8	7.5452	2019	0.5	0.4716
318	arfian n.	-0.2333	-0.1342	1	9	18	7	4	3.7726	2019	0.5714	0.5389
320	arguni e.	0.7181	-0.2399	20	27	36	4	3	2.8295	2019	0.75	0.7074
336	arif s.s.	0.2948	0.1988	5	2	2	3	0	0	2019	0	0
338	arifin b.	0.7626	0.1706	10	5	8	2	4	3.7726	2019	2	1.8863
345	arini h.m.	-0.2264	-0.3372	18	7	12	3	3	2.8295	2019	1	0.9432
351	aristya g.r.	0.1862	0.3535	17	3	6	5	1	0.9432	2019	0.2	0.1886
353	ariyadi b.	-0.0597	-0.5982	4	5	11	5	3	2.8295	2019	0.6	0.5659
356	ariyanto t.	0.21	0.645	3	10	19	14	14	13.2042	2019	1	0.9432
359	arjasakusuma s.	-0.9067	0.6423	38	6	12	4	1	0.9432	2019	0.25	0.2358
369	artama w.t.	-0.1234	0.0182	26	17	24	6	5	4.7158	2019	0.8333	0.786
372	artika i.m.	0.4348	0.6787	28	13	13	1	4	3.7726	2019	4	3.7726
375	aryandono t.	-0.1704	0.0101	1	15	26	8	22	20.7494	2019	2.75	2.5937
381	as'ad s.	-0.6067	-0.172	32	12	12	1	0	0	2019	0	0
385	asih p.b.s.	0.8207	-0.0927	13	17	17	1	3	2.8295	2019	3	2.8295
390	asmara w.	0.2168	0.1026	5	8	8	6	14	13.2042	2019	2.3333	2.2007
399	astuti a.	0.2515	-0.4753	8	5	5	5	0	0	2019	0	0
400	astuti a.p.	-0.7618	-0.3258	9	6	10	2	0	0	2019	0	0
406	astuti i.	-0.1513	0.0848	1	6	6	3	6	5.6589	2019	2	1.8863
410	astuti w.	0.0611	0.639	3	9	21	7	14	13.2042	2019	2	1.8863
416	at thobari j.	0.7252	0.3359	10	13	13	1	0	0	2019	0	0
423	atmanto w.	0.3767	-0.6491	11	12	12	1	2	1.8863	2019	2	1.8863
426	atmoko b.a.	0.1618	-0.3317	8	8	25	5	0	0	2019	0	0
429	atthobari j.	0.7289	0.1729	10	6	6	2	4	3.7726	2019	2	1.8863
434	avanti w.s.	-0.2093	-0.04	1	4	6	2	5	4.7158	2019	2.5	2.3579
436	awaludin a.	0.0108	-0.8257	6	19	19	3	1	0.9432	2019	0.3333	0.3144
442	azis m.m.	0.3464	0.5255	10	2	2	4	13	12.261	2019	3.25	3.0653
456	bachruddin z.	0.2506	-0.5087	8	8	15	6	0	0	2019	0	0
459	bachtiar n.s.	0.7136	0.3043	10	14	19	2	1	0.9432	2019	0.5	0.4716
464	bahiuddin i.	0.3631	1.0344	42	5	16	5	23	21.6926	2019	4.6	4.3385
472	baliarti e.	0.1728	-0.3792	8	13	32	10	0	0	2019	0	0
474	bambang a.	-0.6424	0.8296	19	20	20	1	6	5.6589	2019	6	5.6589
475	bangs m.j.	0.4851	-0.0957	13	31	31	2	10	9.4315	2019	5	4.7158
479	bantara i.	0.4139	-0.6446	11	14	16	2	4	3.7726	2019	2	1.8863
495	baud b.	1.0433	-0.3173	33	11	11	1	2	1.8863	2019	2	1.8863
502	bejo a.	-0.1462	-0.2379	7	2	3	5	2	1.8863	2019	0.4	0.3773
507	bendiyasa i.m.	0.0207	0.6352	3	6	11	4	4	3.7726	2019	1	0.9432
510	benyamin f.	-0.5965	-0.1308	32	12	12	1	0	0	2019	0	0
511	beon o.	1.0652	-0.3257	33	11	11	1	2	1.8863	2019	2	1.8863
514	berglund ö.	-0.954	-0.3603	9	18	18	1	13	12.261	2019	13	12.261
517	beucher s.	0.0622	0.2127	5	11	11	1	6	5.6589	2019	6	5.6589
525	bines j.e.	0.7837	0.3211	10	14	19	2	1	0.9432	2019	0.5	0.4716
526	bintara s.	0.1752	-0.4305	8	7	10	6	2	1.8863	2019	0.3333	0.3144
528	bintoro n.	0.6012	0.5654	23	4	8	11	0	0	2019	0	0
530	bisjoe a.r.h.	-0.4585	-0.3423	7	1	2	2	2	1.8863	2019	1	0.9432
533	bodewes r.	0.4315	0.6273	28	13	13	1	4	3.7726	2019	4	3.7726
534	bogdanovic-sakran n.	0.7725	0.3503	10	13	13	1	0	0	2019	0	0
546	brady o.j.	-0.6725	0.4156	25	16	16	1	5	4.7158	2019	5	4.7158
558	budayanti n.s.	-0.2116	0.1104	26	13	13	1	2	1.8863	2019	2	1.8863
560	budhijanto w.	0.125	0.4558	3	6	7	5	7	6.6021	2019	1.4	1.3204
569	budiana e.p.	0.152	0.4218	3	1	1	4	0	0	2019	0	0
572	budiarto r.	0.1341	-0.6418	4	7	13	6	1	0.9432	2019	0.1667	0.1572
574	budiharjo s.	-0.2743	-0.1678	1	4	6	2	0	0	2019	0	0
576	budiman a.	0.1768	0.7142	3	5	9	8	14	13.2042	2019	1.75	1.6505
579	budisatria i.g.s.	0.1189	-0.3482	8	18	45	15	3	2.8295	2019	0.2	0.1886
583	bukhari a.	-0.5712	-0.1334	32	12	12	1	0	0	2019	0	0
585	burdam f.h.	0.6665	0.003	14	18	18	1	9	8.4884	2019	9	8.4884
590	cabral-lim l.	-1.0252	0.3909	29	13	13	1	2	1.8863	2019	2	1.8863
593	cahyadi a.	-0.5628	-0.6682	16	20	56	16	17	16.0336	2019	1.0625	1.0021
594	cahyadi a.i.	0.0213	-0.2644	7	4	15	10	12	11.3179	2019	1.2	1.1318
595	cahyani a.	0.6877	0.6722	23	5	14	3	0	0	2019	0	0
596	cahyanti p.a.b.	0.4449	-0.6558	11	14	17	3	5	4.7158	2019	1.6667	1.5719
597	cahyanto m.n.	0.6497	-0.5679	31	12	14	5	6	5.6589	2019	1.2	1.1318
604	cahyono r.b.	0.2126	0.588	3	10	15	9	9	8.4884	2019	1	0.9432
607	cao q.	0.7526	0.1941	10	5	8	2	4	3.7726	2019	2	1.8863
611	carrington l.b.	-0.7371	0.4405	25	16	16	1	5	4.7158	2019	5	4.7158
619	chalfein f.	0.6303	0.0681	14	18	18	1	9	8.4884	2019	9	8.4884
622	chan d.	-0.9641	0.3328	29	13	13	1	2	1.8863	2019	2	1.8863
623	chan g.	0.447	-0.3744	11	11	11	1	1	0.9432	2019	1	0.9432
625	chan s.	-0.9799	0.4102	29	13	13	1	2	1.8863	2019	2	1.8863
641	chen s.-y.	-0.8777	-0.6335	35	6	9	2	2	1.8863	2019	1	0.9432
642	chen t.	0.8367	-0.1265	13	17	17	1	3	2.8295	2019	3	2.8295
644	chen y.	-0.8767	0.0022	12	30	42	2	4	3.7726	2019	2	1.8863
658	choiri s.	-0.0664	-0.5134	4	4	12	6	8	7.5452	2019	1.3333	1.2575
662	choridah l.	-0.1862	-0.083	1	12	14	6	8	7.5452	2019	1.3333	1.2575
665	chou h.-h.	-0.8525	-0.6893	35	10	28	6	25	23.5789	2019	4.1667	3.9298
674	chua m.y.	-0.0519	-0.7818	6	29	38	2	1	0.9432	2019	0.5	0.4716
683	claramita m.	-0.0499	0.0894	1	2	2	4	3	2.8295	2019	0.75	0.7074
688	connolly j.	-0.9003	-0.3021	9	18	18	1	13	12.261	2019	13	12.261
691	cowley d.	0.7135	0.3663	10	13	13	1	0	0	2019	0	0
697	da silva p.f.	0.092	0.9778	27	13	13	1	23	21.6926	2019	23	21.6926
711	danardono	0.6661	-0.8626	40	2	4	6	2	1.8863	2019	0.3333	0.3144
718	daniel prades j.	-0.2888	0.7023	21	11	11	1	0	0	2019	0	0
719	daniwijaya e.w.	0.7581	-0.3196	20	14	14	1	1	0.9432	2019	1	0.9432
721	danoedoro p.	-0.6385	-0.0573	36	1	1	7	2	1.8863	2019	0.2857	0.2695
735	darwanto d.h.	-0.4133	0.5054	37	2	6	6	1	0.9432	2019	0.1667	0.1572
742	daryono b.s.	-0.0634	0.569	3	2	4	10	9	8.4884	2019	0.9	0.8488
743	daryono l.r.	0.0099	0.8086	3	5	8	3	1	0.9432	2019	0.3333	0.3144
745	daul l.	-0.2996	0.6835	21	11	11	1	0	0	2019	0	0
746	dautria j.-m.	1.073	-0.3585	33	11	11	1	2	1.8863	2019	2	1.8863
748	davidson l.	0.5089	-0.3409	11	11	11	1	1	0.9432	2019	1	0.9432
755	de montety v.	1.0475	-0.3416	33	11	11	1	2	1.8863	2019	2	1.8863
757	de vries f.	-0.9633	-0.3897	9	18	18	1	13	12.261	2019	13	12.261
779	devine a.	0.6657	0.0609	14	18	18	1	9	8.4884	2019	9	8.4884
780	devoli g.	0.1691	0.9483	27	13	13	1	23	21.6926	2019	23	21.6926
785	dewettinck k.	0.765	0.6483	23	4	9	3	18	16.9768	2019	6	5.6589
817	dian s.	1.1066	0.1631	22	17	17	1	4	3.7726	2019	4	3.7726
819	diasti d.r.	0.6858	0.5828	23	3	6	3	0	0	2019	0	0
822	dinarti l.k.	0.0354	0.261	5	1	1	3	1	0.9432	2019	0.3333	0.3144
823	dinaryanto o.	0.107	0.4111	3	4	8	3	20	18.8631	2019	6.6667	6.2877
826	dini s.	0.6834	-0.115	14	11	11	1	2	1.8863	2019	2	1.8863
832	diyantoro d.	0.4609	0.6329	28	13	13	1	4	3.7726	2019	4	3.7726
849	douglas n.m.	0.6566	-0.0727	14	27	48	4	13	12.261	2019	3.25	3.0653
852	du cros p.	0.449	-0.3424	11	11	11	1	1	0.9432	2019	1	0.9432
859	dutcher t.v.	-0.2358	0.1201	26	13	13	1	2	1.8863	2019	2	1.8863
864	dwianingsih e.k.	-0.2678	-0.0122	1	21	22	5	5	4.7158	2019	1	0.9432
869	dwiprahasto i.	-0.018	0.0499	1	5	14	6	21	19.8063	2019	3.5	3.301
870	dwiputra d.s.	-0.2813	-0.7967	16	6	8	2	1	0.9432	2019	0.5	0.4716
879	ebihara a.	0.2496	-0.809	4	11	11	1	3	2.8295	2019	3	2.8295
884	edmunds w.j.	-0.6749	0.4477	25	16	16	1	5	4.7158	2019	5	4.7158
888	effendie a.r.	0.6308	-0.8713	40	5	17	8	2	1.8863	2019	0.25	0.2358
896	ekantari n.	0.1112	0.4985	3	1	1	4	1	0.9432	2019	0.25	0.2358
908	elyazar i.r.f.	-0.6971	0.3752	25	16	16	1	5	4.7158	2019	5	4.7158
910	emilia o.	-0.0591	0.0985	1	1	1	3	2	1.8863	2019	0.6667	0.6288
914	endarti d.	1.2713	-0.1054	53	1	4	4	3	2.8295	2019	0.75	0.7074
921	epilurahman r.	-0.2372	0.8769	34	11	11	1	0	0	2019	0	0
934	errecaborde k.m.	-0.2382	0.171	26	13	13	1	2	1.8863	2019	2	1.8863
940	erwanto y.	0.1491	-0.5121	4	13	19	8	8	7.5452	2019	1	0.9432
945	estiasari r.	1.0806	0.1146	22	17	17	1	4	3.7726	2019	4	3.7726
946	estigade a.p.	-0.7524	-0.3556	9	6	10	2	0	0	2019	0	0
950	f i.n.	-0.4017	-1.0009	30	11	11	1	1	0.9432	2019	1	0.9432
952	fachiroh j.	-0.1492	-0.0295	1	4	5	2	0	0	2019	0	0
957	fadhlurrahman a.g.	-0.126	0.3157	2	13	13	1	0	0	2019	0	0
959	fadliansyah l.g.	-0.1011	0.3064	2	13	13	1	0	0	2019	0	0
966	fadzilah n.a.	-0.0145	-0.3677	4	7	9	2	5	4.7158	2019	2.5	2.3579
975	fahrurrozi m.	0.1569	0.5772	3	4	7	4	0	0	2019	0	0
976	faida l.r.w.	-0.4659	-0.3052	7	3	4	4	1	0.9432	2019	0.25	0.2358
992	faragher b.	0.8471	-0.0677	13	17	17	1	3	2.8295	2019	3	2.8295
994	farda n.m.	-0.6166	-0.0605	36	8	12	6	4	3.7726	2019	0.6667	0.6288
1000	faridah e.	0.3933	-0.6107	11	18	24	3	8	7.5452	2019	2.6667	2.5151
1013	fatchurohman h.	-0.5513	-0.6182	16	13	20	5	5	4.7158	2019	1	0.9432
1027	fatkhurrohman w.	-0.4438	-0.9727	30	11	11	1	1	0.9432	2019	1	0.9432
1029	fatmasari h.	-0.1327	0.2926	2	13	13	1	0	0	2019	0	0
1036	fauzi a.r.	-0.4482	-0.0854	1	3	3	3	3	2.8295	2019	1	0.9432
1040	fauzi r.p.	-0.2258	0.1417	26	13	13	1	2	1.8863	2019	2	1.8863
1051	fela r.f.	-0.1523	1.0469	48	2	6	4	0	0	2019	0	0
1053	ferdiana r.	-0.1354	-0.1932	7	6	11	12	8	7.5452	2019	0.6667	0.6288
1067	firdaus m.r.	0.0919	-0.9945	6	5	9	2	0	0	2019	0	0
1081	fitriana i.	0.7659	-0.2914	20	14	14	1	1	0.9432	2019	1	0.9432
1088	fitriyanto n.a.	0.2433	-0.7215	4	13	17	3	4	3.7726	2019	1.3333	1.2575
1090	flasche s.	-0.7181	0.3569	25	16	16	1	5	4.7158	2019	5	4.7158
1092	fong s.-l.	-1.0056	0.4114	29	13	13	1	2	1.8863	2019	2	1.8863
1095	frannita e.l.	0.0796	-0.1532	7	5	15	6	2	1.8863	2019	0.3333	0.3144
1099	frida m.	1.0004	0.1703	22	17	17	1	4	3.7726	2019	4	3.7726
1103	frutos r.	0.3679	-0.1775	13	14	18	2	2	1.8863	2019	1	0.9432
1106	fuad a.	0.5206	-0.2399	20	12	18	8	14	13.2042	2019	1.75	1.6505
1108	fudholi a.	-0.0185	-0.5424	4	5	10	6	6	5.6589	2019	1	0.9432
1109	fujiki h.	-0.2715	-0.6178	15	11	11	1	2	1.8863	2019	2	1.8863
1111	fujiwara h.	-0.8643	0.0978	12	22	22	1	1	0.9432	2019	1	0.9432
1116	futami j.	-0.9164	0.0142	12	30	42	2	4	3.7726	2019	2	1.8863
1118	ganiem a.r.	1.0248	0.1161	22	17	17	1	4	3.7726	2019	4	3.7726
1120	gao s.	-0.0717	-0.908	6	19	19	1	0	0	2019	0	0
1125	garjito t.a.	0.3429	-0.1743	13	14	18	2	2	1.8863	2019	1	0.9432
1129	gavotte l.	0.3993	-0.2249	13	13	13	1	1	0.9432	2019	1	0.9432
1130	gdeumana k.	0.6047	-0.0004	14	18	18	1	9	8.4884	2019	9	8.4884
1137	gimona a.	-0.9064	-0.3681	9	18	18	1	13	12.261	2019	13	12.261
1140	giri ananto w.h.	-0.9368	0.6426	38	6	12	2	0	0	2019	0	0
1144	glass g.e.	0.114	0.997	27	13	13	1	23	21.6926	2019	23	21.6926
1152	gozan m.	0.183	-0.6645	4	4	10	4	1	0.9432	2019	0.25	0.2358
1153	graham s.	0.4571	-0.2977	11	17	19	2	2	1.8863	2019	1	0.9432
1156	granz t.	-0.3254	0.6682	21	11	11	1	0	0	2019	0	0
1160	groneberg d.a.	-0.6175	0.8078	19	20	20	1	6	5.6589	2019	6	5.6589
1164	gunadharma s.	-0.9502	0.3523	29	13	13	1	2	1.8863	2019	2	1.8863
1171	"gunadi, lai p.s."	-0.4029	0.0164	1	11	11	1	1	0.9432	2019	1	0.9432
1175	gunawan d.	1.0747	0.143	22	17	17	1	4	3.7726	2019	4	3.7726
1197	habar t.r.	-0.6322	-0.167	32	12	12	1	0	0	2019	0	0
1200	habibi m.f.	-0.0368	-0.6081	4	4	8	2	0	0	2019	0	0
1203	hadi h.a.	-0.9256	0.6663	38	6	12	2	0	0	2019	0	0
1204	hadi m.p.	-0.3567	-0.7023	16	4	4	5	2	1.8863	2019	0.4	0.3773
1207	hadi s.	-0.2546	0.611	2	3	3	3	0	0	2019	0	0
1208	hadi s.p.	-0.7017	-0.9169	46	2	5	12	12	11.3179	2019	1	0.9432
1213	hadinegoro s.r.	0.0322	0.2065	5	11	11	1	6	5.6589	2019	6	5.6589
1216	hadisaputra s.	-0.6163	0.1371	36	5	13	5	15	14.1473	2019	3	2.8295
1218	hadisusanto s.	-0.7135	-0.5075	9	2	2	4	0	0	2019	0	0
1219	hadiyanto h.	0.1834	0.7441	3	3	4	2	1	0.9432	2019	0.5	0.4716
1231	hakim l.	-0.2005	-0.3945	18	8	8	4	0	0	2019	0	0
1232	hakim m.s.	0.5501	0.4261	10	12	22	6	13	12.261	2019	2.1667	2.0435
1241	hamdiani s.	-0.5798	0.127	36	5	11	3	11	10.3747	2019	3.6667	3.4582
1259	handaya a.y.	0.7662	1.3522	54	1	2	4	4	3.7726	2019	1	0.9432
1268	handley a.	0.7384	0.2914	10	14	19	2	1	0.9432	2019	0.5	0.4716
1279	hanim c.	0.2758	-0.5251	8	8	19	11	0	0	2019	0	0
1283	hanudin e.	0.3052	-0.0426	17	3	5	5	0	0	2019	0	0
1284	hanum d.n.	-0.8917	0.6205	38	6	12	2	0	0	2019	0	0
1292	haque u.	0.1242	0.918	27	13	13	1	23	21.6926	2019	23	21.6926
1293	harahap i.a.	0.711	-0.6081	31	12	12	1	2	1.8863	2019	2	1.8863
1296	harapan h.	-0.5648	0.7987	19	21	34	2	10	9.4315	2019	5	4.7158
1305	harianja v.	0.3815	-0.7001	11	12	12	1	2	1.8863	2019	2	1.8863
1310	harimurti s.	-0.0263	-0.6291	4	4	9	5	0	0	2019	0	0
1319	hariyono d.n.h.	0.0951	-0.4906	8	5	11	5	3	2.8295	2019	0.6	0.5659
1322	harjoko a.	0.2029	-0.1383	5	2	3	4	2	1.8863	2019	0.5	0.4716
1324	harmayani e.	0.6336	0.6547	23	7	17	6	8	7.5452	2019	1.3333	1.2575
1332	hartanto o.s.	1.0429	0.2106	22	17	17	1	4	3.7726	2019	4	3.7726
1333	hartanto r.	-0.0951	-0.1918	7	8	14	11	6	5.6589	2019	0.5455	0.5144
1334	hartantyo e.	-0.0205	0.8025	3	3	3	3	0	0	2019	0	0
1335	hartati s.	0.2038	-0.1204	5	3	4	6	2	1.8863	2019	0.3333	0.3144
1337	hartatik t.	0.1609	-0.4637	8	9	10	7	2	1.8863	2019	0.2857	0.2695
1341	harto a.w.	0.2104	-0.6259	4	5	8	4	2	1.8863	2019	0.5	0.4716
1344	hartono b.	-0.2773	-0.3101	18	3	3	7	11	10.3747	2019	1.5714	1.4821
1348	hartono s.	-0.3914	0.549	37	9	24	10	9	8.4884	2019	0.9	0.8488
1364	haryana s.m.	-0.1343	0.204	2	19	19	3	1	0.9432	2019	0.3333	0.3144
1366	haryanto a.	-0.0539	-0.065	26	3	3	4	1	0.9432	2019	0.25	0.2358
1371	haryono e.	-0.5708	-0.7033	16	16	41	12	21	19.8063	2019	1.75	1.6505
1373	hasan p.n.	0.6864	-0.6058	31	12	12	1	2	1.8863	2019	2	1.8863
1379	hasanuddin a.	0.6591	-0.144	14	13	22	2	2	1.8863	2019	1	0.9432
1389	hastuti p.	-0.4928	0.1219	1	1	5	8	3	2.8295	2019	0.375	0.3537
1395	hattori y.	-0.4619	-0.5298	15	8	15	2	3	2.8295	2019	1.5	1.4147
1398	hay s.i.	-0.6594	0.365	25	16	16	1	5	4.7158	2019	5	4.7158
1399	hayakawa t.	0.2669	-0.7397	4	12	14	2	4	3.7726	2019	2	1.8863
1404	hedley c.	-0.8777	-0.3546	9	18	18	1	13	12.261	2019	13	12.261
1410	helmi m.	0.4745	-0.4877	8	4	8	3	0	0	2019	0	0
1421	hendrayana h.	1.0874	-0.3136	33	11	11	2	2	1.8863	2019	1	0.9432
1422	hendrayani n.	0.4346	0.6508	28	13	13	1	4	3.7726	2019	4	3.7726
1423	hendrickx e.	-0.7189	0.39	25	16	16	1	5	4.7158	2019	5	4.7158
1424	hendryan a.	0.3626	-0.6759	11	12	12	1	2	1.8863	2019	2	1.8863
1433	herdjunanto s.	0.0323	-0.288	7	4	10	6	5	4.7158	2019	0.8333	0.786
1444	herini e.s.	-0.4395	0.0563	1	12	13	3	1	0.9432	2019	0.3333	0.3144
1449	hermantara r.	0.7911	-0.3606	20	14	14	1	1	0.9432	2019	1	0.9432
1453	hermawan a.	-0.4162	-0.5454	15	12	17	6	6	5.6589	2019	1	0.9432
1465	hertiani t.	-0.1304	-0.5398	4	2	2	3	3	2.8295	2019	1	0.9432
1473	hibino a.	0.281	-0.7614	4	11	11	1	3	2.8295	2019	3	2.8295
1474	hibino t.	-0.8816	-0.0572	12	20	20	1	3	2.8295	2019	3	2.8295
1482	hidayat c.	0.2789	0.7429	3	4	5	4	6	5.6589	2019	1.5	1.4147
1484	hidayat m.	0.1081	0.5925	3	6	8	8	7	6.6021	2019	0.875	0.8253
1487	hidayat r.	-0.1089	-0.2417	7	9	17	19	8	7.5452	2019	0.4211	0.3971
1489	hidayat s.n.	-0.1338	0.6761	21	8	15	4	14	13.2042	2019	3.5	3.301
1492	hidayat y.	-0.4371	0.224	2	2	2	3	5	4.7158	2019	1.6667	1.5719
1496	hidayatullah l.	-0.4006	-0.9711	30	11	11	1	1	0.9432	2019	1	0.9432
1508	hinneh m.	0.7904	0.6244	23	4	7	2	14	13.2042	2019	7	6.6021
1532	hossain m.a.m.	0.018	-0.3922	4	6	9	2	6	5.6589	2019	3	2.8295
1533	hsu c.-y.	0.556	-0.2743	20	5	10	2	2	1.8863	2019	1	0.9432
1534	hsu l.-c.	-0.836	-0.7209	35	7	14	3	18	16.9768	2019	6	5.6589
1541	huang m.-s.	-0.8195	-0.6722	35	8	16	3	4	3.7726	2019	1.3333	1.2575
1544	huda a.m.	-0.2229	0.8516	34	11	11	1	0	0	2019	0	0
1550	huriyati e.	-0.381	1.0792	49	2	5	4	7	6.6021	2019	1.75	1.6505
1560	hutahaean b.	0.4072	-0.7088	11	12	12	1	2	1.8863	2019	2	1.8863
1562	hutajulu s.h.	-0.1466	-0.102	1	2	3	3	0	0	2019	0	0
1567	ibrahim a.	0.1133	-0.2527	8	10	32	7	1	0.9432	2019	0.1429	0.1347
1568	ichsan i.	-0.6604	0.8826	19	21	34	2	10	9.4315	2019	5	4.7158
1572	idrus a.	0.9014	0.7412	66	0	0	5	0	0	2019	0	0
1577	ihsanjaya m.m.m.	-0.4834	-1.0058	30	12	12	2	1	0.9432	2019	0.5	0.4716
1578	iioka h.	-0.8363	0.1424	12	22	22	1	1	0.9432	2019	1	0.9432
1581	ikawati m.	-0.3259	-0.4688	15	10	16	4	5	4.7158	2019	1.25	1.1789
1588	ikram i.	-0.6086	0.8463	19	21	34	2	10	9.4315	2019	5	4.7158
1598	imaduddin f.	0.3993	1.0461	42	5	13	4	10	9.4315	2019	2.5	2.3579
1600	imaniar d.i.	0.6819	0.533	23	2	6	3	0	0	2019	0	0
1603	imran d.	1.0814	0.1707	22	17	17	1	4	3.7726	2019	4	3.7726
1604	imrie a.	-0.5962	0.7807	19	20	20	1	6	5.6589	2019	6	5.6589
1605	imron m.a.	1.0253	0.4534	39	5	9	9	16	15.0905	2019	1.7778	1.6767
1610	indah r.	-0.5882	0.8237	19	21	34	2	10	9.4315	2019	5	4.7158
1613	indarti n.	-0.2872	-0.3198	18	1	1	7	7	6.6021	2019	1	0.9432
1619	"indarto, deendarlianto"	0.1241	0.3591	3	5	9	6	18	16.9768	2019	3	2.8295
1623	indasari i.	0.4486	0.6059	28	13	13	1	4	3.7726	2019	4	3.7726
1629	indradewa d.	0.305	-0.0922	17	4	10	6	0	0	2019	0	0
1636	indriani c.	0.6939	-0.3201	20	16	17	2	1	0.9432	2019	0.5	0.4716
1641	inoue y.	-0.8876	0.0322	12	30	42	2	4	3.7726	2019	2	1.8863
1652	irfan m.	-0.258	0.7793	34	12	12	2	0	0	2019	0	0
1679	iskandar k.	-0.4352	-0.0366	1	14	17	4	7	6.6021	2019	1.75	1.6505
1695	isnaen z.	-0.6601	-0.4195	9	8	13	4	0	0	2019	0	0
1710	iswanto p.t.	0.4605	-1.0662	67	0	0	5	6	5.6589	2019	1.2	1.1318
1719	ito k.	-0.137	-0.8419	6	19	19	1	0	0	2019	0	0
1721	iwasaki w.	-0.3894	0.3498	2	7	12	2	6	5.6589	2019	3	2.8295
1733	jamilatun s.	0.1963	0.7239	3	2	5	4	10	9.4315	2019	2.5	2.3579
1735	janah s.n.	-0.4227	-0.9814	30	11	11	1	1	0.9432	2019	1	0.9432
1741	jatmiko r.h.	-0.0093	-0.8649	6	29	38	2	1	0.9432	2019	0.5	0.4716
1751	jenie r.i.	-0.2918	-0.4736	15	12	23	5	7	6.6021	2019	1.4	1.3204
1754	ji y.q.	0.0531	-0.788	6	19	19	1	1	0.9432	2019	1	0.9432
1755	jian-hong w.	0.085	0.9519	27	13	13	1	23	21.6926	2019	23	21.6926
1758	johan m.r.	0.0287	-0.4233	4	6	12	3	9	8.4884	2019	3	2.8295
1759	joko t.	0.2358	0.1747	17	5	5	4	5	4.7158	2019	1.25	1.1789
1762	joo y.h.	0.6273	0.8616	41	5	10	2	2	1.8863	2019	1	0.9432
1764	jourde h.	1.0264	-0.3575	33	11	11	1	2	1.8863	2019	2	1.8863
1766	jr.	-0.7416	0.3786	25	16	16	1	5	4.7158	2019	5	4.7158
1771	juffrie m.	0.6796	-0.5492	31	13	13	4	2	1.8863	2019	0.5	0.4716
1773	julian t.	-0.1096	0.6611	21	8	15	4	14	13.2042	2019	3.5	3.301
1777	jumanto j.	0.562	-0.227	20	5	10	2	2	1.8863	2019	1	0.9432
1781	jumina	-0.4121	0.328	2	7	12	2	6	5.6589	2019	3	2.8295
1782	jumina j.	-0.3263	0.3003	2	10	11	4	8	7.5452	2019	2	1.8863
1791	juwana w.e.	0.1369	0.4104	3	5	8	3	11	10.3747	2019	3.6667	3.4582
1795	kageyama k.	0.3229	0.1035	17	2	4	2	0	0	2019	0	0
1800	kakiuchi k.	-0.2914	-0.6386	15	11	11	1	2	1.8863	2019	2	1.8863
1804	kalim a.s.	-0.4524	-0.0088	1	12	15	4	8	7.5452	2019	2	1.8863
1806	kamal m.	-0.0939	-0.775	6	30	39	10	4	3.7726	2019	0.4	0.3773
1809	kamil r.z.	0.6413	-0.5958	31	12	12	1	2	1.8863	2019	2	1.8863
1812	kanaya s.	-0.3083	-0.6065	15	12	20	2	4	3.7726	2019	2	1.8863
1825	karo-karo d.	0.4104	0.6556	28	13	13	1	4	3.7726	2019	4	3.7726
1827	kartika a.i.	-0.1275	0.0852	1	6	7	2	2	1.8863	2019	1	0.9432
1836	karyadi j.n.w.	0.6492	0.5497	23	7	15	9	0	0	2019	0	0
1842	kasiamdari r.s.	0.1795	0.3269	17	7	14	9	2	1.8863	2019	0.2222	0.2096
1845	kassenborg h.	-0.2658	0.1672	26	13	13	1	2	1.8863	2019	2	1.8863
1849	kato j.-y.	-0.2998	-0.54	15	18	34	4	9	8.4884	2019	2.25	2.1221
1850	kato t.	0.2391	0.1388	5	4	4	4	4	3.7726	2019	1	0.9432
1855	kawakita h.	-0.4204	0.3536	2	7	12	2	6	5.6589	2019	3	2.8295
1857	kawasaki s.	0.0031	0.7894	3	5	8	3	1	0.9432	2019	0.3333	0.3144
1860	keellings d.	0.14	0.963	27	13	13	1	23	21.6926	2019	23	21.6926
1866	kempen b.	-0.9304	-0.3517	9	18	18	1	13	12.261	2019	13	12.261
1868	kenangalem e.	0.5754	-0.1138	14	37	68	7	21	19.8063	2019	3	2.8295
1881	khairallah c.	0.7573	-0.0795	13	17	17	1	3	2.8295	2019	3	2.8295
1884	khakhim n.	-0.626	-0.41	9	10	19	6	0	0	2019	0	0
1886	khalallia f.b.r.	-0.2287	0.823	34	11	11	1	0	0	2019	0	0
1887	khaloua a.	0.1634	0.9764	27	13	13	1	23	21.6926	2019	23	21.6926
1890	kharisma d.d.	-0.6945	0.4019	25	16	16	1	5	4.7158	2019	5	4.7158
1895	kho s.	0.5479	-0.0654	14	10	15	2	8	7.5452	2019	4	3.7726
1902	khumaira a.	-0.3552	-0.4523	15	6	10	3	3	2.8295	2019	1	0.9432
1905	kidd d.	-0.9048	-0.3378	9	18	18	1	13	12.261	2019	13	12.261
1906	kim d.h.	0.6581	0.8565	41	5	10	2	2	1.8863	2019	1	0.9432
1908	kim k.u.	0.3754	0.3765	18	8	15	2	0	0	2019	0	0
1910	kim s.c.	0.6468	0.9045	41	5	10	2	2	1.8863	2019	1	0.9432
1914	kinoshita r.	-0.8402	-0.0091	12	30	42	2	4	3.7726	2019	2	1.8863
1915	kirana t.	0.0064	-0.1246	7	4	7	3	0	0	2019	0	0
1916	kirihata m.	-0.4902	-0.519	15	8	15	2	3	2.8295	2019	1.5	1.4147
1917	kirkwood c.d.	0.7657	0.3763	10	13	13	1	0	0	2019	0	0
1929	koch g.	0.3922	0.6118	28	13	13	1	4	3.7726	2019	4	3.7726
1931	koenders l.	-0.3238	0.692	21	11	11	1	0	0	2019	0	0
1932	koerniawan m.d.	0.1225	-0.6622	4	1	1	3	2	1.8863	2019	0.6667	0.6288
1933	koesmara h.	0.1535	-0.3	8	8	19	3	0	0	2019	0	0
1940	komaratih e.	-0.4175	-0.1416	1	3	6	2	0	0	2019	0	0
1945	kondo e.	-0.921	0.0496	12	30	42	2	4	3.7726	2019	2	1.8863
1950	kotani t.	0.9016	-0.6994	45	3	6	2	2	1.8863	2019	1	0.9432
1966	kristin e.	0.0969	0.2059	5	11	11	2	7	6.6021	2019	3.5	3.301
1967	kristina s.a.	-0.2542	0.4063	2	1	1	11	127	119.7807	2019	11.5455	10.8892
1972	kuch u.	-0.672	0.8485	19	20	20	1	6	5.6589	2019	6	5.6589
1973	kucharski a.j.	-0.7478	0.4083	25	16	16	1	5	4.7158	2019	5	4.7158
1979	kumalawati d.a.	0.7289	-0.3295	20	14	14	1	1	0.9432	2019	1	0.9432
1998	kurnianda j.	-0.1568	-0.111	1	2	3	2	0	0	2019	0	0
2004	kurniasari j.	0.6578	0.6829	23	5	14	3	0	0	2019	0	0
2007	kurniasih b.	0.2809	-0.1819	17	4	6	3	2	1.8863	2019	0.6667	0.6288
2014	kurniawan f.	-0.0104	-0.7596	6	19	19	1	1	0.9432	2019	1	0.9432
2016	kurniawan i.a.	-0.5688	-0.7712	16	6	12	2	9	8.4884	2019	4.5	4.2442
2023	kurniawan y.s.	-0.3592	0.2929	2	9	9	4	9	8.4884	2019	2.25	2.1221
2039	kusnanto h.	0.2367	-0.0822	5	7	7	5	6	5.6589	2019	1.2	1.1318
2055	kusumaatmaja a.	-0.1776	0.6682	21	8	26	8	49	46.2714	2019.125	6.125	5.7839
2071	kusumawardani s.s.	-0.167	-0.2138	7	5	8	8	5	4.7158	2019	0.625	0.5895
2077	kuswandi b.	-0.1744	0.5188	2	4	5	3	4	3.7726	2019	1.3333	1.2575
2084	lachassagne p.	1.0414	-0.2917	33	11	11	1	2	1.8863	2019	2	1.8863
2089	laksitorini m.d.	0.7091	1.107	55	1	3	4	4	3.7726	2019	1	0.9432
2090	laksmana w.t.	0.1944	0.6654	3	3	5	3	7	6.6021	2019	2.3333	2.2007
2096	lampah d.a.	0.6117	-0.1499	14	15	27	3	3	2.8295	2019	1	0.9432
2097	lampus h.f.	-0.5967	-0.2039	32	12	12	1	0	0	2019	0	0
2098	lan w.-c.	-0.8142	-0.7016	35	7	12	2	2	1.8863	2019	1	0.9432
2107	larasati y.a.	-0.3116	-0.5044	15	9	10	2	5	4.7158	2019	2.5	2.3579
2122	laukkala j.	0.4914	-0.3641	11	11	11	1	1	0.9432	2019	1	0.9432
2125	lavigne f.	-0.723	0.6323	44	4	5	2	6	5.6589	2019	3	2.8295
2130	lazuardi l.	0.0106	-0.0377	1	11	21	13	38	35.8399	2019	2.9231	2.7569
2131	lazuardi w.	-0.6883	-0.3812	9	11	21	7	7	6.6021	2019	1	0.9432
2133	le v.-t.	-0.9778	0.3591	29	13	13	1	2	1.8863	2019	2	1.8863
2138	lee d.g.	0.3356	0.4165	18	8	15	2	0	0	2019	0	0
2139	lee h.j.	0.6701	0.885	41	5	10	2	2	1.8863	2019	1	0.9432
2140	lee j.	0.1545	0.9199	27	13	13	1	23	21.6926	2019	23	21.6926
2141	lee j.-h.	0.0649	-0.5158	8	3	6	2	2	1.8863	2019	1	0.9432
2142	lee k.j.	0.7447	0.3543	10	13	13	1	0	0	2019	0	0
2144	lee s.s.	0.623	0.8898	41	5	10	2	2	1.8863	2019	1	0.9432
2146	legono d.	0.9589	-0.5636	68	0	0	4	4	3.7726	2019	1	0.9432
2155	lelono d.	-0.1033	0.7104	21	5	5	2	3	2.8295	2019	1.5	1.4147
2159	leonardi v.	1.0182	-0.3101	33	11	11	1	2	1.8863	2019	2	1.8863
2165	lestari b.	-0.257	-0.5135	15	15	25	4	7	6.6021	2019	1.75	1.6505
2174	lestari t.	0.4431	-0.4293	11	27	35	5	10	9.4315	2019	2	1.8863
2177	lestarii t.	0.4174	-0.6736	11	12	12	1	2	1.8863	2019	2	1.8863
2179	li m.	0.4627	0.4572	10	7	7	2	6	5.6589	2019	3	2.8295
2188	lilja h.	-0.9374	-0.4071	9	18	18	1	13	12.261	2019	13	12.261
2190	lim k.-s.	-0.9985	0.3828	29	13	13	1	2	1.8863	2019	2	1.8863
2191	lin m.-c.	0.5834	-0.2424	20	5	10	2	2	1.8863	2019	1	0.9432
2199	listiani a.	0.6099	-0.9	40	3	12	4	0	0	2019	0	0
2200	listyaningrum n.	-0.453	-0.9405	30	13	13	2	1	0.9432	2019	0.5	0.4716
2203	liu c.-m.	-0.8701	-0.7214	35	9	11	2	6	5.6589	2019	3	2.8295
2210	lowe r.	-0.6973	0.4297	25	16	16	1	5	4.7158	2019	5	4.7158
2211	lu p.	0.113	0.9439	27	13	13	1	23	21.6926	2019	23	21.6926
2220	lukitaningsih e.	-0.047	-0.3896	4	7	12	5	4	3.7726	2019	0.8	0.7545
2221	lukito t.	0.7684	-0.0476	13	17	17	1	3	2.8295	2019	3	2.8295
2250	macy k.w.	-0.2834	0.114	26	13	13	1	2	1.8863	2019	2	1.8863
2253	made winarsa ruma i.	-0.8353	0.0771	12	22	22	1	1	0.9432	2019	1	0.9432
2269	maharani d.	0.0652	-0.4882	8	7	15	10	5	4.7158	2019	0.5	0.4716
2270	maharani k.	1.0319	0.1786	22	17	17	1	4	3.7726	2019	4	3.7726
2272	maharani s.e.	-0.266	0.8874	34	11	11	1	0	0	2019	0	0
2274	mahardika m.	0.9864	1.0388	61	1	2	4	0	0	2019	0	0
2281	mahendradhata y.	0.3895	-0.0725	11	14	14	7	9	8.4884	2019	1.2857	1.2126
2283	mahero m.w.	-0.2011	0.1341	26	13	13	1	2	1.8863	2019	2	1.8863
2290	main s.	0.4685	-0.359	11	11	11	1	1	0.9432	2019	1	0.9432
2291	maitela t.	-0.734	-0.3272	9	6	10	2	0	0	2019	0	0
2293	majid a.i.	0.3681	-1.0048	69	0	0	3	4	3.7726	2019	1.3333	1.2575
2294	majumdar s.	0.5174	-0.367	11	11	11	1	1	0.9432	2019	1	0.9432
2295	makhmudi a.	-0.522	-0.1199	32	16	18	6	15	14.1473	2019	2.5	2.3579
2301	malone b.	-0.9084	-0.4019	9	18	18	1	13	12.261	2019	13	12.261
2303	malueka r.g.	-0.4211	0.0002	1	11	11	1	1	0.9432	2019	1	0.9432
2308	manguin s.	0.3339	-0.1981	13	14	18	2	2	1.8863	2019	1	0.9432
2317	maratina s.s.	0.761	-0.1124	13	17	17	1	3	2.8295	2019	3	2.8295
2323	mardhiah h.	-0.3785	0.0007	1	11	11	1	1	0.9432	2019	1	0.9432
2329	mardiatno d.	-0.3076	-0.727	16	4	4	4	2	1.8863	2019	0.5	0.4716
2333	mardiyanto a.	-0.0829	-0.8771	6	19	19	1	0	0	2019	0	0
2335	marfai m.a.	-0.6525	-0.4592	9	11	24	13	3	2.8295	2019	0.2308	0.2177
2337	marfurt j.	0.6842	0.0304	14	18	18	1	9	8.4884	2019	9	8.4884
2339	marhaento h.	-0.4827	-0.2989	7	1	1	4	1	0.9432	2019	0.25	0.2358
2342	mariana n.	-0.554	-0.1821	32	12	12	1	0	0	2019	0	0
2343	mariana s.	-0.3426	0.7114	21	11	11	1	0	0	2019	0	0
2346	mariyatun m.	0.6377	-0.6255	31	12	12	1	2	1.8863	2019	2	1.8863
2349	markumningsih s.	0.342	0.3607	18	8	9	2	0	0	2019	0	0
2355	marsiano a.f.d.	0.0318	-0.1771	7	8	9	3	1	0.9432	2019	0.3333	0.3144
2361	martani e.	0.202	0.2952	17	2	4	3	1	0.9432	2019	0.3333	0.3144
2365	martien r.	-0.0944	-0.5454	4	6	10	11	12	11.3179	2019	1.0909	1.0289
2371	martono s.	-0.0085	-0.4435	4	7	15	12	5	4.7158	2019	0.4167	0.393
2387	maryudi a.	-0.444	-0.3027	7	3	4	5	27	25.4652	2019	5.4	5.093
2388	masadah r.	-0.5722	-0.2037	32	12	12	1	0	0	2019	0	0
2392	mashiko t.	-0.4893	0.5681	37	6	11	2	1	0.9432	2019	0.5	0.4716
2393	masithoh r.e.	0.3724	0.4182	18	9	17	5	0	0	2019	0	0
2414	matozaki t.	0.8995	-0.72	45	3	6	2	2	1.8863	2019	1	0.9432
2419	matsumoto t.	0.3025	-0.7734	4	11	11	1	3	2.8295	2019	3	2.8295
2420	maula a.w.	0.6154	-0.2864	20	3	4	2	0	0	2019	0	0
2423	maulana r.	-0.5862	0.8685	19	21	34	2	10	9.4315	2019	5	4.7158
2431	mawuntu a.h.p.	1.0159	0.1999	22	17	17	1	4	3.7726	2019	4	3.7726
2439	mazlan s.a.	0.3779	1.059	42	5	16	5	23	21.6926	2019	4.6	4.3385
2440	mcbratney a.	-0.9817	-0.3651	9	18	18	1	13	12.261	2019	13	12.261
2452	meikasari a.d.	0.1254	-0.9751	6	5	9	2	0	0	2019	0	0
2455	meiyanto e.	-0.3594	-0.5482	15	28	68	16	18	16.9768	2019	1.125	1.061
2457	meliala a.	0.6073	0.3948	10	4	4	3	2	1.8863	2019	0.6667	0.6288
2470	miftakhul fajar m.h.	1.0869	-0.3411	33	11	11	1	2	1.8863	2019	2	1.8863
2475	millati r.	0.2736	0.7227	3	3	5	3	2	1.8863	2019	0.6667	0.6288
2477	minasny b.	-0.9321	-0.2921	9	18	18	1	13	12.261	2019	13	12.261
2480	minhajat r.	-0.6173	-0.1448	32	12	12	1	0	0	2019	0	0
2488	mitsui r.	0.2337	-0.7874	4	11	11	1	3	2.8295	2019	3	2.8295
2489	mitsui y.	-0.8032	0.1287	12	22	22	1	1	0.9432	2019	1	0.9432
2494	miyazaki m.	-0.3853	0.3259	2	7	12	2	6	5.6589	2019	3	2.8295
2498	moeljopawiro s.	0.0231	0.3924	17	2	2	3	0	0	2019	0	0
2509	morimoto t.	-0.2836	-0.5857	15	12	20	2	4	3.7726	2019	2	1.8863
2510	morisada s.	-0.4029	0.3716	2	7	12	2	6	5.6589	2019	3	2.8295
2511	morita a.	-0.0069	1.1527	50	2	5	3	6	5.6589	2019	2	1.8863
2522	mudasir m.	-0.2043	0.5221	2	4	4	3	4	3.7726	2019	1.3333	1.2575
2530	mudatsir m.	-0.5551	0.8817	19	21	34	2	10	9.4315	2019	5	4.7158
2534	mufakhir f.r.	0.0461	0.6696	3	5	9	3	0	0	2019	0	0
2537	muflikhun m.a.	0.5207	0.9857	70	0	0	4	20	18.8631	2019	5	4.7158
2541	muhamad a.a.k.	-0.0929	0.4117	2	3	3	2	0	0	2019	0	0
2544	muhammad h.f.l.	-0.3692	1.0655	49	2	4	3	3	2.8295	2019	1	0.9432
2553	mujiyono m.	0.4001	-0.1709	13	13	13	1	1	0.9432	2019	1	0.9432
2561	muljono d.h.	0.4069	0.6812	28	13	13	1	4	3.7726	2019	4	3.7726
2587	munir b.	1.0761	0.2116	22	17	17	1	4	3.7726	2019	4	3.7726
2589	murata h.	-0.7415	-0.0369	12	33	46	4	5	4.7158	2019	1.25	1.1789
2590	murata y.	0.8791	-0.7176	45	3	6	2	2	1.8863	2019	1	0.9432
2596	murhandarwati e.e.h.	0.2007	-0.0737	5	14	17	6	7	6.6021	2019	1.1667	1.1003
2597	murhandarwati e.h.	0.2515	0.0827	5	4	4	3	6	5.6589	2019	2	1.8863
2599	murni i.k.	0.6473	0.2371	10	1	1	2	4	3.7726	2019	2	1.8863
2620	murwanti r.	-0.1638	-0.5232	4	8	11	5	6	5.6589	2019	1.2	1.1318
2633	muslim k.	-0.1985	-0.3555	18	6	11	2	0	0	2019	0	0
2639	musthofa a.	0.2095	0.362	17	3	5	2	0	0	2019	0	0
2641	mustika i.w.	-0.3561	-0.244	7	4	12	9	3	2.8295	2019	0.3333	0.3144
2648	mutaqin b.w.	-0.7181	0.6154	44	4	5	2	6	5.6589	2019	3	2.8295
2659	müller r.	-0.63	0.7747	19	20	20	1	6	5.6589	2019	6	5.6589
2663	nadjib m.	0.0518	0.1909	5	11	11	1	6	5.6589	2019	6	5.6589
2665	nafiah s.l.	-0.259	0.8652	34	11	11	1	0	0	2019	0	0
2666	nafingah r.	0.6698	0.6504	23	5	14	3	0	0	2019	0	0
2667	nagpal s.	0.446	0.1712	24	17	17	1	5	4.7158	2019	5	4.7158
2676	nakagawa t.	0.2304	-0.7515	4	12	14	3	7	6.6021	2019	2.3333	2.2007
2678	nakamae i.	-0.3138	-0.5711	15	17	29	3	7	6.6021	2019	2.3333	2.2007
2683	nandini m.	-0.3002	-0.7755	16	6	7	2	0	0	2019	0	0
2696	nasucha m.	0.054	-0.8227	6	19	19	1	1	0.9432	2019	1	0.9432
2704	natsuaki t.	-0.4343	0.5815	37	6	18	4	8	7.5452	2019	2	1.8863
2705	natzir r.	-0.5588	-0.1578	32	12	12	1	0	0	2019	0	0
2707	naufal m.	-0.3861	-0.7648	16	18	35	8	2	1.8863	2019	0.25	0.2358
2710	nealon j.	0.0572	0.1666	5	11	11	1	6	5.6589	2019	6	5.6589
2712	nekaris k.a.-i.	1.0401	0.4329	39	3	4	2	5	4.7158	2019	2.5	2.3579
2714	neriya y.	-0.4397	0.5467	37	6	18	4	8	7.5452	2019	2	1.8863
2720	ngadianto a.	-0.4588	-0.9939	30	11	11	1	1	0.9432	2019	1	0.9432
2734	nijman v.	1.0191	0.4251	39	3	4	2	3	2.8295	2019	1.5	1.4147
2740	nindrea r.d.	-0.0049	0.0179	1	4	13	8	24	22.6357	2019	3	2.8295
2742	ningrum d.n.a.	0.5532	-0.2495	20	5	10	2	2	1.8863	2019	1	0.9432
2748	nirwati h.	0.6539	0.3739	10	19	24	4	6	5.6589	2019	1.5	1.4147
2749	nisa a.k.	-0.4692	-0.9702	30	11	11	1	1	0.9432	2019	1	0.9432
2751	nishibori m.	-0.8188	0.0122	12	30	42	2	4	3.7726	2019	2	1.8863
2752	nishigawa h.	-0.458	0.5643	37	6	18	4	8	7.5452	2019	2	1.8863
2774	noviandi c.t.	0.2604	-0.4375	8	6	9	8	3	2.8295	2019	0.375	0.3537
2776	novitasari d.	0.0733	-0.6131	4	2	3	3	4	3.7726	2019	1.3333	1.2575
2780	noviyanti r.	0.6466	0.0335	14	18	18	1	9	8.4884	2019	9	8.4884
2784	nuevo c.e.l.	0.4791	0.2165	24	17	17	1	5	4.7158	2019	5	4.7158
2787	nugraha a.s.	-0.0937	0.4492	2	1	1	2	6	5.6589	2019	3	2.8295
2800	nugraheni p.s.	0.1233	0.4912	3	3	4	4	1	0.9432	2019	0.25	0.2358
2806	nugroho a.p.	0.298	0.4383	18	10	32	11	4	3.7726	2019	0.3636	0.343
2808	nugroho b.d.a.	0.2803	0.1842	5	4	4	11	5	4.7158	2019	0.4545	0.4287
2809	nugroho d.	-0.7239	-0.5141	9	1	1	2	0	0	2019	0	0
2810	nugroho d.b.	-0.2037	0.6374	21	5	17	6	34	32.0673	2019	5.6667	5.3445
2814	nugroho h.a.	-0.0015	-0.1956	7	18	46	31	19	17.9199	2019	0.6129	0.5781
2817	nugroho l.e.	-0.212	-0.2174	7	7	11	15	18	16.9768	2019	1.2	1.1318
2825	nugroho w.d.	-0.189	1.1751	71	0	0	2	2	1.8863	2019	1	0.9432
2829	nukman m.	-0.0202	0.8245	3	4	4	4	4	3.7726	2019	1	0.9432
2836	nurcahyo w.	0.115	-1.1633	72	0	0	4	6	5.6589	2019	1.5	1.4147
2841	nurfauzi r.	0.0804	-0.1808	7	5	15	6	2	1.8863	2019	0.3333	0.3144
2848	nurhidayat l.	-0.1509	0.3251	2	13	13	1	0	0	2019	0	0
2852	nuringtyas t.r.	0.1617	0.2677	17	6	8	5	5	4.7158	2019	1	0.9432
2855	nurjani e.	-0.4102	-0.66	16	15	16	7	2	1.8863	2019	0.2857	0.2695
2859	nurkholis a.	-0.5562	-0.7314	16	14	31	7	16	15.0905	2019	2.2857	2.1558
2865	nurputra d.k.	-0.4175	0.0374	1	11	11	1	1	0.9432	2019	1	0.9432
2868	nurrulhidayah a.f.	-0.0834	-0.3679	4	4	6	3	2	1.8863	2019	0.6667	0.6288
2870	nurteisa y.t.	-0.4842	-0.7012	16	11	11	2	0	0	2019	0	0
2871	nurtini s.	0.2091	-0.32	8	8	9	3	0	0	2019	0	0
2882	nuryastuti t.	0.608	0.4155	10	4	4	2	3	2.8295	2019	1.5	1.4147
2884	nuryono n.	-0.5937	0.1475	36	5	11	6	17	16.0336	2019	2.8333	2.6723
2897	o'reilly k.m.	-0.6506	0.4286	25	16	16	1	5	4.7158	2019	5	4.7158
2898	o'rourke s.	-0.882	-0.386	9	18	18	1	13	12.261	2019	13	12.261
2904	"ohnmar, chua a.e."	-0.9557	0.4031	29	13	13	1	2	1.8863	2019	2	1.8863
2905	ohta y.	-0.4638	-0.4696	15	8	15	2	3	2.8295	2019	1.5	1.4147
2906	ohto k.	-0.3704	0.3713	2	8	13	3	8	7.5452	2019	2.6667	2.5151
2911	okayasu t.	0.2546	0.4679	18	3	13	6	4	3.7726	2019	0.6667	0.6288
2929	orsini f.	0.7347	0.3845	10	13	13	1	0	0	2019	0	0
2933	ou k.-l.	-0.8719	-0.6703	35	10	28	8	40	37.7262	2019	5	4.7158
2936	pace c.	0.7969	-0.0363	13	17	17	1	3	2.8295	2019	3	2.8295
2938	padmawati r.s.	0.475	0.1132	24	22	22	5	10	9.4315	2019	2	1.8863
2944	palma m.	0.2978	0.7905	3	1	3	3	18	16.9768	2019	6	5.6589
2951	pamungkaningtyas f.h.	0.6718	-0.5821	31	12	12	1	2	1.8863	2019	2	1.8863
2956	pan q.	0.5082	0.4272	10	10	16	3	10	9.4315	2019	3.3333	3.1438
2961	pangeran d.	1.0592	0.1863	22	17	17	1	4	3.7726	2019	4	3.7726
2964	panggabean g.f.	-0.0388	-0.8104	6	29	38	2	1	0.9432	2019	0.5	0.4716
2974	paradhipta d.h.v.	0.6475	0.8789	41	5	10	2	2	1.8863	2019	1	0.9432
2991	patcharanarumol w.	0.51	0.1744	24	17	17	1	5	4.7158	2019	5	4.7158
2993	patra g.	-2.0523	0.3013	56	1	2	2	3	2.8295	2019	1.5	1.4147
2994	patriani d.	0.6995	-0.1461	14	11	11	1	2	1.8863	2019	2	1.8863
3002	peiner e.	-0.3492	0.6598	21	11	11	1	0	0	2019	0	0
3004	pelican k.m.	-0.2617	0.0957	26	13	13	1	2	1.8863	2019	2	1.8863
3006	penttinen p.	0.5987	0.057	14	18	18	1	9	8.4884	2019	9	8.4884
3007	peppelenbosch m.p.	0.5256	0.4524	10	10	16	3	10	9.4315	2019	3.3333	3.1438
3009	perdana i.	0.0914	0.6734	3	9	15	7	14	13.2042	2019	2	1.8863
3012	peres a.m.	-0.0964	0.6851	21	5	8	2	4	3.7726	2019	2	1.8863
3019	permanasari a.e.	-0.1597	-0.1712	7	8	10	10	8	7.5452	2019	0.8	0.7545
3020	permanasari v.y.	0.084	0.1727	5	11	11	1	6	5.6589	2019	6	5.6589
3030	pertiwiningrum a.	0.2844	-0.658	4	37	51	12	6	5.6589	2019	0.5	0.4716
3033	petrus h.t.b.m.	0.094	0.6969	3	9	19	9	18	16.9768	2019	2	1.8863
3037	phung s.	0.4806	-0.3372	11	11	11	1	1	0.9432	2019	1	0.9432
3039	pigott d.m.	-0.7208	0.4178	25	16	16	1	5	4.7158	2019	5	4.7158
3040	pilz j.	0.1164	0.9696	27	13	13	1	23	21.6926	2019	23	21.6926
3043	pistre s.	1.0196	-0.3349	33	11	11	1	2	1.8863	2019	2	1.8863
3052	poespoprodjo j.r.	0.6335	-0.1018	14	53	85	8	24	22.6357	2019	3	2.8295
3053	poggio l.	-0.9501	-0.3317	9	18	18	1	13	12.261	2019	13	12.261
3058	pongutta s.	0.4499	0.2246	24	17	17	1	5	4.7158	2019	5	4.7158
3062	postma m.j.	0.7728	0.1997	10	5	8	2	4	3.7726	2019	2	1.8863
3066	prabaswara r.r.	-0.9214	0.6173	38	6	12	2	0	0	2019	0	0
3069	prabowo h.	0.2109	0.3417	17	3	5	2	0	0	2019	0	0
3079	pradipta a.g.	0.3	0.1866	5	2	2	3	0	0	2019	0	0
3091	prakoeswa c.r.s.	-0.4176	-0.1637	1	3	6	2	0	0	2019	0	0
3097	pramesi p.c.	0.6916	-0.6335	31	12	12	1	2	1.8863	2019	2	1.8863
3100	pramono b.a.s.	0.1147	-0.9983	6	5	9	2	0	0	2019	0	0
3116	pranoto y.	0.6031	0.5944	23	3	4	5	6	5.6589	2019	1.2	1.1318
3117	pranowo h.d.	-0.4148	0.2175	2	5	5	3	7	6.6021	2019	2.3333	2.2007
3123	prasarnphanich o.-o.	-0.2111	0.1626	26	13	13	1	2	1.8863	2019	2	1.8863
3125	prasetya a.	0.103	0.63	3	11	20	11	12	11.3179	2019	1.0909	1.0289
3134	prasetyo i.	0.2272	0.6628	3	2	6	5	4	3.7726	2019	0.8	0.7545
3142	prasetyoko d.	0.1643	0.7428	3	2	2	2	0	0	2019	0	0
3161	pratama g.n.p.	0.0014	-0.2836	7	4	10	4	0	0	2019	0	0
3167	pratiwi l.	-0.3952	0.0478	1	11	11	1	1	0.9432	2019	1	0.9432
3169	pratiwi r.	-0.0634	0.2993	2	16	16	5	3	2.8295	2019	0.6	0.5659
3173	pratomo w.	0.3781	0.6349	28	13	13	1	4	3.7726	2019	4	3.7726
3188	"prayoga, thio f."	0.6184	0.0312	14	18	18	1	9	8.4884	2019	9	8.4884
3192	priastomo y.	-0.2946	0.3874	2	6	6	2	2	1.8863	2019	1	0.9432
3193	pribadi e.s.	0.386	0.6599	28	13	13	1	4	3.7726	2019	4	3.7726
3198	price r.n.	0.6924	-0.0586	14	45	72	6	22	20.7494	2019	3.6667	3.4582
3206	prihatin m.t.	0.3677	-0.1508	13	14	18	2	2	1.8863	2019	1	0.9432
3207	primananda e.	0.4305	-0.5488	11	8	12	2	6	5.6589	2019	3	2.8295
3208	primasanti h.	-0.449	-1.022	30	11	11	1	1	0.9432	2019	1	0.9432
3226	pudyatmoko s.	1.004	0.4714	39	2	4	5	9	8.4884	2019	1.8	1.6977
3232	pulungan r.	0.1874	-0.1315	5	2	2	5	7	6.6021	2019	1.4	1.3204
3236	purbantoro b.	0.0324	-0.8493	6	19	19	1	1	0.9432	2019	1	0.9432
3254	purnomo	-0.0277	0.5709	3	2	7	7	11	10.3747	2019	1.5714	1.4821
3258	purnomo c.w.	0.1567	0.6234	3	6	7	7	24	22.6357	2019	3.4286	3.2337
3260	purnomo h.	-0.4228	-0.5741	15	2	2	3	0	0	2019	0	0
3272	purwantana b.	0.3344	0.3189	18	13	24	12	0	0	2019	0	0
3283	purwanto t.h.	-0.0073	-0.792	6	19	19	1	1	0.9432	2019	1	0.9432
3287	purwestri y.a.	0.1943	0.2627	17	6	11	6	5	4.7158	2019	0.8333	0.786
3288	purwoko a.a.	-0.6201	0.1123	36	5	11	4	10	9.4315	2019	2.5	2.3579
3289	purwono b.	-0.3978	0.1935	2	5	5	5	7	6.6021	2019	1.4	1.3204
3313	putra a.r.s.	0.1996	-0.4012	8	2	3	5	5	4.7158	2019	1	0.9432
3335	putranti a.h.	-0.3784	0.0261	1	11	11	1	1	0.9432	2019	1	0.9432
3337	putranto e.w.	-0.8582	0.0516	12	30	42	2	4	3.7726	2019	2	1.8863
3338	putranto l.m.	-0.7196	-0.9048	46	3	7	9	2	1.8863	2019	0.2222	0.2096
3340	putri a.f.	-0.2563	0.8192	34	11	11	1	0	0	2019	0	0
3341	putri a.f.s.	-0.8809	0.6469	38	6	12	2	0	0	2019	0	0
3355	putri h.	-0.347	-0.5003	15	11	16	4	5	4.7158	2019	1.25	1.1789
3360	putri r.f.	-0.2706	-0.764	16	8	13	7	6	5.6589	2019	0.8571	0.8084
3361	putri s.	0.0461	0.2385	5	12	12	2	6	5.6589	2019	3	2.8295
3371	puyat-murga m.e.	0.5071	0.2389	24	17	17	1	5	4.7158	2019	5	4.7158
3375	qodria l.	-0.4556	-0.5031	15	8	15	2	3	2.8295	2019	1.5	1.4147
3384	race d.	-0.4535	-0.3276	7	3	4	3	2	1.8863	2019	0.6667	0.6288
3388	rachmani e.	0.5791	-0.2666	20	5	10	2	2	1.8863	2019	1	0.9432
3393	rachmawati r.	-0.5907	-0.0121	36	3	7	6	7	6.6021	2019	1.1667	1.1003
3403	rafi m.	-0.0553	-0.3495	4	5	10	3	5	4.7158	2019	1.6667	1.5719
3410	rahardjo e.t.	-0.0724	-0.8104	6	29	38	2	1	0.9432	2019	0.5	0.4716
3416	raharjo t.j.	0.047	0.3637	17	5	5	6	6	5.6589	2019	1	0.9432
3417	rahayoe s.	0.6469	0.6084	23	8	16	6	0	0	2019	0	0
3418	rahayu a.	0.7867	-0.3076	20	14	14	2	1	0.9432	2019	0.5	0.4716
3421	rahayu e.s.	0.6045	-0.5889	31	13	18	4	3	2.8295	2019	0.75	0.7074
3441	rahman m.a.a.	0.3423	1.06	42	4	7	2	15	14.1473	2019	7.5	7.0737
3448	rahmanu y.a.	-0.3178	-0.7984	16	4	5	2	1	0.9432	2019	0.5	0.4716
3452	rahmawati e.	-0.0709	-1.1477	52	2	6	3	4	3.7726	2019	1.3333	1.2575
3454	rahmawati r.	-0.5594	0.081	36	9	9	4	7	6.6021	2019	1.75	1.6505
3461	rajamoorthy y.	-0.6122	0.8875	19	21	34	2	10	9.4315	2019	5	4.7158
3467	ralph a.	0.4737	-0.3885	11	11	11	1	1	0.9432	2019	1	0.9432
3469	ramadana m.r.	-0.604	0.9216	19	21	34	2	10	9.4315	2019	5	4.7158
3470	ramadani r.d.	-0.4886	-0.4879	15	8	15	2	3	2.8295	2019	1.5	1.4147
3472	ramadhan f.	-0.4581	-0.7786	16	6	14	3	1	0.9432	2019	0.3333	0.3144
3476	ramadhani p.h.	-0.2969	0.8462	34	11	11	1	0	0	2019	0	0
3477	ramadhanti s.r.	-0.2831	0.8235	34	11	11	1	0	0	2019	0	0
3510	reiner r.c.	-0.6865	0.3518	25	16	16	1	5	4.7158	2019	5	4.7158
3511	reinhard h.	-0.4934	-0.67	16	11	11	1	0	0	2019	0	0
3526	rhatomy s.	0.2723	-1.1229	51	2	5	4	9	8.4884	2019	2.25	2.1221
3528	rianjanu a.	-0.1705	0.635	21	7	25	6	47	44.3283	2019	7.8333	7.388
3553	rindiastuti y.	-0.3967	-0.1553	1	3	6	2	0	0	2019	0	0
3564	ritarwan k.	1.0535	0.1043	22	17	17	1	4	3.7726	2019	4	3.7726
3568	riwanto i.	-0.2156	0.0305	1	3	3	2	3	2.8295	2019	1.5	1.4147
3571	riyanto i.a.	-0.4817	-0.7517	16	13	27	5	1	0.9432	2019	0.2	0.1886
3573	riyanto s.	-0.0466	-0.4517	4	4	8	6	7	6.6021	2019	1.1667	1.1003
3592	rochmadi	-1.1854	-0.3717	57	1	4	5	5	4.7158	2019	1	0.9432
3602	rodríguez-morales a.j.	-0.6773	0.8173	19	20	20	1	6	5.6589	2019	6	5.6589
3612	rohmah z.	-0.0787	0.4199	2	2	2	2	1	0.9432	2019	0.5	0.4716
3613	rohman a.	-0.0659	-0.4043	4	22	58	37	60	56.5893	2019	1.6216	1.5294
3622	romi m.m.	-0.2596	-0.1489	1	4	11	4	3	2.8295	2019	0.75	0.7074
3624	rosadi d.	0.6537	-0.8463	40	2	5	8	27	25.4652	2019	3.375	3.1831
3625	rosaji f.s.c.	-0.6108	-0.5309	9	4	8	3	1	0.9432	2019	0.3333	0.3144
3635	roto r.	-0.1796	0.5862	21	11	29	10	56	52.8167	2019	5.6	5.2817
3638	roudier p.	-0.9781	-0.3326	9	18	18	1	13	12.261	2019	13	12.261
3639	rovik a.	0.773	-0.3404	20	14	14	1	1	0.9432	2019	1	0.9432
3647	"rudiyanto, padarian j."	-0.925	-0.3187	9	18	18	1	13	12.261	2019	13	12.261
3650	rukmoyo t.	0.2818	-1.1066	51	2	3	2	9	8.4884	2019	4.5	4.2442
3652	ruma i.m.w.	-0.8948	-0.0284	12	20	20	1	3	2.8295	2019	3	2.8295
3682	sadewa a.h.	-0.4809	0.1061	1	2	7	8	3	2.8295	2019	0.375	0.3537
3685	sadono r.	0.9917	0.4826	39	1	1	5	4	3.7726	2019	0.8	0.7545
3686	saeed o.a.	-1.1581	0.1045	43	4	12	3	3	2.8295	2019	1	0.9432
3691	sahara a.	-2.0546	0.2893	56	1	2	2	3	2.8295	2019	1.5	1.4147
3697	saito k.	-0.834	0.1087	12	22	22	1	1	0.9432	2019	1	0.9432
3698	saito y.	0.8809	-0.6976	45	3	6	2	2	1.8863	2019	1	0.9432
3700	sakaguchi m.	-0.8518	0.022	12	30	42	2	4	3.7726	2019	2	1.8863
3706	saktiawati a.m.i.	0.1821	0.0509	5	7	14	4	9	8.4884	2019	2.25	2.1221
3715	salsabila g.	-0.2695	0.8439	34	11	11	1	0	0	2019	0	0
3719	samsudin a.a.	-1.148	0.1287	43	4	12	3	3	2.8295	2019	1	0.9432
3728	santana-morales m.a.	0.7885	-0.0665	13	17	17	1	3	2.8295	2019	3	2.8295
3732	santosa c.e.	-0.0461	-0.8684	6	29	38	2	1	0.9432	2019	0.5	0.4716
3734	santosa p.i.	-0.184	-0.1905	7	8	14	11	7	6.6021	2019	0.6364	0.6002
3736	santosa s.j.	-0.257	0.5773	2	3	4	8	4	3.7726	2019	0.5	0.4716
3739	santoso d.	0.501	-0.3912	11	11	11	1	1	0.9432	2019	1	0.9432
3745	santoso u.	0.6011	0.6229	23	3	3	2	6	5.6589	2019	3	2.8295
3750	saptoadi h.	0.0011	0.5735	3	2	5	6	16	15.0905	2019	2.6667	2.5151
3762	saputro a.d.	0.7124	0.6233	23	12	31	11	18	16.9768	2019	1.6364	1.5433
3771	saraswati u.	0.7478	-0.348	20	14	14	1	1	0.9432	2019	1	0.9432
3778	sari d.c.r.	-0.2606	-0.1094	1	7	14	6	5	4.7158	2019	0.8333	0.786
3782	sari k.	0.1191	0.1815	5	12	12	2	6	5.6589	2019	3	2.8295
3786	sari r.m.	0.6983	0.339	10	13	13	1	0	0	2019	0	0
3819	sarwono j.	-0.1308	1.0493	48	2	5	3	0	0	2019	0	0
3825	sasmita k.	-0.0276	-0.8381	6	29	38	2	1	0.9432	2019	0.5	0.4716
3829	sasongko m.h.d.	-0.6147	-0.6631	16	2	2	3	2	1.8863	2019	0.6667	0.6288
3839	satiti s.	1.0027	0.1375	22	17	17	1	4	3.7726	2019	4	3.7726
3840	sato h.	-0.849	-0.0831	12	20	20	1	3	2.8295	2019	3	2.8295
3842	satoto t.b.t.	0.2757	-0.1485	13	16	21	4	8	7.5452	2019	2	1.8863
3844	satria c.d.	0.7504	0.3191	10	14	19	2	1	0.9432	2019	0.5	0.4716
3854	satrya muhammad a.	1.0486	-0.3677	33	11	11	1	2	1.8863	2019	2	1.8863
3858	savalas l.r.t.	-0.5963	0.1061	36	5	9	2	6	5.6589	2019	3	2.8295
3865	sazili a.q.	-1.1188	0.1009	43	4	12	3	3	2.8295	2019	1	0.9432
3870	schirhagl r.	0.0092	1.1438	50	2	5	3	6	5.6589	2019	2	1.8863
3871	scholz g.	-0.3535	0.6865	21	11	11	1	0	0	2019	0	0
3878	sediawan w.b.	0.1338	0.5684	3	6	11	8	12	11.3179	2019	1.5	1.4147
3880	sejahtera d.p.	-1.0008	0.3599	29	13	13	2	3	2.8295	2019	1.5	1.4147
3896	septiani n.l.w.	0.6633	-1.0195	64	1	2	2	2	1.8863	2019	1	0.9432
3903	setiadi b.	-0.1153	-0.8197	6	19	19	1	0	0	2019	0	0
3913	setiawan a.m.	-0.5333	0.8567	19	21	34	2	10	9.4315	2019	5	4.7158
3916	setiawan e.	0.0818	0.2274	5	11	11	1	6	5.6589	2019	6	5.6589
3919	setiawan h.	0.1083	0.8055	27	3	5	4	8	7.5452	2019	2	1.8863
3927	setiawan n.a.	-0.0369	-0.1436	7	6	12	10	5	4.7158	2019	0.5	0.4716
3929	setiawan r.y.	0.4873	-0.5123	8	5	10	4	0	0	2019	0	0
3940	setiyono b.	-0.6095	-0.005	36	3	7	3	4	3.7726	2019	1.3333	1.2575
3943	setyadi a.	0.64	-0.1774	14	11	11	1	0	0	2019	0	0
3948	setyaningsih r.	0.3755	-0.2065	13	13	13	1	1	0.9432	2019	1	0.9432
3949	setyaningsih w.	0.2917	0.7775	3	2	4	5	18	16.9768	2019	3.6	3.3954
3950	setyaningsih w.a.w.	-0.2838	-0.1414	1	4	7	2	2	1.8863	2019	1	0.9432
3952	setyawan a.	0.1665	0.1287	5	7	10	4	11	10.3747	2019	2.75	2.5937
3958	setyawan r.	0.2629	-1.1099	51	2	4	3	2	1.8863	2019	0.6667	0.6288
3959	setyawan r.h.	0.6652	-0.6405	31	12	12	1	2	1.8863	2019	2	1.8863
3960	setyawan s.	0.7669	-0.373	20	14	14	1	1	0.9432	2019	1	0.9432
3963	setyobudi e.	0.5154	-0.5279	8	2	2	4	0	0	2019	0	0
3978	shapiai m.i.	0.3912	1.0188	42	3	9	3	8	7.5452	2019	2.6667	2.5151
3980	shepard d.s.	-0.6719	0.3892	25	16	16	1	5	4.7158	2019	5	4.7158
3983	shien k.	-0.8235	-0.0564	12	20	20	1	3	2.8295	2019	3	2.8295
3984	shima h.	-0.2503	-0.6391	15	11	11	1	2	1.8863	2019	2	1.8863
3985	shimada m.	0.2544	-0.7716	4	11	11	1	3	2.8295	2019	3	2.8295
3991	shionyu m.	-0.2358	-0.5735	15	12	20	2	4	3.7726	2019	2	1.8863
3992	shirai t.	-0.255	-0.5928	15	12	20	2	4	3.7726	2019	2	1.8863
4001	sholikhah e.n.	-0.1963	0.3399	2	18	18	2	0	0	2019	0	0
4007	siahaan p.	0.72	1.1011	55	1	3	3	0	0	2019	0	0
4010	sidadolog j.h.p.	0.0852	-0.519	8	3	6	2	2	1.8863	2019	1	0.9432
4028	simpson j.a.	0.646	-0.0464	14	27	48	4	13	12.261	2019	3.25	3.0653
4035	sinrang w.	-0.6195	-0.1932	32	12	12	1	0	0	2019	0	0
4053	siswanta d.	-0.2262	0.4783	2	10	11	8	5	4.7158	2019	0.625	0.5895
4061	sitompul p.p.	0.0241	-0.7617	6	19	19	1	1	0.9432	2019	1	0.9432
4063	smedley j.	0.786	-0.0932	13	17	17	1	3	2.8295	2019	3	2.8295
4070	soebono h.	-0.3692	-0.0857	1	3	3	3	1	0.9432	2019	0.3333	0.3144
4075	soenarto y.	0.673	0.2145	10	40	48	8	19	17.9199	2019	2.375	2.24
4080	soesanti i.	-0.0389	-0.211	7	6	7	7	5	4.7158	2019	0.7143	0.6737
4089	soh j.	-0.854	-0.0412	12	20	20	1	3	2.8295	2019	3	2.8295
4098	sopha b.m.	-2.3033	1.3433	58	1	1	7	2	1.8863	2019	0.2857	0.2695
4112	sri sumantyo f.d.	-0.1324	-0.9015	6	19	19	1	0	0	2019	0	0
4113	sri sumantyo j.t.	-0.1776	-0.811	6	22	22	2	0	0	2019	0	0
4122	stegeman j.a.	0.408	0.632	28	13	13	1	4	3.7726	2019	4	3.7726
4123	steven kurniawan y.	-0.3551	0.348	2	8	8	2	7	6.6021	2019	3.5	3.301
4126	stienstra y.	0.143	0.0304	5	3	6	2	4	3.7726	2019	2	1.8863
4128	sturkenboom m.g.g.	0.1502	0.0918	5	5	5	1	3	2.8295	2019	3	2.8295
4133	suarma u.	-0.3782	-0.6718	16	3	4	3	1	0.9432	2019	0.3333	0.3144
4149	subandiyah s.	0.2973	0.1017	17	4	6	4	27	25.4652	2019	6.75	6.3663
4162	subronto y.w.	0.1227	0.071	5	9	14	5	10	9.4315	2019	2	1.8863
4167	sudargo t.	-0.2597	1.1016	73	0	0	3	1	0.9432	2019	0.3333	0.3144
4177	sudaryati s.	-0.0144	-0.5916	4	5	10	4	0	0	2019	0	0
4179	sudaryatno s.	0.0595	-0.9009	6	24	26	3	1	0.9432	2019	0.3333	0.3144
4181	"sudaryatno, purwanto t.h."	-0.0965	-0.8456	6	19	19	1	0	0	2019	0	0
4183	sudewi a.a.r.	1.0524	0.1605	22	17	17	1	4	3.7726	2019	4	3.7726
4191	sudrajat y.	-0.69	0.6251	44	4	4	1	4	3.7726	2019	4	3.7726
4194	sugama a.	0.4185	0.6012	28	13	13	1	4	3.7726	2019	4	3.7726
4196	suganuma s.	0.2732	-0.7906	4	11	11	1	3	2.8295	2019	3	2.8295
4197	sugianto d.n.	0.5021	-0.4827	8	3	6	3	1	0.9432	2019	0.3333	0.3144
4198	sugianto p.	1.0967	0.1928	22	17	17	1	4	3.7726	2019	4	3.7726
4202	sugiarto p.	0.6157	-0.0652	14	29	53	5	14	13.2042	2019	2.8	2.6408
4203	sugiatno e.	-0.886	-0.7026	35	9	11	4	8	7.5452	2019	2	1.8863
4206	"suginingsih, ratnaningrum y.w.n."	0.4102	-0.5726	11	8	8	1	0	0	2019	0	0
4215	sugureta n.m.	-0.4194	-1.0209	30	11	11	1	1	0.9432	2019	1	0.9432
4221	suhartanto b.	0.3355	-0.5443	8	21	29	9	3	2.8295	2019	0.3333	0.3144
4224	suharyadi e.	0.2087	0.1533	5	2	2	3	0	0	2019	0	0
4237	sujaya i.n.	0.6979	-0.5783	31	12	12	1	2	1.8863	2019	2	1.8863
4259	sulaiman m.	-0.4258	-0.955	30	11	11	1	1	0.9432	2019	1	0.9432
4260	sulaiman t.n.s.	-0.0981	-0.4941	4	3	7	4	4	3.7726	2019	1	0.9432
4265	sulendra k.	-1.1192	-0.0976	47	3	3	1	14	13.2042	2019	14	13.2042
4270	sulistyaningsih e.	0.2816	-0.0844	17	4	7	4	0	0	2019	0	0
4275	sulistyo h.	0.1745	0.5976	3	4	7	4	2	1.8863	2019	0.5	0.4716
4277	sulistyo s.	-0.3066	-0.2528	7	9	18	16	6	5.6589	2019	0.375	0.3537
4279	sulistyoningrum d.c.	-0.3887	1.0622	49	2	3	2	7	6.6021	2019	3.5	3.301
4291	sumantyo f.d.s.	0.0248	-0.7982	6	19	19	1	1	0.9432	2019	1	0.9432
4292	sumantyo j.t.s.	-0.1349	-0.7733	6	24	25	3	1	0.9432	2019	0.3333	0.3144
4297	"sumardi, stienstra y."	0.1723	0.0866	5	5	5	1	3	2.8295	2019	3	2.8295
4300	sumardika i.w.	-0.9286	-0.0294	12	20	20	1	3	2.8295	2019	3	2.8295
4312	sunarintyas s.	-0.312	-0.0952	1	1	1	3	1	0.9432	2019	0.3333	0.3144
4317	sunarti s.	-0.2026	0.2919	2	15	15	2	0	0	2019	0	0
4319	sunartini	-0.3989	-0.0133	1	11	11	1	1	0.9432	2019	1	0.9432
4328	sunaryo y.	0.3991	-0.5439	11	8	8	1	0	0	2019	0	0
4338	suparto b.	0.3938	-0.6723	11	12	12	1	2	1.8863	2019	2	1.8863
4339	supartono e.	-0.1047	-0.9116	6	19	19	1	0	0	2019	0	0
4340	supartono w.	0.3553	0.3002	18	1	2	6	0	0	2019	0	0
4347	suprayogi s.	-0.6123	-0.7158	16	4	4	6	4	3.7726	2019	0.6667	0.6288
4365	supriyati e.	0.7186	-0.3583	20	14	14	1	1	0.9432	2019	1	0.9432
4371	suratman a.	-0.2233	0.5453	2	3	4	3	4	3.7726	2019	1.3333	1.2575
4380	surodjo b.	-0.4791	-1.2049	59	1	2	4	1	0.9432	2019	0.25	0.2358
4387	suryani o.f.	0.0029	-0.1523	7	5	9	3	0	0	2019	0	0
4392	suryanto p.	0.2839	-0.2705	17	5	5	3	2	1.8863	2019	0.6667	0.6288
4393	suryanto w.	-0.0271	0.839	3	1	1	3	2	1.8863	2019	0.6667	0.6288
4394	suryatmojo h.	1.0386	0.4733	39	1	1	7	0	0	2019	0	0
4405	susanti y.	-0.4888	-1.2004	59	1	2	5	1	0.9432	2019	0.2	0.1886
4409	susanto f.a.	0.2007	0.2351	17	3	6	3	4	3.7726	2019	1.3333	1.2575
4410	susanto h.	0.7592	1.3631	54	1	2	3	2	1.8863	2019	0.6667	0.6288
4420	susidarti r.a.	-0.4327	-0.4851	15	9	17	4	4	3.7726	2019	1	0.9432
4421	susilawathi n.m.	1.0498	0.1332	22	17	17	1	4	3.7726	2019	4	3.7726
4425	susilowati r.	-0.3001	-0.0992	1	2	2	4	2	1.8863	2019	0.5	0.4716
4428	susyanto n.	-0.5094	-1.0167	30	1	1	7	1	0.9432	2019	0.1429	0.1347
4434	sutiarso l.	0.2846	0.3992	18	11	32	12	4	3.7726	2019	0.3333	0.3144
4449	suwandono a.	-0.2797	0.144	26	13	13	1	2	1.8863	2019	2	1.8863
4451	suwanto a.	2.9792	0.6254	60	1	2	2	5	4.7158	2019	2.5	2.3579
4453	suwarni n.w.i.	-1.1363	-0.0975	47	3	3	1	14	13.2042	2019	14	13.2042
4457	suwignyo b.	0.3075	-0.3782	8	6	7	4	1	0.9432	2019	0.25	0.2358
4471	suyitno	0.9819	1.0485	61	1	2	3	0	0	2019	0	0
4482	swasono r.t.	-0.3541	0.1511	2	5	5	3	8	7.5452	2019	2.6667	2.5151
4486	syafruddin d.	0.5352	-0.1284	13	32	32	3	5	4.7158	2019	1.6667	1.5719
4489	syahbudin a.	-0.4348	-1.0026	30	11	11	2	2	1.8863	2019	1	0.9432
4498	syamsu i.	-0.3231	0.6434	21	11	11	1	0	0	2019	0	0
4505	taherzadeh m.j.	0.292	0.726	3	2	3	3	7	6.6021	2019	2.3333	2.2007
4511	takamatsu h.	-0.8958	0.1063	12	22	22	1	1	0.9432	2019	1	0.9432
4517	tan c.-t.	-0.9727	0.3833	29	13	13	1	2	1.8863	2019	2	1.8863
4519	tangcharoensathien v.	0.5324	0.2155	24	17	17	1	5	4.7158	2019	5	4.7158
4522	tani a.	0.299	-0.8003	4	11	11	1	3	2.8295	2019	3	2.8295
4525	tanjung d.s.	-0.1217	0.1075	1	6	7	2	2	1.8863	2019	1	0.9432
4527	tantowijoyo w.	0.7402	-0.3762	20	14	14	1	1	0.9432	2019	1	0.9432
4534	taruno w.p.	-0.1089	0.2807	2	13	13	1	0	0	2019	0	0
4535	taryono	0.2789	-0.2307	17	2	2	4	2	1.8863	2019	0.5	0.4716
4541	tasya i.a.	0.0867	0.0946	5	3	3	1	3	2.8295	2019	3	2.8295
4556	ten caten a.	-0.8807	-0.3249	9	18	18	1	13	12.261	2019	13	12.261
4558	ter kuile f.o.	0.8059	-0.113	13	17	17	1	3	2.8295	2019	3	2.8295
4562	thabrany h.	0.0764	0.1927	5	11	11	1	6	5.6589	2019	6	5.6589
4566	thi p.h.	0.4797	0.1681	24	17	17	1	5	4.7158	2019	5	4.7158
4567	thin k.	0.4351	0.198	24	17	17	1	5	4.7158	2019	5	4.7158
4570	thobari j.a.	0.7672	0.2356	10	10	10	2	5	4.7158	2019	2.5	2.3579
4572	thompson d.	-0.9319	-0.3805	9	18	18	1	13	12.261	2019	13	12.261
4573	thriemer k.	0.675	-0.1812	14	11	11	1	0	0	2019	0	0
4574	thuy le m.-a.	-0.9432	0.3775	29	13	13	1	2	1.8863	2019	2	1.8863
4582	titisari a.d.	0.0297	0.7883	3	3	5	3	1	0.9432	2019	0.3333	0.3144
4585	tjahjono y.	-1.5905	0.1391	62	1	2	2	2	1.8863	2019	1	0.9432
4593	tomida s.	-0.9184	-0.0636	12	20	20	1	3	2.8295	2019	3	2.8295
4595	tomonobu n.	-0.8209	0.0419	12	30	42	2	4	3.7726	2019	2	1.8863
4596	tontowi a.e.	-2.2936	1.3377	58	1	1	6	1	0.9432	2019	0.1667	0.1572
4597	toulier a.	1.066	-0.2977	33	11	11	1	2	1.8863	2019	2	1.8863
4598	toyooka s.	-0.7886	0.0218	12	30	42	2	4	3.7726	2019	2	1.8863
4600	trapsilawati f.	-0.1677	-0.36	18	7	14	5	1	0.9432	2019	0.2	0.1886
4609	triasih r.	0.4866	-0.2958	11	17	19	2	2	1.8863	2019	1	0.9432
4611	triharjanto r.h.	-0.1495	-0.8734	6	19	19	1	0	0	2019	0	0
4614	triono a.	-0.4393	0.0201	1	11	11	1	1	0.9432	2019	1	0.9432
4615	triono s.	-0.2929	0.3601	2	6	7	2	3	2.8295	2019	1.5	1.4147
4619	trisnantoro l.	0.4205	0.1423	24	19	19	5	8	7.5452	2019	1.6	1.509
4621	trisunaryanti w.	-0.4738	0.2349	2	1	1	4	15	14.1473	2019	3.75	3.5368
4624	triyana k.	-0.1486	0.6103	21	22	48	18	56	52.8167	2019	3.1111	2.9343
4638	tsushima k.	-0.1133	-0.8715	6	19	19	1	0	0	2019	0	0
4640	tuangratananon t.	0.4614	0.1945	24	17	17	1	5	4.7158	2019	5	4.7158
4648	tunjung w.a.s.	-0.1275	0.2615	2	13	13	1	0	0	2019	0	0
4651	tuve c.	-0.9631	-0.3054	9	18	18	1	13	12.261	2019	13	12.261
4655	tzeng c.-r.	-0.089	-1.1369	52	2	6	3	4	3.7726	2019	1.3333	1.2575
4661	ubra r.r.	0.4761	-0.1912	11	8	8	1	1	0.9432	2019	1	0.9432
4676	umami n.	0.2709	-0.3837	8	16	23	11	2	1.8863	2019	0.1818	0.1715
4683	umniyati s.r.	0.1389	-0.09	13	2	2	3	5	4.7158	2019	1.6667	1.5719
4685	untari l.f.	-0.0906	0.4357	2	3	3	2	3	2.8295	2019	1.5	1.4147
4687	unwin v.t.	0.8108	-0.1428	13	17	17	1	3	2.8295	2019	3	2.8295
4689	ushada m.	0.0546	-0.0601	18	2	3	5	1	0.9432	2019	0.2	0.1886
4702	utami s.n.h.	0.2829	0.0202	17	5	7	6	2	1.8863	2019	0.3333	0.3144
4703	utami s.s.	-0.1408	1.0297	48	2	7	6	0	0	2019	0	0
4704	utami t.	0.6139	-0.5619	31	13	18	4	3	2.8295	2019	0.75	0.7074
4705	utarini a.	0.7366	-0.3023	20	14	14	6	6	5.6589	2019	1	0.9432
4709	utomo p.s.	-0.5406	0.8224	19	21	34	2	10	9.4315	2019	5	4.7158
4710	utomo r.	0.2881	-0.4133	8	10	15	7	2	1.8863	2019	0.2857	0.2695
4711	utomo r.y.	-0.3812	-0.5082	15	19	45	9	12	11.3179	2019	1.3333	1.2575
4715	vahedi m.	0.4034	-0.0503	11	1	1	1	1	0.9432	2019	1	0.9432
4716	valeri l.	-0.2588	0.1227	26	13	13	1	2	1.8863	2019	2	1.8863
4717	van asselt a.d.i.	0.7824	0.1803	10	5	8	2	4	3.7726	2019	2	1.8863
4722	van crevel r.	1.0266	0.1502	22	17	17	1	4	3.7726	2019	4	3.7726
4723	van de walle d.	0.7656	0.6254	23	4	9	3	18	16.9768	2019	6	5.6589
4724	van den boogard c.	0.4673	-0.2209	11	8	8	1	1	0.9432	2019	1	0.9432
4725	van der heijde-mulder m.	0.4761	0.4817	10	7	7	1	4	3.7726	2019	4	3.7726
4727	van der laan k.j.	0.0087	1.1625	50	2	4	2	5	4.7158	2019	2.5	2.3579
4728	van der meeren p.	0.4615	-0.9604	74	0	0	3	16	15.0905	2019	5.3333	5.0302
4731	van der werf t.s.	0.1574	0.0576	5	7	14	4	9	8.4884	2019	2.25	2.1221
4734	van durme j.	0.7914	0.6497	23	4	4	1	5	4.7158	2019	5	4.7158
4745	vesterinen h.m.	-0.2509	0.1472	26	13	13	1	2	1.8863	2019	2	1.8863
4746	vierman	0.1861	-0.2947	8	8	14	2	0	0	2019	0	0
4750	viriyathorn s.	0.5353	0.185	24	17	17	1	5	4.7158	2019	5	4.7158
4751	virmoux c.	-0.7002	0.6108	44	4	4	1	4	3.7726	2019	4	3.7726
4753	visudtibhan a.	-1.0158	0.3394	29	13	13	1	2	1.8863	2019	2	1.8863
4756	vorachit s.	-1.028	0.3647	29	13	13	1	2	1.8863	2019	2	1.8863
4759	waag a.	-0.2996	0.6581	21	11	11	1	0	0	2019	0	0
4761	wagner a.l.	-0.6388	0.9068	19	21	34	2	10	9.4315	2019	5	4.7158
4763	wahdi a.e.	-0.1279	-0.0405	1	4	4	2	1	0.9432	2019	0.5	0.4716
4768	wahono s.k.	2.9747	0.6365	60	1	2	2	5	4.7158	2019	2.5	2.3579
4771	wahyono t.y.m.	0.0318	0.1764	5	11	11	1	6	5.6589	2019	6	5.6589
4779	wahyunggoro o.	-0.0059	-0.2453	7	9	15	12	8	7.5452	2019	0.6667	0.6288
4783	wahyuni e.t.	-0.1025	0.5548	2	6	6	4	5	4.7158	2019	1.25	1.1789
4788	wahyuniati n.	-0.5659	0.8447	19	21	34	2	10	9.4315	2019	5	4.7158
4792	wahyuningsih t.d.	-0.2787	0.2893	2	3	3	4	7	6.6021	2019	1.75	1.6505
4799	walinono t.	-0.6483	-0.3879	9	5	10	2	0	0	2019	0	0
4802	waluyati l.r.	-0.3933	0.5056	37	2	5	5	1	0.9432	2019	0.2	0.1886
4803	waluyo j.	0.3246	-0.1474	13	5	5	3	1	0.9432	2019	0.3333	0.3144
4809	wang d.	0.8503	-0.0978	13	17	17	1	3	2.8295	2019	3	2.8295
4814	wang l.	0.2736	-0.8165	4	11	11	1	3	2.8295	2019	3	2.8295
4815	wang w.	0.4867	0.4491	10	7	11	2	6	5.6589	2019	3	2.8295
4817	wang w.-q.	-0.4685	0.5929	37	6	11	2	1	0.9432	2019	0.5	0.4716
4818	wang y.	0.4245	0.4914	10	8	8	2	14	13.2042	2019	7	6.6021
4821	wangmo k.	0.4987	0.1452	24	17	17	1	5	4.7158	2019	5	4.7158
4822	wangmo s.	0.4757	0.2427	24	17	17	1	5	4.7158	2019	5	4.7158
4823	waramori g.	0.635	0.0003	14	18	18	1	9	8.4884	2019	9	8.4884
4826	wardana d.s.	0.8015	-0.332	20	14	14	1	1	0.9432	2019	1	0.9432
4827	wardana t.	-0.1487	0.1104	1	6	6	2	1	0.9432	2019	0.5	0.4716
4840	warmada i.w.	0.0492	0.763	3	7	7	3	9	8.4884	2019	3	2.8295
4841	"warsinggih, hatta m."	-0.5826	-0.1796	32	12	12	1	0	0	2019	0	0
4845	wasisto h.s.	-0.2664	0.6704	21	15	16	2	7	6.6021	2019	3.5	3.301
4847	wasityastuti w.	-0.2265	-0.099	1	3	3	3	2	1.8863	2019	0.6667	0.6288
4849	waskito w.a.	-0.5976	-0.7553	16	6	12	2	9	8.4884	2019	4.5	4.2442
4851	wassmer p.	-0.7032	0.6371	44	4	4	1	4	3.7726	2019	4	3.7726
4852	watanabe t.	-0.0272	-0.8913	6	29	38	2	1	0.9432	2019	0.5	0.4716
4856	watts e.	0.7675	0.2962	10	14	19	2	1	0.9432	2019	0.5	0.4716
4857	wayan adiyasa i.	-0.7291	-0.8878	46	1	1	3	0	0	2019	0	0
4859	wayan sumardika i.	-0.8715	0.1334	12	22	22	1	1	0.9432	2019	1	0.9432
4863	wellappuli n.	0.4905	0.1904	24	17	17	1	5	4.7158	2019	5	4.7158
4865	wen s.-c.	-0.8457	-0.6534	35	10	21	4	4	3.7726	2019	1	0.9432
4866	wende m.	2.6463	-0.8473	63	1	1	1	0	0	2019	0	0
4871	wibawa a.d.	-0.1991	-0.3247	18	6	11	2	0	0	2019	0	0
4872	wibawa h.	0.4567	0.6619	28	13	13	2	4	3.7726	2019	2	1.8863
4876	wibirama s.	-0.2471	-0.723	16	10	15	10	2	1.8863	2019	0.2	0.1886
4878	wibisono g.	-0.0587	-0.8392	6	29	38	2	1	0.9432	2019	0.5	0.4716
4879	wibowo a.	0.3173	0.0882	17	2	4	4	2	1.8863	2019	0.5	0.4716
4883	wibowo b.s.	-0.1576	-0.3838	18	1	1	4	4	3.7726	2019	1	0.9432
4886	wibowo m.h.	0.3911	0.5681	28	14	14	2	9	8.4884	2019	4.5	4.2442
4891	wibowo s.b.	-0.1043	-0.2661	7	1	2	7	3	2.8295	2019	0.4286	0.4042
4893	wibowo t.w.	0.1087	-0.9571	6	5	11	6	0	0	2019	0	0
4895	wicaksono a.	-0.686	-0.3404	9	11	24	5	0	0	2019	0	0
4898	wicaksono p.	-0.7111	-0.363	9	11	18	9	7	6.6021	2019	0.7778	0.7336
4901	wichienchot s.	0.6022	0.6449	23	2	3	2	5	4.7158	2019	2.5	2.3579
4907	widanapathirana n.	0.4631	0.1474	24	17	17	1	5	4.7158	2019	5	4.7158
4909	widartono b.s.	0.1239	-0.5698	6	45	54	5	6	5.6589	2019	1.2	1.1318
4914	widayanti r.	-0.0281	-0.0912	26	4	11	5	2	1.8863	2019	0.4	0.3773
4916	widayati d.t.	0.1875	-0.4707	8	6	7	6	0	0	2019	0	0
4921	widi t.s.m.	0.1946	-0.3555	8	12	32	12	2	1.8863	2019	0.1667	0.1572
4924	widiarti w.	0.3479	-0.2227	13	13	13	1	1	0.9432	2019	1	0.9432
4930	widiastuti u.	0.3724	-0.2385	13	13	13	1	1	0.9432	2019	1	0.9432
4939	widiyatmoko a.	0.1859	0.5405	3	6	6	2	2	1.8863	2019	1	0.9432
4947	widodo i.	-0.2322	0.017	1	4	5	2	2	1.8863	2019	1	0.9432
4948	widodo s.	0.4041	-0.4813	8	6	12	7	1	0.9432	2019	0.1429	0.1347
4950	widodo w.	-0.2598	0.2906	2	2	2	3	1	0.9432	2019	0.3333	0.3144
4963	widyanti a.	-0.1766	-0.333	18	6	11	2	0	0	2019	0	0
4965	widyarini s.	-0.0769	0.2571	2	14	14	5	3	2.8295	2019	0.6	0.5659
4971	widyastuti m.	-0.4479	-0.7241	16	13	27	7	1	0.9432	2019	0.1429	0.1347
4975	widyatama a.	0.1155	0.3925	3	4	8	3	20	18.8631	2019	6.6667	6.2877
4976	widyatmanti w.	-0.8275	-0.3456	9	24	28	3	13	12.261	2019	4.3333	4.087
4979	widyawan	-0.2509	-0.2342	7	2	5	7	4	3.7726	2019	0.5714	0.5389
4992	widyobroto b.p.	0.1987	-0.4477	8	7	8	4	0	0	2019	0	0
4997	wihadmadyatami h.	-1.5805	0.1351	62	1	2	2	2	1.8863	2019	1	0.9432
5001	"wihandoyo, sasongko h."	-0.0536	-0.6283	4	4	8	2	0	0	2019	0	0
5012	wijaya k.	-0.4556	0.2294	2	3	3	3	4	3.7726	2019	1.3333	1.2575
5020	wijayanti m.a.	0.2427	0.0464	5	2	2	2	1	0.9432	2019	0.5	0.4716
5021	wijayanti n.	0.1457	0.2793	17	1	1	3	0	0	2019	0	0
5028	wijayanto t.	-0.1392	-0.2882	18	7	14	7	1	0.9432	2019	0.1429	0.1347
5035	wilastonegoro n.n.	-0.7077	0.4551	25	16	16	1	5	4.7158	2019	5	4.7158
5036	wilisiani f.	-0.4714	0.5384	37	6	10	2	7	6.6021	2019	3.5	3.301
5039	williams c.t.	0.8152	-0.0667	13	17	17	1	3	2.8295	2019	3	2.8295
5040	williams j.h.	-1.1169	-0.1148	47	3	3	1	14	13.2042	2019	14	13.2042
5044	wilopo w.	0.1123	0.8762	27	15	17	7	27	25.4652	2019	3.8571	3.6379
5048	winanta k.a.	0.027	-0.1363	7	3	6	2	0	0	2019	0	0
5052	winarni w.w.	0.3825	-0.566	11	8	8	1	0	0	2019	0	0
5061	windarsih a.	-0.0767	-0.3075	4	9	17	5	13	12.261	2019	2.6	2.4522
5065	winduratna b.	-0.0459	-0.2526	7	6	8	5	2	1.8863	2019	0.4	0.3773
5067	winkler m.	2.6439	-0.8555	63	1	1	1	0	0	2019	0	0
5072	wirasatriya a.	0.5128	-0.5052	8	4	8	3	0	0	2019	0	0
5075	wirawan d.n.	0.0737	0.1377	5	14	14	2	9	8.4884	2019	4.5	4.2442
5076	wirawan s.k.	-1.187	-0.3558	57	1	4	5	4	3.7726	2019	0.8	0.7545
5079	wirohadidjojo y.w.	-0.3916	-0.1241	1	6	9	4	1	0.9432	2019	0.25	0.2358
5080	wiryawan b.k.p.	-0.8984	0.6692	38	6	12	2	0	0	2019	0	0
5081	wiryohanjoyo d.v.	0.6622	-0.6114	31	12	12	1	2	1.8863	2019	2	1.8863
5084	wisaksana r.	0.0722	0.0822	5	3	3	1	3	2.8295	2019	3	2.8295
5093	wonoputri n.	-0.5869	-0.1561	32	12	12	1	0	0	2019	0	0
5095	woodberry t.	0.5227	-0.0454	14	7	7	1	6	5.6589	2019	6	5.6589
5097	wu c.-h.	-0.9127	-0.684	35	7	10	2	5	4.7158	2019	2.5	2.3579
5099	wu c.-m.	-0.9051	-0.658	35	7	10	2	5	4.7158	2019	2.5	2.3579
5104	wulandari d.	0.445	-0.5791	11	10	17	4	10	9.4315	2019	2.5	2.3579
5106	wulandari r.	-0.3902	-0.6313	16	5	5	2	1	0.9432	2019	0.5	0.4716
5110	wulandaric d.	0.4331	-0.6949	11	12	12	1	2	1.8863	2019	2	1.8863
5111	wulaningsih w.	-0.2114	-0.0142	1	4	5	2	6	5.6589	2019	3	2.8295
5113	wuri m.a.	0.1765	-0.6402	4	4	10	3	1	0.9432	2019	0.3333	0.3144
5123	yakob l.	-0.6458	0.3969	25	16	16	1	5	4.7158	2019	5	4.7158
5125	yamamoto h.	-0.8863	-0.0888	12	20	20	1	3	2.8295	2019	3	2.8295
5127	yamamoto k.-i.	-0.8926	0.0648	12	30	42	2	4	3.7726	2019	2	1.8863
5128	yamamoto t.	0.0978	0.9245	27	13	13	1	23	21.6926	2019	23	21.6926
5129	yamamoto y.	-0.8044	0.0881	12	22	22	1	1	0.9432	2019	1	0.9432
5130	yamamura m.	-0.7804	0.0661	12	22	22	1	1	0.9432	2019	1	0.9432
5132	yamauchi a.	-0.8024	-0.0144	12	30	42	2	4	3.7726	2019	2	1.8863
5134	yang w.-c.v.	-0.09	-1.1592	52	2	6	3	4	3.7726	2019	1.3333	1.2575
5144	yasirroni m.	-0.7219	-0.9272	46	2	3	4	0	0	2019	0	0
5148	yassin n.	-0.9906	0.3303	29	13	13	1	2	1.8863	2019	2	1.8863
5156	yeo i.c.	0.3202	0.3848	18	8	15	2	0	0	2019	0	0
5157	yeo t.w.	0.5364	-0.02	14	7	7	1	6	5.6589	2019	6	5.6589
5159	yeung s.	0.5821	0.0269	14	18	18	1	9	8.4884	2019	9	8.4884
5163	yokoyama t.	-0.2307	-0.6093	15	12	20	2	4	3.7726	2019	2	1.8863
5166	yoneda-kato n.	-0.2694	-0.5511	15	17	29	3	7	6.6021	2019	2.3333	2.2007
5182	yudono p.	0.3156	-0.0625	17	2	5	5	0	0	2019	0	0
5192	yuliansyah a.t.	0.1323	0.604	3	3	3	4	5	4.7158	2019	1.25	1.1789
5196	yulianto n.	-0.3143	0.7163	21	11	11	1	0	0	2019	0	0
5198	yuliarto b.	0.6717	-1.0299	64	1	2	2	2	1.8863	2019	1	0.9432
5203	yulizar e.	-0.234	0.0922	26	13	13	1	2	1.8863	2019	2	1.8863
5205	yun j.h.	0.35	0.3932	18	8	15	2	0	0	2019	0	0
5212	yunus j.	-0.1578	-0.0561	1	6	6	2	0	0	2019	0	0
5216	yusiati l.m.	0.2312	-0.5406	8	13	28	14	0	0	2019	0	0
5224	yusuf w.a.	0.2844	-0.0089	17	2	4	3	0	0	2019	0	0
5225	yusuf y.	-0.1278	0.7067	21	6	6	12	15	14.1473	2019	1.25	1.1789
5235	zachari m.y.	-1.1325	-0.1158	47	3	3	1	14	13.2042	2019	14	13.2042
5243	zangmo t.	0.5069	0.2088	24	17	17	1	5	4.7158	2019	5	4.7158
5246	zhafarina z.	-0.7108	-0.4027	9	3	5	3	2	1.8863	2019	0.6667	0.6288
5248	zhang s.	0.5026	0.4749	10	7	11	2	6	5.6589	2019	3	2.8295
5250	zhao b.	0.1419	0.9942	27	13	13	1	23	21.6926	2019	23	21.6926
5266	zulkarnain a.k.	-0.2639	0.3892	2	6	6	3	0	0	2019	0	0
