id	label	x	y	cluster	weight<Links>	weight<Total link strength>	weight<Documents>	weight<Citations>	weight<Norm. citations>	score<Avg. pub. year>	score<Avg. citations>	score<Avg. norm. citations>
9	abdullah i.	0.3336	-0.8561	10	10	10	3	6	4.957	2019	2	1.6523
10	abdullah m.	0.8678	0.1676	18	3	3	6	3	2.4785	2019	0.5	0.4131
25	abuzairi t.	-0.0241	0.927	25	4	8	6	7	5.7831	2019	1.1667	0.9639
26	achadi a.	0.8744	0.1185	3	23	23	1	2	1.6523	2019	2	1.6523
35	adawiyah r.	-0.8644	0.2437	1	6	6	2	0	0	2019	0	0
56	aditianingsih d.	0.4135	-0.4113	8	15	42	4	4	3.3046	2019	1	0.8262
62	adityosulindro s.	0.2001	-0.9103	16	4	4	3	1	0.8262	2019	0.3333	0.2754
70	adnan f.d.s.f.	-0.8641	0.2439	1	6	6	1	0	0	2019	0	0
73	adriandi g.	0.5404	0.7652	32	3	6	1	0	0	2019	0	0
74	adriani m.	0.9268	-0.1404	29	3	3	7	6	4.957	2019	0.8571	0.7081
84	affiandi z.n.	0.3694	0.7954	12	3	3	1	0	0	2019	0	0
110	agustina r.	0.8683	0.1643	18	11	13	3	38	31.3941	2019	12.6667	10.4647
115	ahli v.f.	-0.111	0.9325	30	3	3	1	0	0	2019	0	0
118	ahmad s.a.	0.8738	0.1198	3	4	4	1	36	29.7417	2019	36	29.7417
128	ainun n.	-0.8595	-0.2695	2	10	10	1	0	0	2019	0	0
134	aisyah n.	0.4387	-0.7434	28	5	5	4	7	5.7831	2019	1.75	1.4458
137	aji a.p.	0.5404	0.7653	32	3	8	4	6	4.957	2019	1.5	1.2392
179	alhamid m.i.	0.4387	-0.7434	28	4	4	11	23	19.0017	2019	2.0909	1.7274
189	ali w.	-0.4868	0.7966	22	4	4	1	3	2.4785	2019	3	2.4785
210	amalina n.	0.8825	0.0618	15	4	4	1	2	1.6523	2019	2	1.6523
255	andika r.	-0.487	0.7965	22	6	8	3	7	5.7831	2019	2.3333	1.9277
311	anwar e.	-0.2033	0.9137	24	5	5	4	13	10.7401	2019	3.25	2.685
319	aoulad fares d.	0.413	-0.4108	8	13	13	1	1	0.8262	2019	1	0.8262
322	apriandanu d.o.b.	0.4961	-0.1541	19	3	3	5	16	13.2186	2019	3.2	2.6437
331	apriono c.	0.5405	0.7653	32	3	10	12	11	9.0878	2019	0.9167	0.7573
344	ardian l.j.	-0.86	-0.2688	2	11	11	1	7	5.7831	2019	7	5.7831
358	ariane a.	-0.8592	-0.2694	2	10	10	3	3	2.4785	2019	1	0.8262
376	arif m.m.	0.1646	0.925	31	3	3	1	2	1.6523	2019	2	1.6523
380	arifin m.	-0.9048	-0.0227	4	8	10	1	2	1.6523	2019	2	1.6523
400	arsianti a.	-0.2033	0.9136	24	3	3	4	3	2.4785	2019	0.75	0.6196
408	aruan d.t.h.	0.3101	0.8911	35	2	2	2	5	4.1308	2019	2.5	2.0654
410	arumsari s.	-0.5244	-0.7686	14	8	8	2	1	0.8262	2019	0.5	0.4131
413	aryana i.g.p.s.	-0.8594	-0.2684	2	11	11	1	7	5.7831	2019	7	5.7831
446	astrella c.	0.8827	0.0617	15	8	10	2	3	2.4785	2019	1.5	1.2392
466	aulidtyo r.	0.3695	0.796	12	3	3	1	0	0	2019	0	0
479	ayundini g.	0.8827	0.0616	15	8	10	2	3	2.4785	2019	1.5	1.2392
482	ayuningtyas d.	0.8744	0.1184	3	23	23	3	3	2.4785	2019	1	0.8262
486	azeti r.a.	-0.9051	-0.0117	4	6	6	1	3	2.4785	2019	3	2.4785
502	azzahro f.	-0.111	0.9325	30	3	3	6	6	4.957	2019	1	0.8262
513	bagus apriandanu d.o.	0.496	-0.1539	19	3	3	2	11	9.0878	2019	5.5	4.5439
520	bahtiar a.	-0.2033	0.9136	24	5	6	4	6	4.957	2019	1.5	1.2392
564	batoz j.-l.	0.0959	-0.9357	33	3	3	1	2	1.6523	2019	2	1.6523
586	berawi a.r.b.	0.3679	0.7953	12	3	3	1	8	6.6093	2019	8	6.6093
587	berawi m.a.	0.3687	0.7956	12	10	24	15	32	26.4371	2019	2.1333	1.7625
589	berger j.	0.759	-0.4933	5	5	5	1	6	4.957	2019	6	4.957
594	besral b.	0.8743	0.1184	3	23	23	1	2	1.6523	2019	2	1.6523
639	budi e.	-0.9051	-0.0117	4	6	6	1	3	2.4785	2019	3	2.4785
641	budi n.f.a.	-0.1109	0.9325	30	3	3	7	1	0.8262	2019	0.1429	0.118
665	budiyanto m.a.	-0.0307	-0.8137	27	5	7	6	16	13.2186	2019	2.6667	2.2031
667	bui q.	-0.1877	-0.8953	6	16	25	2	7	5.7831	2019	3.5	2.8916
676	burnett d.l.	0.7037	0.5861	7	10	17	2	11	9.0878	2019	5.5	4.5439
677	bustamam a.	0.7007	0.3981	13	7	10	7	4	3.3046	2019	0.5714	0.4721
681	bücking r.	-0.7903	0.4669	9	14	14	1	0	0	2019	0	0
700	caroline i.	-0.6296	-0.6756	11	5	5	1	1	0.8262	2019	1	0.8262
715	chamberlain t.w.	0.7033	0.5861	7	10	17	2	11	9.0878	2019	5.5	4.5439
727	chaniago y.d.	-0.4869	0.7964	22	6	8	2	5	4.1308	2019	2.5	2.0654
737	chea m.	0.7603	-0.4947	5	5	5	1	6	4.957	2019	6	4.957
747	cherkasov n.	0.7036	0.5863	7	10	17	2	11	9.0878	2019	5.5	4.5439
756	chittchang u.	0.7609	-0.4944	5	5	5	1	6	4.957	2019	6	4.957
769	chotimah s.c.	-0.8602	-0.269	2	11	11	1	7	5.7831	2019	7	5.7831
788	clarkson g.j.	0.7031	0.5865	7	10	10	1	6	4.957	2019	6	4.957
795	cox m.p.	-0.7903	0.467	9	14	18	3	31	25.6109	2019	10.3333	8.537
825	darari f.	0.9268	-0.1404	29	3	3	2	1	0.8262	2019	0.5	0.4131
834	dartanto t.	0.8731	0.1194	3	4	4	3	38	31.3941	2019	12.6667	10.4647
836	darusallam c.c.	-0.7909	0.4673	9	6	6	1	30	24.7848	2019	30	24.7848
862	degirmenci v.	0.7033	0.5863	7	10	17	4	13	10.7401	2019	3.25	2.685
866	denala d.	0.3337	-0.8561	10	10	10	1	0	0	2019	0	0
898	dewi n.o.m.	0.4959	-0.154	19	3	3	1	7	5.7831	2019	7	5.7831
901	dewi s.	-0.5243	-0.7685	14	5	5	1	0	0	2019	0	0
964	djuwita r.	0.8678	0.1679	18	7	9	3	5	4.1308	2019	1.6667	1.3769
967	do t.t.	0.7602	-0.4927	5	5	5	2	6	4.957	2019	3	2.4785
970	dogheche e.	-0.0241	0.9271	25	3	6	3	8	6.6093	2019	2.6667	2.2031
990	dumchev k.	-0.1873	-0.8968	6	12	12	2	4	3.3046	2019	2	1.6523
996	dwipa l.	-0.8591	-0.2685	2	11	11	1	7	5.7831	2019	7	5.7831
1003	dzakirosin d.f.	-0.6296	-0.6757	11	5	5	1	0	0	2019	0	0
1005	dzulfikar m.f.	0.6028	-0.606	20	4	4	2	1	0.8262	2019	0.5	0.4131
1018	einaga y.	0.3339	-0.8562	10	13	15	4	17	14.0447	2019	4.25	3.5112
1021	ekananda r.	0.7089	0.5806	7	3	3	3	5	4.1308	2019	1.6667	1.3769
1024	ekaputri a.	-0.9045	-0.026	4	7	9	1	2	1.6523	2019	2	1.6523
1027	el-atmani s.	0.4147	-0.4129	8	13	13	1	1	0.8262	2019	1	0.8262
1031	elita hafizah m.a.	-0.9044	-0.0259	4	3	3	1	5	4.1308	2019	5	4.1308
1054	estiasari r.	-0.8602	-0.2652	2	5	5	5	11	9.0878	2019	2.2	1.8176
1056	estuningtyas a.	-0.6298	-0.6737	11	3	3	7	5	4.1308	2019	0.7143	0.5901
1057	estuningtyas a.r.i.	-0.6297	-0.6737	11	3	3	1	0	0	2019	0	0
1064	fadhan a.m.	-0.8665	0.2327	1	8	12	1	0	0	2019	0	0
1073	fahdiran r.	-0.9052	-0.0117	4	6	6	1	3	2.4785	2019	3	2.4785
1076	fahmida u.	0.76	-0.4936	5	22	22	4	9	7.4354	2019	2.25	1.8589
1101	farida s.	-0.8636	0.2435	1	6	6	8	4	3.3046	2019	0.5	0.4131
1132	fauzia f.	0.1645	0.925	31	4	4	2	4	3.3046	2019	2	1.6523
1134	fauzia v.	-0.9048	-0.022	4	18	33	14	40	33.0464	2019	2.8571	2.3605
1151	felicia f.	0.3101	0.8911	35	2	2	1	4	3.3046	2019	4	3.3046
1152	felistia y.	-0.6297	-0.6758	11	5	5	1	0	0	2019	0	0
1160	ferguson e.l.	0.7611	-0.4933	5	5	5	1	6	4.957	2019	6	4.957
1165	feskens e.j.m.	0.868	0.1677	18	3	3	1	1	0.8262	2019	1	0.8262
1173	findyartini a.	0.4049	0.5985	21	6	8	5	8	6.6093	2019	1.6	1.3219
1195	fitri s.	0.2406	0.6577	34	2	2	2	1	0.8262	2019	0.5	0.4131
1272	ginting m.j.	-0.8691	0.2284	1	7	11	6	2	1.6523	2019	0.3333	0.2754
1274	go v.f.	-0.1872	-0.8961	6	16	25	2	7	5.7831	2019	3.5	2.8916
1276	goessens w.h.f.	0.4138	-0.4122	8	15	31	2	2	1.6523	2019	1	0.8262
1284	gozan m.	-0.8664	0.2324	1	7	7	27	36	29.7417	2019	1.3333	1.1015
1287	griffith b.e.	0.7088	0.5807	7	3	3	1	3	2.4785	2019	3	2.4785
1288	griffon a.	0.413	-0.4116	8	14	20	1	0	0	2019	0	0
1300	gunardi h.	0.8936	-0.2834	26	1	1	3	4	3.3046	2019	1.3333	1.1015
1302	gunawan	0.3692	0.7962	12	3	9	3	0	0	2019	0	0
1307	"gunawan, miraj p."	0.3692	0.7958	12	7	15	1	13	10.7401	2019	13	10.7401
1318	ha t.v.	-0.1887	-0.8966	6	12	12	2	4	3.3046	2019	2	1.6523
1331	hadiwardoyo s.p.	-0.3091	-0.5406	36	2	4	7	7	5.7831	2019	1	0.8262
1346	hakim i.i.	-0.401	-0.7076	17	7	8	4	8	6.6093	2019	2	1.6523
1368	hamilton e.	-0.188	-0.8956	6	15	15	1	5	4.1308	2019	5	4.1308
1369	hamilton e.l.	-0.1867	-0.8957	6	12	12	2	4	3.3046	2019	2	1.6523
1390	handayani p.w.	-0.1109	0.9325	30	4	4	13	8	6.6093	2019	0.6154	0.5084
1417	hanna j.v.	0.7091	0.5807	7	3	3	1	3	2.4785	2019	3	2.4785
1426	hapsari k.l.	0.2002	-0.9104	16	4	4	1	0	0	2019	0	0
1439	hardiany n.s.	-0.5244	-0.7685	14	5	5	3	4	3.3046	2019	1.3333	1.1015
1494	hashimoto h.	-0.8642	0.2428	1	14	15	1	8	6.6093	2019	8	6.6093
1528	"helmizar, hidayat a."	0.8677	0.1678	18	3	3	1	1	0.8262	2019	1	0.8262
1540	herbani y.	-0.905	-0.0232	4	3	3	2	14	11.5662	2019	7	5.7831
1551	hermansyah h.	-0.8675	0.2327	1	19	39	19	19	15.697	2019	1	0.8262
1557	hermawan sutoyo m.a.	0.6026	-0.6061	20	4	4	1	0	0	2019	0	0
1566	hershow r.b.	-0.1875	-0.8964	6	16	25	2	7	5.7831	2019	3.5	2.8916
1581	hidayat b.	0.8753	0.1189	3	4	4	1	36	29.7417	2019	36	29.7417
1606	hoffman i.	-0.1877	-0.8947	6	12	12	2	4	3.3046	2019	2	1.6523
1607	hoffman i.f.	-0.1877	-0.896	6	15	15	1	5	4.1308	2019	5	4.1308
1609	honda s.	-0.8639	0.2428	1	14	15	1	8	6.6093	2019	8	6.6093
1639	hudjashov g.	-0.7902	0.467	9	14	18	2	30	24.7848	2019	15	12.3924
1643	huljanah m.	0.7005	0.398	13	4	4	1	6	4.957	2019	6	4.957
1645	humang w.p.	-0.3091	-0.5406	36	2	4	2	4	3.3046	2019	2	1.6523
1656	hussain a.	-0.4868	0.7964	22	6	6	1	2	1.6523	2019	2	1.6523
1662	huzaifi m.h.	-0.0307	-0.8137	27	4	5	1	1	0.8262	2019	1	0.8262
1668	ibrahim b.e.	0.3692	0.7958	12	7	15	1	13	10.7401	2019	13	10.7401
1680	idrus alhamid m.	0.4387	-0.7435	28	3	3	3	11	9.0878	2019	3.6667	3.0293
1688	iizuka s.	0.3334	-0.8558	10	6	7	1	10	8.2616	2019	10	8.2616
1699	imawan c.	-0.9043	-0.0261	4	3	3	11	11	9.0878	2019	1	0.8262
1700	imran d.	-0.861	-0.2655	2	5	5	4	16	13.2186	2019	4	3.3046
1705	indonesian health systems group	0.8755	0.1194	3	4	4	1	36	29.7417	2019	36	29.7417
1738	irmavianti d.	-0.9048	-0.0259	4	3	3	1	5	4.1308	2019	5	4.1308
1750	ishikawa y.	-0.8641	0.2428	1	14	15	1	8	6.6093	2019	8	6.6093
1757	iskandarsyah i.	-0.2033	0.9137	24	3	3	2	4	3.3046	2019	2	1.6523
1762	islami b.b.	0.2002	-0.9102	16	5	5	3	2	1.6523	2019	0.6667	0.5508
1776	"isnaeni, imawan c."	-0.9053	-0.0119	4	6	6	1	0	0	2019	0	0
1779	istanti r.	-0.86	-0.2686	2	11	11	1	7	5.7831	2019	7	5.7831
1789	ivandini t.a.	0.3337	-0.8561	10	13	23	11	31	25.6109	2019	2.8182	2.3283
1790	iwan s.	-0.905	-0.012	4	6	6	1	3	2.4785	2019	3	2.4785
1795	jacobs g.s.	-0.7905	0.4675	9	6	6	1	30	24.7848	2019	30	24.7848
1816	jayawiguna b.n.	-0.4524	-0.3778	38	1	2	2	2	1.6523	2019	1	0.8262
1875	kambey d.r.	0.4048	0.5987	21	3	3	1	0	0	2019	0	0
1890	kareen p.	0.6027	-0.606	20	4	4	1	3	2.4785	2019	3	2.4785
1900	karliana d.	-0.2033	0.9137	24	5	6	2	4	3.3046	2019	2	1.6523
1911	kartohardjono s.	-0.3372	-0.869	23	6	6	5	7	5.7831	2019	1.4	1.1566
1914	karuniawati a.	0.4143	-0.4118	8	15	42	4	5	4.1308	2019	1.25	1.0327
1918	kashtiban r.j.	0.7036	0.5866	7	9	9	1	5	4.1308	2019	5	4.1308
1926	katili a.m.	0.0958	-0.9357	33	3	5	3	10	8.2616	2019	3.3333	2.7539
1927	katili i.	0.0959	-0.9357	33	3	5	3	10	8.2616	2019	3.3333	2.7539
1942	khairani c.d.	0.405	0.5986	21	3	3	1	0	0	2019	0	0
1943	khairi r.	0.7005	0.3982	13	4	4	1	1	0.8262	2019	1	0.8262
1947	khalil m.	0.3338	-0.8563	10	10	10	6	5	4.1308	2019	0.8333	0.6885
1962	khov k.	0.7595	-0.4946	5	5	5	1	6	4.957	2019	6	4.957
1964	khusun h.	0.8747	0.1199	3	4	4	3	38	31.3941	2019	12.6667	10.4647
1977	kiriazova t.	-0.1879	-0.8965	6	16	25	2	7	5.7831	2019	3.5	2.8916
1981	klaassen c.h.w.	0.4139	-0.4109	8	15	31	2	2	1.6523	2019	1	0.8262
1988	kodama h.	0.3337	-0.8557	10	6	7	1	10	8.2616	2019	10	8.2616
1989	kodariah r.	-0.6296	-0.6758	11	5	5	2	1	0.8262	2019	0.5	0.4131
1990	kodariah r.i.a.	-0.6297	-0.6756	11	5	5	1	0	0	2019	0	0
1996	koestoer r.a.	-0.4009	-0.7076	17	5	5	5	6	4.957	2019	1.2	0.9914
2005	kondoh h.	0.334	-0.8558	10	6	7	1	10	8.2616	2019	10	8.2616
2018	kounnavong s.	0.7589	-0.4937	5	5	5	1	6	4.957	2019	6	4.957
2025	krisanti e.a.	0.1646	0.925	31	4	5	14	13	10.7401	2019	0.9286	0.7671
2033	krisnandi y.k.	0.7069	0.5827	7	16	25	14	30	24.7848	2019	2.1429	1.7703
2034	kristanti m.	0.8826	0.0619	15	4	4	1	2	1.6523	2019	2	1.6523
2052	kumazawa s.	-0.864	0.2427	1	14	15	1	8	6.6093	2019	8	6.6093
2063	kurniadewi f.	-0.905	-0.0119	4	6	6	1	0	0	2019	0	0
2077	kurniawan m.	0.8733	0.1182	3	4	4	3	40	33.0464	2019	13.3333	11.0155
2091	kusmardi k.	-0.6297	-0.6747	11	11	12	15	2	1.6523	2019	0.1333	0.1102
2112	kusuma p.	-0.791	0.4669	9	6	6	2	31	25.6109	2019	15.5	12.8055
2115	kusumah a.s.	-0.401	-0.7077	17	5	5	1	1	0.8262	2019	1	0.8262
2122	kusumawardani a.m.	0.3102	0.8911	35	2	2	1	1	0.8262	2019	1	0.8262
2152	laksmi p.	-0.8595	-0.2694	2	10	10	2	0	0	2019	0	0
2153	laksmi p.w.	-0.8603	-0.2688	2	11	11	2	10	8.2616	2019	5	4.1308
2166	lancaster k.e.	-0.1883	-0.8956	6	16	25	2	7	5.7831	2019	3.5	2.8916
2168	lansing j.s.	-0.7896	0.4667	9	6	6	1	30	24.7848	2019	30	24.7848
2184	latief m.a.	0.7008	0.398	13	7	10	1	0	0	2019	0	0
2186	latkin c.a.	-0.1881	-0.8953	6	16	25	2	7	5.7831	2019	3.5	2.8916
2196	lawson d.j.	-0.7908	0.4664	9	6	6	1	30	24.7848	2019	30	24.7848
2200	le b.m.	0.7594	-0.4927	5	5	5	1	6	4.957	2019	6	4.957
2209	lee m.	-0.4869	0.7965	22	6	8	2	5	4.1308	2019	2.5	2.0654
2254	liman p.b.	0.8679	0.1679	18	7	9	2	2	1.6523	2019	1	0.8262
2264	lischer k.	-0.8668	0.2327	1	8	12	3	0	0	2019	0	0
2304	lupita o.	0.8746	0.1171	3	4	4	1	36	29.7417	2019	36	29.7417
2329	mahadewi a.g.	-0.8645	0.2433	1	6	6	1	0	0	2019	0	0
2337	maharani m.l.	-0.9052	-0.0119	4	6	6	1	3	2.4785	2019	3	2.4785
2339	mahardika t.	-0.9048	-0.0232	4	3	3	1	13	10.7401	2019	13	10.7401
2344	mahendra r.	0.9268	-0.1404	29	4	4	3	4	3.3046	2019	1.3333	1.1015
2346	mahira k.f.	-0.8658	0.2362	1	13	18	2	0	0	2019	0	0
2362	maknun i.j.	0.0959	-0.9358	33	3	5	3	10	8.2616	2019	3.3333	2.7539
2382	mangkunegara c.n.	-0.1109	0.9325	30	3	3	1	1	0.8262	2019	1	0.8262
2425	martiningsih d.	0.875	0.1195	3	4	4	1	36	29.7417	2019	36	29.7417
2448	matsui t.	0.3341	-0.8565	10	6	7	2	12	9.9139	2019	6	4.957
2506	merry c.	-0.3373	-0.869	23	4	4	1	1	0.8262	2019	1	0.8262
2508	metspalu m.	-0.7896	0.4672	9	6	6	1	30	24.7848	2019	30	24.7848
2509	metzger d.	-0.1873	-0.8958	6	16	25	2	7	5.7831	2019	3.5	2.8916
2523	miller w.c.	-0.1873	-0.8954	6	16	25	3	9	7.4354	2019	3	2.4785
2529	miraj p.	0.3683	0.7954	12	6	17	5	8	6.6093	2019	1.6	1.3219
2532	mirande c.	0.4145	-0.4106	8	15	31	2	2	1.6523	2019	1	0.8262
2535	mishbah m.	0.6027	-0.6061	20	4	4	3	0	0	2019	0	0
2542	miyata r.	-0.864	0.2428	1	14	15	1	8	6.6093	2019	8	6.6093
2550	moersidik s.s.	0.2003	-0.9101	16	4	4	12	2	1.6523	2019	0.1667	0.1377
2561	mondal m.	-0.79	0.4675	9	6	6	1	30	24.7848	2019	30	24.7848
2582	"muhadi, riyadina w."	0.8829	0.0618	15	4	4	1	2	1.6523	2019	2	1.6523
2591	muhammad yusuf arya r.	-0.8692	0.2279	1	6	6	1	2	1.6523	2019	2	1.6523
2604	mulia k.	0.1645	0.925	31	4	5	19	20	16.5232	2019	1.0526	0.8696
2607	muljono t.e.	0.3695	0.7957	12	3	3	1	0	0	2019	0	0
2615	mun'im a.	-0.8667	0.2323	1	7	7	6	18	14.8709	2019	3	2.4785
2627	"mundiharno, nelwan e.j."	0.8729	0.1177	3	4	4	1	36	29.7417	2019	36	29.7417
2644	mustafa a.	0.7599	-0.4937	5	19	19	1	2	1.6523	2019	2	1.6523
2677	nahry	-0.3091	-0.5406	36	2	4	2	4	3.3046	2019	2	1.6523
2707	"nasruddin, lubis a."	0.4386	-0.7434	28	4	4	2	2	1.6523	2019	1	0.8262
2708	"nasruddin, sholahuddin, lubis a."	0.4386	-0.7434	28	3	3	1	2	1.6523	2019	2	1.6523
2711	"nasruddin, zhafari f."	-0.0308	-0.8137	27	3	3	1	5	4.1308	2019	5	4.1308
2759	ningrum e.w.	0.2406	0.6578	34	3	6	3	2	1.6523	2019	0.6667	0.5508
2768	nityasya m.n.	0.9268	-0.1403	29	3	3	1	2	1.6523	2019	2	1.6523
2772	noguchi k.	-0.8641	0.2435	1	6	6	1	0	0	2019	0	0
2774	noor d.	-0.5243	-0.7686	14	5	5	1	0	0	2019	0	0
2843	nurwahyuni a.	0.8759	0.1188	3	4	4	1	36	29.7417	2019	36	29.7417
2854	nusrianto r.	0.8828	0.0619	15	4	4	2	6	4.957	2019	3	2.4785
2858	octaviana f.	-0.8606	-0.2654	2	5	5	3	6	4.957	2019	2	1.6523
2883	oldenkamp m.e.	0.8936	-0.2833	26	1	1	1	1	0.8262	2019	1	0.8262
2899	ootani y.	0.3342	-0.8561	10	6	7	1	10	8.2616	2019	10	8.2616
2900	oozeerally r.	0.7035	0.5858	7	10	17	2	11	9.0878	2019	5.5	4.5439
2901	ophinni y.	-0.8605	-0.2665	2	17	17	1	1	0.8262	2019	1	0.8262
2915	oy s.	0.76	-0.4937	5	19	19	1	2	1.6523	2019	2	1.6523
2918	pagani l.	-0.7899	0.4663	9	6	6	1	30	24.7848	2019	30	24.7848
2926	palmieri m.	0.4152	-0.4108	8	14	20	1	0	0	2019	0	0
2936	pamitran a.s.	-0.4009	-0.7075	17	5	5	6	7	5.7831	2019	1.1667	0.9639
2960	pardede d.	0.8728	0.1184	3	4	4	1	36	29.7417	2019	36	29.7417
2979	patria m.p.	0.2406	0.6578	34	3	6	14	4	3.3046	2019	0.2857	0.236
2988	pelegrin a.c.	0.4133	-0.4122	8	15	31	2	2	1.6523	2019	1	0.8262
2998	permadhi i.	0.8679	0.1676	18	3	3	1	1	0.8262	2019	1	0.8262
3008	permatasari d.a.	-0.2034	0.9136	24	3	3	1	3	2.4785	2019	3	2.4785
3015	pertiwi r.	0.7036	0.5859	7	10	17	3	17	14.0447	2019	5.6667	4.6816
3032	poespawati n.r.	-0.0242	0.927	25	5	10	8	15	12.3924	2019	1.875	1.549
3116	pratama m.o.	0.6028	-0.6061	20	4	4	2	5	4.1308	2019	2.5	2.0654
3118	pratami d.k.	-0.8668	0.2338	1	18	34	12	22	18.1755	2019	1.8333	1.5146
3121	pratita c.c.	-0.3372	-0.869	23	4	4	1	1	0.8262	2019	1	0.8262
3133	prawati p.	-0.3373	-0.8691	23	4	4	2	3	2.4785	2019	1.5	1.2392
3142	priadi c.r.	0.2001	-0.9103	16	7	7	7	5	4.1308	2019	0.7143	0.5901
3154	price p.	-0.8604	-0.2651	2	5	5	4	8	6.6093	2019	2	1.6523
3196	pulungan a.b.	0.8935	-0.2833	26	1	1	1	1	0.8262	2019	1	0.8262
3208	purnamaningsih r.w.	-0.0241	0.927	25	3	6	5	11	9.0878	2019	2.2	1.8176
3216	purwandari b.	0.6027	-0.606	20	6	6	11	14	11.5662	2019	1.2727	1.0515
3248	putra h.s.	0.9268	-0.1404	29	3	3	1	1	0.8262	2019	1	0.8262
3258	putra n.	-0.4011	-0.7077	17	7	8	14	43	35.5249	2019	3.0714	2.5375
3272	putri a.e.	-0.9049	-0.0241	4	4	6	2	13	10.7401	2019	6.5	5.37
3287	putri n.a.	-0.9046	-0.0232	4	3	3	1	13	10.7401	2019	13	10.7401
3293	putri r.n.	-0.8634	0.2436	1	6	6	1	0	0	2019	0	0
3301	putri y.r.p.	-0.867	0.2325	1	7	14	3	11	9.0878	2019	3.6667	3.0293
3308	qadeer k.	-0.4871	0.7965	22	4	4	1	3	2.4785	2019	3	2.4785
3317	qyyum m.a.	-0.4869	0.7963	22	4	4	1	3	2.4785	2019	3	2.4785
3326	rachman f.f.	-0.4009	-0.7077	17	5	5	1	1	0.8262	2019	1	0.8262
3351	rahardjo e.t.	0.5404	0.7653	32	3	8	18	12	9.9139	2019	0.6667	0.5508
3380	rahman m.y.a.	-0.9048	-0.0246	4	5	9	1	9	7.4354	2019	9	7.4354
3397	rahmawati n.h.f.	0.2407	0.6578	34	2	2	1	1	0.8262	2019	1	0.8262
3417	ramadhan h.s.	-0.4523	-0.3777	38	1	2	6	3	2.4785	2019	0.5	0.4131
3439	ramli k.	0.488	0.8071	37	2	3	11	13	10.7401	2019	1.1818	0.9764
3444	ranakusuma t.	-0.8609	-0.2652	2	5	5	1	2	1.6523	2019	2	1.6523
3478	retno wigajatri p.	-0.0244	0.9268	25	2	2	1	2	1.6523	2019	2	1.6523
3480	retnoningtyas a.	-0.9053	-0.0119	4	6	6	1	0	0	2019	0	0
3498	ricaut f.-x.	-0.7904	0.4662	9	6	6	2	31	25.6109	2019	15.5	12.8055
3546	rizky m.s.	-0.3372	-0.869	23	4	4	1	1	0.8262	2019	1	0.8262
3570	rojroongwasinkul n.	0.7609	-0.4929	5	5	5	1	6	4.957	2019	6	4.957
3586	rose s.	-0.1884	-0.896	6	16	25	2	7	5.7831	2019	3.5	2.8916
3603	roza l.	-0.9047	-0.0244	4	13	27	9	34	28.0894	2019	3.7778	3.121
3623	rustam z.	0.7007	0.3978	13	4	12	31	40	33.0464	2019	1.2903	1.066
3624	rustana c.	-0.9051	-0.012	4	6	6	1	0	0	2019	0	0
3632	saag l.	-0.7904	0.4669	9	14	18	2	30	24.7848	2019	15	12.3924
3645	safitri c.	0.3336	-0.8563	10	10	10	1	0	0	2019	0	0
3650	safri a.y.	-0.8613	-0.2657	2	5	5	1	2	1.6523	2019	2	1.6523
3659	saharman y.r.	0.4146	-0.4112	8	15	42	3	3	2.4785	2019	1	0.8262
3661	sahlan m.	-0.8658	0.2373	1	28	56	28	45	37.1772	2019	1.6071	1.3278
3664	saito k.	0.4387	-0.7434	28	3	3	3	14	11.5662	2019	4.6667	3.8554
3671	saksono n.	-0.3372	-0.8689	23	4	4	7	5	4.1308	2019	0.7143	0.5901
3682	salinah	-0.6298	-0.6758	11	5	5	2	1	0.8262	2019	0.5	0.4131
3708	santika o.	0.7599	-0.4948	5	5	5	1	6	4.957	2019	6	4.957
3716	santoso i.h.	0.488	0.8071	37	2	3	2	1	0.8262	2019	0.5	0.4131
3727	saputra k.	0.1645	0.925	31	3	3	1	2	1.6523	2019	2	1.6523
3731	saputri s.	-0.8637	0.2439	1	6	6	1	0	0	2019	0	0
3737	saragi i.r.	0.7089	0.5807	7	6	8	2	4	3.3046	2019	2	1.6523
3739	saragih f.n.a.	0.2003	-0.9102	16	5	5	2	2	1.6523	2019	1	0.8262
3742	sarasvita r.	-0.1882	-0.8963	6	16	25	2	7	5.7831	2019	3.5	2.8916
3762	sari i.p.	0.7089	0.5809	7	3	3	4	6	4.957	2019	1.5	1.2392
3764	sari m.	-0.8691	0.2282	1	7	7	2	1	0.8262	2019	0.5	0.4131
3777	saroji g.	0.368	0.7954	12	6	7	1	0	0	2019	0	0
3783	sarwinda d.	0.7007	0.398	13	8	12	11	11	9.0878	2019	1	0.8262
3823	sedono r.	0.4151	-0.4119	8	15	42	4	3	2.4785	2019	0.75	0.6196
3864	setiati s.	-0.8596	-0.269	2	19	19	4	11	9.0878	2019	2.75	2.2719
3868	setiawan d.d.	-0.8612	-0.2654	2	5	5	1	2	1.6523	2019	2	1.6523
3879	seto e.	-0.8597	-0.2685	2	11	11	1	7	5.7831	2019	7	5.7831
3888	setyawan e.	0.8737	0.1171	3	4	4	1	36	29.7417	2019	36	29.7417
3890	setyobudi s.i.	0.76	-0.4937	5	19	19	1	2	1.6523	2019	2	1.6523
3891	setyohadi b.	-0.8597	-0.2695	2	10	10	3	3	2.4785	2019	1	0.8262
3894	setyorini d.	0.4048	0.5984	21	3	3	2	1	0.8262	2019	0.5	0.4131
3896	severin j.a.	0.4148	-0.4123	8	15	42	3	3	2.4785	2019	1	0.8262
3905	shankar a.h.	0.8742	0.1171	3	4	4	1	36	29.7417	2019	36	29.7417
3911	shatri h.	-0.8604	-0.2664	2	17	17	3	2	1.6523	2019	0.6667	0.5508
3925	shinoda t.	-0.0307	-0.8137	27	3	3	1	5	4.1308	2019	5	4.1308
3936	siagian r.c.	0.8743	0.1184	3	23	23	1	2	1.6523	2019	2	1.6523
3954	sihombing r.	0.7089	0.5807	7	6	8	3	4	3.3046	2019	1.3333	1.1015
3978	sirait s.j.	-0.0307	-0.8137	27	4	5	1	1	0.8262	2019	1	0.8262
4002	siswantining t.	0.7008	0.3981	13	8	12	12	13	10.7401	2019	1.0833	0.895
4007	sitompul r.	0.8736	0.1194	3	4	4	3	39	32.2202	2019	13	10.7401
4052	soekanto s.a.	-0.8632	0.2433	1	6	6	4	2	1.6523	2019	0.5	0.4131
4054	soemantri d.	0.4048	0.5986	21	6	8	2	2	1.6523	2019	1	0.8262
4068	soetikno v.	0.8936	-0.2833	26	5	5	4	1	0.8262	2019	0.25	0.2065
4072	soewondo p.	0.882	0.0665	15	12	14	5	43	35.5249	2019	8.6	7.105
4083	sok d.	0.7611	-0.4937	5	5	5	1	6	4.957	2019	6	4.957
4084	sok s.	0.7592	-0.4931	5	5	5	1	6	4.957	2019	6	4.957
4091	sommeng a.n.	-0.869	0.2284	1	7	11	6	2	1.6523	2019	0.3333	0.2754
4115	stoneking m.	-0.7902	0.4668	9	14	18	3	31	25.6109	2019	10.3333	8.537
4137	sudarmono p.	0.8734	0.1175	3	4	4	4	38	31.3941	2019	9.5	7.8485
4141	sudarsono e.	0.701	0.3979	13	4	4	1	5	4.1308	2019	5	4.1308
4149	"sudirman, apriandanu d.o.b."	0.496	-0.154	19	5	6	1	4	3.3046	2019	4	3.3046
4154	sudoyo h.	-0.7903	0.4667	9	14	18	3	31	25.6109	2019	10.3333	8.537
4165	sugihartono i.	-0.9051	-0.0138	4	8	9	2	13	10.7401	2019	6.5	5.37
4179	sukarno r.	-0.401	-0.7075	17	5	5	1	1	0.8262	2019	1	0.8262
4196	sulistianto j.	-0.0243	0.9268	25	3	4	4	4	3.3046	2019	1	0.8262
4217	sunarti s.	-0.8591	-0.2686	2	11	11	1	7	5.7831	2019	7	5.7831
4220	"sunaryo, fernanda h."	-0.0308	-0.8138	27	3	3	1	5	4.1308	2019	5	4.1308
4226	sungkar s.	0.875	0.1173	3	4	4	5	37	30.5679	2019	7.4	6.1136
4233	"suparmi, achadi e.l."	0.8756	0.1178	3	4	4	1	36	29.7417	2019	36	29.7417
4235	supramono d.	-0.3372	-0.8691	23	4	4	5	8	6.6093	2019	1.6	1.3219
4270	suryadi m.t.	0.488	0.8071	37	2	2	2	1	0.8262	2019	0.5	0.4131
4281	suryati rahmah r.	-0.6298	-0.6736	11	3	3	1	0	0	2019	0	0
4286	susami h.	-0.1888	-0.8954	6	12	12	1	2	1.6523	2019	2	1.6523
4303	susiloretni k.a.	0.8757	0.1183	3	4	4	1	36	29.7417	2019	36	29.7417
4344	syahrani r.	-0.5244	-0.7686	14	5	5	1	0	0	2019	0	0
4345	syahrani r.a.	-0.5243	-0.7686	14	5	5	2	1	0.8262	2019	0.5	0.4131
4368	tahapary d.	0.8828	0.0615	15	8	8	1	1	0.8262	2019	1	0.8262
4369	tahapary d.l.	0.8826	0.0616	15	4	4	3	6	4.957	2019	2	1.6523
4370	taher a.	0.8753	0.1176	3	4	4	1	36	29.7417	2019	36	29.7417
4376	takbiradzani k.	-0.2732	0.2607	39	0	0	2	1	0.8262	2019	0.5	0.4131
4377	takeshima n.	-0.7055	0.6322	40	0	0	1	2	1.6523	2019	2	1.6523
4378	tamara k.	-0.7691	-0.5544	41	0	0	1	0	0	2019	0	0
4379	tamara r.	-0.616	0.5234	42	0	0	1	0	0	2019	0	0
4380	tambunan s.	-0.3987	-0.5196	43	0	0	1	0	0	2019	0	0
4381	tambunan t.	0.8759	-0.1966	44	0	0	1	4	3.3046	2019	4	3.3046
4382	tambunan u.s.f.	-0.2708	0.8165	45	0	0	6	8	6.6093	2019	1.3333	1.1015
4383	tamin s.	0.1367	-0.8329	46	0	0	3	1	0.8262	2019	0.3333	0.2754
4384	tampubolon p.p.	0.3671	0.0166	47	0	0	1	0	0	2019	0	0
4385	tamsir a.s.	-0.4129	-0.2819	48	0	0	1	0	0	2019	0	0
4386	tan p.s.	0.0917	0.9221	49	0	0	1	1	0.8262	2019	1	0.8262
4387	tan s.	0.3847	0.3229	50	0	0	1	5	4.1308	2019	5	4.1308
4388	tanaya d.	-0.4994	-0.5671	51	0	0	1	0	0	2019	0	0
4389	tandy g.	0.269	0.9048	52	0	0	1	3	2.4785	2019	3	2.4785
4390	taniguchi m.	0.1089	-0.5398	53	0	0	1	1	0.8262	2019	1	0.8262
4391	taniguchi t.	-0.6117	0.027	54	0	0	1	1	0.8262	2019	1	0.8262
4392	tantri a.	-0.6214	0.0923	55	0	0	1	5	4.1308	2019	5	4.1308
4393	tantri a.r.	0.8795	0.3595	56	0	0	1	1	0.8262	2019	1	0.8262
4394	tanudjaja s.a.	0.6238	-0.1149	57	0	0	1	2	1.6523	2019	2	1.6523
4395	tanuma j.	-0.423	0.2928	58	0	0	3	10	8.2616	2019	3.3333	2.7539
4396	taqwa f.m.l.	-0.0325	-0.3127	59	0	0	1	0	0	2019	0	0
4397	taqwa s.a.	-0.0613	-0.9059	60	0	0	1	1	0.8262	2019	1	0.8262
4398	"taqyuddin, handayani t."	0.4682	-0.8262	61	0	0	1	0	0	2019	0	0
4399	"taqyyudin, saraswati r."	-0.5726	0.7094	62	0	0	1	0	0	2019	0	0
4400	tarigan t.j.e.	0.2204	0.9175	63	0	0	1	0	0	2019	0	0
4401	tarigan t.r.s.	-0.1784	-0.1675	64	0	0	1	0	0	2019	0	0
4402	tarihoran a.d.b.	-0.1569	-0.03	65	0	0	1	0	0	2019	0	0
4403	tartila m.	-0.7389	-0.5972	66	0	0	1	0	0	2019	0	0
4404	tasman h.	0.126	0.4854	67	0	0	3	9	7.4354	2019	3	2.4785
4405	tassakka m.i.s.	0.2002	-0.9103	16	5	5	1	1	0.8262	2019	1	0.8262
4406	tateno m.	-0.6706	0.6688	68	0	0	1	5	4.1308	2019	5	4.1308
4407	tateyama y.	0.3332	-0.8561	10	6	7	1	10	8.2616	2019	10	8.2616
4408	taufik a.	0.1043	-0.8632	69	0	0	4	64	52.8742	2019	16	13.2186
4409	taurel a.-f.	0.5546	-0.7685	70	0	0	1	6	4.957	2019	6	4.957
4410	tay j.c.	-0.3487	0.2772	71	0	0	2	31	25.6109	2019	15.5	12.8055
4411	tay w.t.	0.1229	0.5982	72	0	0	2	29	23.9586	2019	14.5	11.9793
4412	techatraisak k.	0.1295	-0.2722	73	0	0	1	4	3.3046	2019	4	3.3046
4413	tedjasukmana d.	0.5125	0.3592	74	0	0	1	1	0.8262	2019	1	0.8262
4414	tedjo a.	-0.4323	0.8416	75	0	0	6	0	0	2019	0	0
4415	tejaputri n.a.	-0.4464	-0.8379	76	0	0	3	0	0	2019	0	0
4416	tekko i.a.	0.2465	-0.0708	77	0	0	1	10	8.2616	2019	10	8.2616
4417	tenda e.d.	-0.3645	0.5438	78	0	0	2	4	3.3046	2019	2	1.6523
4418	teng t.-h.	0.7839	0.3259	79	0	0	1	22	18.1755	2019	22	18.1755
4419	teng t.-h.k.	-0.6683	-0.3104	80	0	0	1	7	5.7831	2019	7	5.7831
4420	tengkawan j.	0.5739	0.6177	81	0	0	1	5	4.1308	2019	5	4.1308
4421	teo b.w.	0.5767	0.2454	82	0	0	1	12	9.9139	2019	12	9.9139
4422	teoh y.l.	0.5329	-0.7877	83	0	0	1	1	0.8262	2019	1	0.8262
4423	terao y.	-0.7141	-0.6024	84	0	0	1	1	0.8262	2019	1	0.8262
4424	thabrany h.	0.8742	0.1198	3	4	4	2	42	34.6987	2019	21	17.3494
4425	thamrin h.	0.3409	-0.7152	85	0	0	1	0	0	2019	0	0
4426	than h.	-0.2236	0.5247	86	0	0	1	0	0	2019	0	0
4427	thandar m.	0.4953	0.0856	87	0	0	1	1	0.8262	2019	1	0.8262
4428	tharavichitkul e.	0.307	0.286	88	0	0	1	1	0.8262	2019	1	0.8262
4429	tharifa f.	0.2003	-0.9103	16	4	4	1	0	0	2019	0	0
4430	thaufik s.	-0.6139	0.611	89	0	0	1	4	3.3046	2019	4	3.3046
4431	theodorea c.f.	-0.2762	0.6494	90	0	0	1	2	1.6523	2019	2	1.6523
4432	theodorou c.i.	-0.2913	-0.0727	91	0	0	1	3	2.4785	2019	3	2.4785
4433	thesiana l.	0.6503	0.2328	92	0	0	1	0	0	2019	0	0
4434	thi l.t.	0.7598	-0.4926	5	5	5	1	6	4.957	2019	6	4.957
4435	thi thu thuy p.	-0.3001	-0.6367	93	0	0	1	2	1.6523	2019	2	1.6523
4436	thikeo m.	-0.1868	-0.2829	94	0	0	1	5	4.1308	2019	5	4.1308
4437	thiyagarajah a.	0.065	0.712	95	0	0	1	2	1.6523	2019	2	1.6523
4438	thomas d.	-0.1164	0.6987	96	0	0	2	6	4.957	2019	3	2.4785
4439	thontowi a.	0.438	-0.5931	97	0	0	1	1	0.8262	2019	1	0.8262
4440	thuffi r.	-0.2996	-0.7905	98	0	0	2	0	0	2019	0	0
4441	thwaites g.e.	-0.6398	-0.5564	99	0	0	1	8	6.6093	2019	8	6.6093
4442	tiandho y.	0.3138	-0.6613	100	0	0	4	0	0	2019	0	0
4443	"tiarrahman, aletheia s.p."	-0.634	0.6542	101	0	0	1	0	0	2019	0	0
4444	tikupadang k.	0.8105	-0.2709	102	0	0	1	2	1.6523	2019	2	1.6523
4445	timan i.	-0.6334	0.7049	103	0	0	1	0	0	2019	0	0
4446	timan i.s.	-0.2268	0.7725	104	0	0	2	3	2.4785	2019	1.5	1.2392
4447	timor a.b.	0.4049	0.5985	21	3	3	1	0	0	2019	0	0
4448	tiolita f.	-0.295	-0.3591	105	0	0	1	2	1.6523	2019	2	1.6523
4449	tirtarahardja g.	-0.8592	-0.2693	2	10	10	3	3	2.4785	2019	1	0.8262
4450	tirtatjahja v.	-0.3021	0.7025	106	0	0	1	1	0.8262	2019	1	0.8262
4451	titaley c.r.	-0.4778	0.5099	107	0	0	1	7	5.7831	2019	7	5.7831
4452	tjahjani j.	0.8826	-0.348	108	0	0	1	2	1.6523	2019	2	1.6523
4453	tjahjono e.	0.288	0.5724	109	0	0	2	2	1.6523	2019	1	0.8262
4454	tjahjono t.	-0.476	-0.2853	110	0	0	1	2	1.6523	2019	2	1.6523
4455	tjandrawinata r.r.	-0.2266	0.8307	111	0	0	1	1	0.8262	2019	1	0.8262
4456	tjen d.	0.2185	-0.5833	112	0	0	1	1	0.8262	2019	1	0.8262
4457	tjiptadi a.t.	-0.1767	0.7794	113	0	0	1	1	0.8262	2019	1	0.8262
4458	tjiptoherijanto p.	0.133	-0.7247	114	0	0	2	7	5.7831	2019	3.5	2.8916
4459	tjokrowidigdo s.	-0.0686	-0.5781	115	0	0	1	0	0	2019	0	0
4460	tjong d.h.	-0.5414	-0.266	116	0	0	1	1	0.8262	2019	1	0.8262
4461	tju h.	-0.0563	-0.945	117	0	0	1	1	0.8262	2019	1	0.8262
4462	toda a.	-0.2734	0.0542	118	0	0	1	6	4.957	2019	6	4.957
4463	tofani a.f.	-0.0835	-0.1683	119	0	0	1	2	1.6523	2019	2	1.6523
4464	tofani i.	-0.6036	0.6824	120	0	0	1	1	0.8262	2019	1	0.8262
4465	tojo a.	0.305	-0.0187	121	0	0	2	10	8.2616	2019	5	4.1308
4466	tokimatsu k.	0.754	-0.3103	122	0	0	3	7	5.7831	2019	2.3333	1.9277
4467	tondas a.e.	-0.1032	0.3599	123	0	0	1	0	0	2019	0	0
4468	toth g.g.	-0.6586	-0.4884	124	0	0	1	3	2.4785	2019	3	2.4785
4469	toyoshima r.	0.3334	-0.8565	10	6	7	1	10	8.2616	2019	10	8.2616
4470	tran t.d.	-0.436	0.365	125	0	0	1	5	4.1308	2019	5	4.1308
4471	triakuntini e.	0.3639	0.2459	126	0	0	1	0	0	2019	0	0
4472	triana r.	-0.2549	-0.1437	127	0	0	1	4	3.3046	2019	4	3.3046
4473	trianty l.	0.0703	-0.7338	128	0	0	1	1	0.8262	2019	1	0.8262
4474	triggs a.	-0.4037	-0.8564	129	0	0	1	1	0.8262	2019	1	0.8262
4475	trihono p.p.	-0.5439	0.607	130	0	0	3	9	7.4354	2019	3	2.4785
4476	trimarsanto h.	-0.3618	-0.3916	131	0	0	1	1	0.8262	2019	1	0.8262
4477	trinanda a.f.	-0.5051	0.712	132	0	0	2	0	0	2019	0	0
4478	trinovita e.	-0.691	0.5953	133	0	0	1	0	0	2019	0	0
4479	trisetyarso a.	-0.1103	-0.6435	134	0	0	1	1	0.8262	2019	1	0.8262
4480	tristantini d.	0.1508	0.1292	135	0	0	4	1	0.8262	2019	0.25	0.2065
4481	tristatini d.	0.8615	0.333	136	0	0	1	1	0.8262	2019	1	0.8262
4482	triyono d.	0.6336	0.7084	137	0	0	10	10	8.2616	2019	1	0.8262
4483	tromp j.	-0.7136	-0.0687	138	0	0	2	29	23.9586	2019	14.5	11.9793
4484	truong k.h.	0.4869	-0.8111	139	0	0	2	3	2.4785	2019	1.5	1.2392
4485	tsagkaris c.	0.5045	-0.5686	140	0	0	1	1	0.8262	2019	1	0.8262
4486	tsikas d.	-0.0462	-0.6386	141	0	0	1	1	0.8262	2019	1	0.8262
4487	tsuchiya a.	-0.4779	-0.1407	142	0	0	1	8	6.6093	2019	8	6.6093
4488	tsujii h.	-0.0261	0.7886	143	0	0	1	1	0.8262	2019	1	0.8262
4489	tsuru k.	-0.7435	-0.5276	144	0	0	1	8	6.6093	2019	8	6.6093
4490	tsuzuno t.	0.2282	0.2465	145	0	0	2	5	4.1308	2019	2.5	2.0654
4491	tulaar a.b.m.	0.7318	0.2958	146	0	0	1	1	0.8262	2019	1	0.8262
4492	tulrahmi f.	-0.2424	-0.0156	147	0	0	1	1	0.8262	2019	1	0.8262
4493	tumpu n.a.	-0.6297	-0.6737	11	3	3	1	1	0.8262	2019	1	0.8262
4494	tunggadewi t.i.	0.1091	0.941	148	0	0	1	2	1.6523	2019	2	1.6523
4495	tunjung n.	-0.391	0.4221	149	0	0	1	2	1.6523	2019	2	1.6523
4496	turana y.	-0.3177	0.8039	150	0	0	4	38	31.3941	2019	9.5	7.8485
4497	turnip s.s.	0.0439	0.8636	151	0	0	3	6	4.957	2019	2	1.6523
4498	turpuk gabe r.	0.1849	0.7903	152	0	0	2	0	0	2019	0	0
4499	twomey d.j.	-0.7134	-0.6245	153	0	0	1	2	1.6523	2019	2	1.6523
4500	türkeri l.	-0.7536	-0.1002	154	0	0	1	10	8.2616	2019	10	8.2616
4501	uddin s.m.s.	0.8558	-0.3437	155	0	0	1	1	0.8262	2019	1	0.8262
4502	udhiarto a.	0.2268	-0.4871	156	0	0	5	12	9.9139	2019	2.4	1.9828
4503	ugawa y.	-0.1386	-0.5773	157	0	0	1	5	4.1308	2019	5	4.1308
4504	uiterwaal c.s.p.m.	0.3539	0.1681	158	0	0	3	8	6.6093	2019	2.6667	2.2031
4505	ujang f.	-0.1804	-0.6286	159	0	0	1	1	0.8262	2019	1	0.8262
4506	ujianti i.	-0.2125	-0.6846	160	0	0	1	0	0	2019	0	0
4507	ulfa a.s.	0.4802	0.715	161	0	0	1	0	0	2019	0	0
4508	ulfa n.f.	0.5571	-0.7322	162	0	0	1	0	0	2019	0	0
4509	ulfah i.m.	0.5544	0.1861	163	0	0	1	1	0.8262	2019	1	0.8262
4510	ulina margaretha situmorang e.	0.2273	-0.3026	164	0	0	1	0	0	2019	0	0
4511	ulina y.c.	-0.4665	0.6872	165	0	0	1	0	0	2019	0	0
4512	ulo k.l.m.	-0.5728	0.7544	166	0	0	1	3	2.4785	2019	3	2.4785
4513	umam a.n.	0.2403	0.7915	167	0	0	1	6	4.957	2019	6	4.957
4514	umam k.	-0.3211	0.4073	168	0	0	1	1	0.8262	2019	1	0.8262
4515	umami r.	-0.2843	-0.7341	169	0	0	1	1	0.8262	2019	1	0.8262
4516	umar a.	0.8512	0.3646	170	0	0	3	3	2.4785	2019	1	0.8262
4517	umar a.a.	-0.9047	-0.0261	4	3	3	1	5	4.1308	2019	5	4.1308
4518	umar j.	0.868	0.1678	18	3	3	1	1	0.8262	2019	1	0.8262
4519	umbas r.	0.5796	0.3269	171	0	0	4	15	12.3924	2019	3.75	3.0981
4520	umiatin u.	-0.3383	0.8847	172	0	0	1	1	0.8262	2019	1	0.8262
4521	"umiatin, dilogo i.h."	0.2225	0.0048	173	0	0	1	1	0.8262	2019	1	0.8262
4522	"umiatin, yudasari n."	-0.905	-0.0118	4	6	6	1	0	0	2019	0	0
4523	usman a.	0.2127	-0.4203	174	0	0	9	15	12.3924	2019	1.6667	1.3769
4524	usman h.	-0.6233	-0.1513	175	0	0	1	1	0.8262	2019	1	0.8262
4525	usman m.	-0.0254	-0.0008	176	0	0	2	4	3.3046	2019	2	1.6523
4526	usman n.	0.6187	0.0439	177	0	0	1	2	1.6523	2019	2	1.6523
4527	usman x.	-0.2475	0.1835	178	0	0	2	0	0	2019	0	0
4528	utama a.	0.22	0.1683	179	0	0	1	1	0.8262	2019	1	0.8262
4529	utama s.	0.7009	0.3983	13	4	8	6	9	7.4354	2019	1.5	1.2392
4530	utami b.	-0.6598	-0.2071	180	0	0	1	0	0	2019	0	0
4531	utami d.a.	-0.3867	-0.5835	181	0	0	2	3	2.4785	2019	1.5	1.2392
4532	utami f.f.	0.6834	-0.0392	182	0	0	1	1	0.8262	2019	1	0.8262
4533	utami n.p.b.s.	-0.753	0.0717	183	0	0	1	0	0	2019	0	0
4534	utami r.r.	0.6885	-0.1284	184	0	0	1	0	0	2019	0	0
4535	utami r.w.	-0.2492	0.3932	185	0	0	1	1	0.8262	2019	1	0.8262
4536	utami t.i.	-0.6004	0.453	186	0	0	1	2	1.6523	2019	2	1.6523
4537	utari a.p.	-0.6091	-0.2727	187	0	0	1	0	0	2019	0	0
4538	utari p.	0.8249	0.3352	188	0	0	3	1	0.8262	2019	0.3333	0.2754
4539	utari t.	0.8618	-0.1135	189	0	0	1	4	3.3046	2019	4	3.3046
4540	utomo a.r.	0.4358	0.7022	190	0	0	9	1	0.8262	2019	0.1111	0.0918
4541	utomo b.	-0.4339	-0.8079	191	0	0	5	7	5.7831	2019	1.4	1.1566
4542	utomo b.w.	-0.1515	-0.3624	192	0	0	3	0	0	2019	0	0
4543	utomo m.s.	0.1646	0.2872	193	0	0	7	6	4.957	2019	0.8571	0.7081
4544	utomo n.b.	0.1282	-0.9015	194	0	0	1	0	0	2019	0	0
4545	utomo s.w.	0.9407	-0.0908	195	0	0	4	0	0	2019	0	0
4546	van belkum a.	0.4138	-0.4126	8	15	31	2	2	1.6523	2019	1	0.8262
4547	van crevel r.	-0.5149	-0.2065	196	0	0	1	4	3.3046	2019	4	3.3046
4548	van der werf t.s.	0.0037	0.1436	197	0	0	1	1	0.8262	2019	1	0.8262
4549	van dijk m.	-0.0779	-0.0545	198	0	0	1	3	2.4785	2019	3	2.4785
4550	van geffen w.h.	-0.2694	-0.6835	199	0	0	1	1	0.8262	2019	1	0.8262
4551	van haaften w.t.	-0.4722	0.045	200	0	0	1	6	4.957	2019	6	4.957
4552	van minh h.	0.6205	0.0942	201	0	0	1	12	9.9139	2019	12	9.9139
4553	van nguyen k.	-0.7529	-0.5744	202	0	0	2	7	5.7831	2019	3.5	2.8916
4554	van nguyen l.	0.2442	-0.7532	203	0	0	1	0	0	2019	0	0
4555	van nguyen t.	0.8571	-0.3872	204	0	0	1	5	4.1308	2019	5	4.1308
4556	van pham c.	-0.6766	0.0627	205	0	0	1	2	1.6523	2019	2	1.6523
4557	van praagh j.b.	0.3773	-0.0678	206	0	0	1	6	4.957	2019	6	4.957
4558	van riel d.	0.5441	-0.273	207	0	0	1	5	4.1308	2019	5	4.1308
4559	van rosmalen j.	0.414	-0.4102	8	13	13	1	1	0.8262	2019	1	0.8262
4560	van trotsenburg a.s.p.	0.8935	-0.2832	26	1	1	1	1	0.8262	2019	1	0.8262
4561	van weering j.	0.0006	0.7313	208	0	0	1	11	9.0878	2019	11	9.0878
4562	van wijk l.a.	0.6421	-0.0654	209	0	0	1	6	4.957	2019	6	4.957
4563	vandenplas y.	-0.494	0.1146	210	0	0	7	14	11.5662	2019	2	1.6523
4564	vania r.	-0.6386	-0.0449	211	0	0	1	1	0.8262	2019	1	0.8262
4565	verawati n.	0.8284	-0.3594	212	0	0	1	0	0	2019	0	0
4566	verbrugh h.a.	0.4152	-0.4114	8	15	42	3	3	2.4785	2019	1	0.8262
4567	verdianto a.	-0.129	-0.1097	213	0	0	1	2	1.6523	2019	2	1.6523
4568	veritawati i.	-0.7259	0.5661	214	0	0	1	1	0.8262	2019	1	0.8262
4569	verkuijlen s.a.w.m.	-0.6778	0.1331	215	0	0	1	11	9.0878	2019	11	9.0878
4570	vermeulen n.p.e.	0.669	-0.6639	216	0	0	1	3	2.4785	2019	3	2.4785
4571	vernia r.e.	0.5894	-0.3344	217	0	0	1	0	0	2019	0	0
4572	veryanta v.	-0.8352	-0.4476	218	0	0	1	0	0	2019	0	0
4573	vibriani a.	-0.3726	-0.0627	219	0	0	2	10	8.2616	2019	5	4.1308
4574	vickary t.f.	0.0956	0.3323	220	0	0	1	1	0.8262	2019	1	0.8262
4575	victor a.a.	0.7184	-0.0802	221	0	0	1	1	0.8262	2019	1	0.8262
4576	viderisa n.z.	-0.5851	0.5684	222	0	0	2	0	0	2019	0	0
4577	vieira m.	0.3914	0.8757	223	0	0	1	1	0.8262	2019	1	0.8262
4578	viguier b.	0.5681	-0.6943	224	0	0	1	1	0.8262	2019	1	0.8262
4579	vineeth k.k.	0.9165	-0.2271	225	0	0	1	7	5.7831	2019	7	5.7831
4580	violita f.	0.2719	-0.6201	226	0	0	1	2	1.6523	2019	2	1.6523
4581	virgine k.a.	0.6073	-0.3872	227	0	0	1	0	0	2019	0	0
4582	virgine r.m.	-0.7685	-0.4162	228	0	0	1	0	0	2019	0	0
4583	viryawan c.	0.8853	0.3341	229	0	0	1	0	0	2019	0	0
4584	vishnevetskaya n.s.	0.5862	0.7462	230	0	0	1	5	4.1308	2019	5	4.1308
4585	visser j.	-0.3227	0.2031	231	0	0	1	8	6.6093	2019	8	6.6093
4586	viswanathan a.	0.5652	0.5606	232	0	0	1	1	0.8262	2019	1	0.8262
4587	vitasari d.n.	0.9103	-0.2063	233	0	0	1	1	0.8262	2019	1	0.8262
4588	vitra f.	-0.694	-0.4432	234	0	0	1	1	0.8262	2019	1	0.8262
4589	vitria e.e.	0.7878	-0.3326	235	0	0	1	1	0.8262	2019	1	0.8262
4590	viverita v.	-0.2463	-0.6176	236	0	0	1	0	0	2019	0	0
4591	vonglokham m.	0.7611	-0.4941	5	5	5	1	6	4.957	2019	6	4.957
4592	wachid n.	-0.5587	0.3361	237	0	0	1	1	0.8262	2019	1	0.8262
4593	wade k.a.	0.2667	0.8602	238	0	0	1	2	1.6523	2019	2	1.6523
4594	wagener f.a.d.t.g.	0.0728	-0.7871	239	0	0	1	3	2.4785	2019	3	2.4785
4595	wahab m.s.	0.5205	-0.7189	240	0	0	1	0	0	2019	0	0
4596	wahdini s.	-0.7195	-0.5602	241	0	0	1	0	0	2019	0	0
4597	wahid m.h.	-0.1363	0.0981	242	0	0	1	1	0.8262	2019	1	0.8262
4598	wahidin a.b.	-0.3856	0.6072	243	0	0	2	3	2.4785	2019	1.5	1.2392
4599	wahidiyat p.a.	0.5245	0.5889	244	0	0	2	4	3.3046	2019	2	1.6523
4600	wahjudi j.w.	0.6125	0.6679	245	0	0	1	1	0.8262	2019	1	0.8262
4601	wahyono t.y.m.	0.4591	0.3196	246	0	0	2	9	7.4354	2019	4.5	3.7177
4602	wahyuadi soedarsono j.	-0.2237	-0.743	247	0	0	1	1	0.8262	2019	1	0.8262
4603	wahyuaji b.	-0.4917	-0.6276	248	0	0	2	3	2.4785	2019	1.5	1.2392
4604	wahyuddin s.	0.4319	0.0546	249	0	0	1	0	0	2019	0	0
4605	wahyudi d.p.	-0.662	-0.402	250	0	0	2	0	0	2019	0	0
4606	wahyudi e.r.	-0.8606	-0.2664	2	17	17	1	1	0.8262	2019	1	0.8262
4607	wahyudi i.	-0.4194	0.0918	251	0	0	2	2	1.6523	2019	1	0.8262
4608	wahyudi m.	0.0796	0.0944	252	0	0	1	1	0.8262	2019	1	0.8262
4609	wahyuni r.	0.0731	0.8228	253	0	0	1	1	0.8262	2019	1	0.8262
4610	wahyuni s.	-0.2984	0.8589	254	0	0	2	2	1.6523	2019	1	0.8262
4611	wahyuningsih r.	-0.5561	0.4081	255	0	0	1	8	6.6093	2019	8	6.6093
4612	wahyuningtyas p.	-0.4646	-0.8226	256	0	0	1	0	0	2019	0	0
4613	wahyunisa m.p.	-0.6283	0.3331	257	0	0	1	0	0	2019	0	0
4614	wahyuti w.	-0.0074	-0.945	258	0	0	1	1	0.8262	2019	1	0.8262
4615	wajdi n.	0.4752	0.4935	259	0	0	1	0	0	2019	0	0
4616	wakatsuki m.	-0.7544	0.5724	260	0	0	1	1	0.8262	2019	1	0.8262
4617	waladi a.	-0.404	0.7608	261	0	0	1	0	0	2019	0	0
4618	walayaporn k.	-0.0284	-0.1105	262	0	0	1	1	0.8262	2019	1	0.8262
4619	walker m.	0.7029	0.586	7	9	9	1	5	4.1308	2019	5	4.1308
4620	walker s.	-0.3627	0.8751	263	0	0	1	1	0.8262	2019	1	0.8262
4621	wallace m.j.	-0.5411	0.7348	264	0	0	1	1	0.8262	2019	1	0.8262
4622	walton r.i.	0.7032	0.5858	7	10	17	2	11	9.0878	2019	5.5	4.5439
4623	waluyo a.	0.5872	-0.4861	265	0	0	1	1	0.8262	2019	1	0.8262
4624	wammes l.j.	-0.5218	-0.34	266	0	0	1	3	2.4785	2019	3	2.4785
4625	wanandi s.	-0.5245	-0.7686	14	5	5	2	0	0	2019	0	0
4626	wanandi s.i.	-0.5244	-0.7687	14	5	5	4	1	0.8262	2019	0.25	0.2065
4627	wanda d.	0.6205	0.1458	267	0	0	1	1	0.8262	2019	1	0.8262
4628	wandasari w.	0.8674	0.3885	268	0	0	1	0	0	2019	0	0
4629	wandra t.	-0.5597	0.1182	269	0	0	1	7	5.7831	2019	7	5.7831
4630	wang j.	0.0608	0.4592	270	0	0	1	1	0.8262	2019	1	0.8262
4631	wang j.-g.	-0.5868	-0.5645	271	0	0	3	36	29.7417	2019	12	9.9139
4632	wang k.-l.	-0.1149	0.5708	272	0	0	1	2	1.6523	2019	2	1.6523
4633	wani s.	-0.5911	-0.0894	273	0	0	1	3	2.4785	2019	3	2.4785
4634	wardana f.t.	-0.0246	0.3619	274	0	0	1	0	0	2019	0	0
4635	wardana n.s.	-0.4438	-0.0659	275	0	0	2	1	0.8262	2019	0.5	0.4131
4636	wardana nimpuno g.c.	-0.0542	-0.2422	276	0	0	1	5	4.1308	2019	5	4.1308
4637	wardana s.	0.831	0.3981	277	0	0	1	0	0	2019	0	0
4638	wardani m.	-0.5156	-0.6648	278	0	0	1	4	3.3046	2019	4	3.3046
4639	wardhana a.	0.5663	0.3853	279	0	0	1	0	0	2019	0	0
4640	wardhana a.c.	-0.6652	-0.1028	280	0	0	1	2	1.6523	2019	2	1.6523
4641	wardhana a.w.	0.5693	0.712	281	0	0	1	0	0	2019	0	0
4642	wardhana c.w.	-0.3479	-0.7944	282	0	0	1	1	0.8262	2019	1	0.8262
4643	wardhana w.	0.284	0.0528	283	0	0	2	0	0	2019	0	0
4644	"wardhana, hegar b."	-0.8103	-0.4901	284	0	0	1	2	1.6523	2019	2	1.6523
4645	wardhani b.w.	-0.1982	0.2428	285	0	0	1	0	0	2019	0	0
4646	wardhani b.w.k.	0.5415	-0.0136	286	0	0	1	1	0.8262	2019	1	0.8262
4647	wardhani g.a.	-0.4468	0.625	287	0	0	1	0	0	2019	0	0
4648	wardhani r.	-0.5524	0.7687	288	0	0	4	6	4.957	2019	1.5	1.2392
4649	wardhani y.k.	-0.7226	0.6128	289	0	0	1	1	0.8262	2019	1	0.8262
4650	wardhany i.i.	0.6897	-0.6537	290	0	0	1	1	0.8262	2019	1	0.8262
4651	wardoyo m.p.	-0.0041	-0.3838	291	0	0	1	0	0	2019	0	0
4652	wardoyo s.	-0.2287	-0.4878	292	0	0	1	0	0	2019	0	0
4653	wardoyo w.w.	0.3561	-0.1546	293	0	0	1	1	0.8262	2019	1	0.8262
4654	wargadalam v.j.	-0.0501	0.6851	294	0	0	1	0	0	2019	0	0
4655	warjito	-0.6957	-0.3597	295	0	0	2	2	1.6523	2019	1	0.8262
4656	"warjito, febriansyah d."	0.6642	-0.3112	296	0	0	1	1	0.8262	2019	1	0.8262
4657	"warjito, siswantara a.i."	0.1437	0.0471	297	0	0	1	2	1.6523	2019	2	1.6523
4658	warnakulasuriya s.	-0.7429	-0.4512	298	0	0	1	3	2.4785	2019	3	2.4785
4659	warnars h.l.h.s.	0.7807	0.4852	299	0	0	1	1	0.8262	2019	1	0.8262
4660	warninda t.d.	0.5564	0.051	300	0	0	1	4	3.3046	2019	4	3.3046
4661	warno utomo s.	0.0757	0.9477	301	0	0	1	0	0	2019	0	0
4662	waryudi a.	-0.6583	0.4262	302	0	0	1	1	0.8262	2019	1	0.8262
4663	wasantwisut e.	0.759	-0.4941	5	5	5	1	6	4.957	2019	6	4.957
4664	wasim j.	-0.2958	0.3341	303	0	0	2	20	16.5232	2019	10	8.2616
4665	wasito i.	0.2647	-0.5422	304	0	0	1	1	0.8262	2019	1	0.8262
4666	waskito l.a.	-0.0405	0.8425	305	0	0	1	7	5.7831	2019	7	5.7831
4667	waspodo a.	-0.8235	-0.4686	306	0	0	1	0	0	2019	0	0
4668	watanabe k.	0.4403	-0.8195	307	0	0	1	1	0.8262	2019	1	0.8262
4669	watanabe t.	0.3337	-0.8566	10	6	7	1	10	8.2616	2019	10	8.2616
4670	watanabe y.	0.0811	0.1711	308	0	0	1	1	0.8262	2019	1	0.8262
4671	wati d.k.	-0.207	-0.0871	309	0	0	2	3	2.4785	2019	1.5	1.2392
4672	wati d.n.k.	-0.675	0.0004	310	0	0	1	1	0.8262	2019	1	0.8262
4673	wati t.	-0.6659	0.2801	311	0	0	3	2	1.6523	2019	0.6667	0.5508
4674	watson d.	0.0179	-0.7129	312	0	0	1	6	4.957	2019	6	4.957
4675	watson d.g.	0.0818	-0.6715	313	0	0	1	4	3.3046	2019	4	3.3046
4676	watson l.	0.7606	-0.4947	5	5	5	1	6	4.957	2019	6	4.957
4677	wei l.	0.4982	0.2293	314	0	0	2	20	16.5232	2019	10	8.2616
4678	weil g.j.	-0.6882	0.6507	315	0	0	3	12	9.9139	2019	4	3.3046
4679	wen-wei ku s.	-0.6679	0.1838	316	0	0	1	1	0.8262	2019	1	0.8262
4680	werdhani r.a.	0.5931	0.4852	317	0	0	1	1	0.8262	2019	1	0.8262
4681	wever r.	0.1715	0.5724	318	0	0	1	2	1.6523	2019	2	1.6523
4682	whulanza y.	-0.4299	0.5576	319	0	0	9	7	5.7831	2019	0.7778	0.6426
4683	wibawa b.c.	0.2064	-0.6459	320	0	0	1	0	0	2019	0	0
4684	wibawa i.d.n.	0.0847	0.5366	321	0	0	1	7	5.7831	2019	7	5.7831
4685	wibawa y.s.	-0.4567	-0.5275	322	0	0	1	1	0.8262	2019	1	0.8262
4686	wibawanti r.	0.5273	0.6995	323	0	0	1	6	4.957	2019	6	4.957
4687	wibisana a.	-0.3455	0.4782	324	0	0	1	1	0.8262	2019	1	0.8262
4688	wibisono a.	0.4775	0.7537	325	0	0	9	2	1.6523	2019	0.2222	0.1836
4689	wibisono g.	-0.3797	-0.2065	326	0	0	1	1	0.8262	2019	1	0.8262
4690	"wibisono, prawito"	-0.6685	0.5197	327	0	0	1	0	0	2019	0	0
4691	wibowo a.	0.6431	-0.1746	328	0	0	5	4	3.3046	2019	0.8	0.6609
4692	wibowo a.d.	-0.2103	-0.5628	329	0	0	1	1	0.8262	2019	1	0.8262
4693	wibowo a.p.	0.496	-0.1541	19	5	6	1	4	3.3046	2019	4	3.3046
4694	wibowo c.s.	-0.5256	-0.4167	330	0	0	1	0	0	2019	0	0
4695	wibowo g.p.	0.0547	-0.137	331	0	0	1	1	0.8262	2019	1	0.8262
4696	wibowo h.	-0.3957	-0.4533	332	0	0	1	2	1.6523	2019	2	1.6523
4697	wibowo i.	-0.1956	-0.4246	333	0	0	1	4	3.3046	2019	4	3.3046
4698	wibowo j.	-0.4088	0.6682	334	0	0	1	1	0.8262	2019	1	0.8262
4699	wibowo n.	0.7105	-0.3266	335	0	0	2	7	5.7831	2019	3.5	2.8916
4700	wibowo s.a.	-0.1365	0.4431	336	0	0	1	0	0	2019	0	0
4701	wibowo s.s.	0.6077	0.7306	337	0	0	1	0	0	2019	0	0
4702	wibowo t.p.	-0.0665	0.7453	338	0	0	2	0	0	2019	0	0
4703	wibowo w.c.	0.7683	-0.1011	339	0	0	6	3	2.4785	2019	0.5	0.4131
4704	wibowo w.e.	0.6753	0.2713	340	0	0	1	1	0.8262	2019	1	0.8262
4705	wibowo y.	0.0516	0.9374	341	0	0	1	6	4.957	2019	6	4.957
4706	wibulpolprasert s.	-0.2759	0.4668	342	0	0	1	1	0.8262	2019	1	0.8262
4707	wicaksana g.p.	0.0425	0.5886	343	0	0	1	0	0	2019	0	0
4708	wicaksono a.	-0.4432	-0.5906	344	0	0	2	1	0.8262	2019	0.5	0.4131
4709	wicaksono a.b.	0.0082	-0.5831	345	0	0	2	0	0	2019	0	0
4710	wicaksono p.	0.6474	-0.3567	346	0	0	1	1	0.8262	2019	1	0.8262
4711	wicaksono w.p.	-0.808	-0.4265	347	0	0	1	8	6.6093	2019	8	6.6093
4712	wid w.p.	-0.6458	0.5721	348	0	0	1	0	0	2019	0	0
4713	widagdo g.	0.0376	-0.9191	349	0	0	1	0	0	2019	0	0
4714	widagdo w.	0.0121	0.5216	350	0	0	1	5	4.1308	2019	5	4.1308
4715	widajanti n.	-0.8595	-0.2686	2	11	11	1	7	5.7831	2019	7	5.7831
4716	widanarko b.	0.5343	0.5291	351	0	0	1	0	0	2019	0	0
4717	wideani g.	-0.5243	-0.7685	14	5	5	1	1	0.8262	2019	1	0.8262
4718	widhinugraha i.g.b.h.	0.6402	-0.699	352	0	0	1	0	0	2019	0	0
4719	widia f.	-0.0598	0.2928	353	0	0	1	0	0	2019	0	0
4720	widiana i.	0.1869	-0.1016	354	0	0	1	0	0	2019	0	0
4721	widiarti r.	0.6572	-0.6831	355	0	0	1	0	0	2019	0	0
4722	widiasari s.	0.09	-0.455	356	0	0	1	1	0.8262	2019	1	0.8262
4723	widiasmoko l.k.	0.0756	0.0043	357	0	0	1	1	0.8262	2019	1	0.8262
4724	widiastuti k.	0.7605	-0.1986	358	0	0	1	1	0.8262	2019	1	0.8262
4725	widiastuti l.	-0.0077	0.4528	359	0	0	1	1	0.8262	2019	1	0.8262
4726	widiawaty c.d.	0.4888	0.1562	360	0	0	3	0	0	2019	0	0
4727	widiputra v.	-0.0819	0.1565	361	0	0	1	26	21.4802	2019	26	21.4802
4728	widjojanto b.	0.1376	0.6645	362	0	0	1	5	4.1308	2019	5	4.1308
4729	widjojo h.	-0.1823	0.5851	363	0	0	1	1	0.8262	2019	1	0.8262
4730	widodo a.d.	-0.4111	0.8529	364	0	0	2	6	4.957	2019	3	2.4785
4731	widodo p.	0.1532	0.2088	365	0	0	2	3	2.4785	2019	1.5	1.2392
4732	widodo p.m.	-0.423	-0.8451	366	0	0	1	6	4.957	2019	6	4.957
4733	widodo r.w.	0.66	-0.2481	367	0	0	1	0	0	2019	0	0
4734	widodo s.	0.8412	-0.1995	368	0	0	2	1	0.8262	2019	0.5	0.4131
4735	widodo t.	-0.3012	0.1256	369	0	0	1	0	0	2019	0	0
4736	"widodo, budiardjo e.k."	0.5179	-0.7647	370	0	0	2	2	1.6523	2019	1	0.8262
4737	"widodo, wibowo w.c."	0.6847	-0.6261	371	0	0	1	3	2.4785	2019	3	2.4785
4738	widya sieman a.	0.5741	0.6669	372	0	0	1	0	0	2019	0	0
4739	widyahening i.s.	0.534	0.4822	373	0	0	3	7	5.7831	2019	2.3333	1.9277
4740	widyaningrum p.	0.794	0.4575	374	0	0	1	1	0.8262	2019	1	0.8262
4741	widyaningsih n.	-0.3533	0.0655	375	0	0	1	1	0.8262	2019	1	0.8262
4742	widyaningsih w.	0.0478	-0.5232	376	0	0	1	0	0	2019	0	0
4743	widyaningsih y.	0.2366	0.5407	377	0	0	3	4	3.3046	2019	1.3333	1.1015
4744	widyaningtyas a.l.	0.496	-0.1541	19	3	3	1	5	4.1308	2019	5	4.1308
4745	widyanto m.r.	0.2442	0.8357	378	0	0	2	2	1.6523	2019	1	0.8262
4746	widyantoro b.	-0.5936	0.7391	379	0	0	1	2	1.6523	2019	2	1.6523
4747	widyarman a.s.	-0.783	-0.5326	380	0	0	1	2	1.6523	2019	2	1.6523
4748	widyastiti n.s.	0.1163	0.4061	381	0	0	1	0	0	2019	0	0
4749	widyastuti t.	-0.5646	0.4982	382	0	0	2	4	3.3046	2019	2	1.6523
4750	widyawati r.	0.3191	0.3557	383	0	0	1	0	0	2019	0	0
4751	"widyawati, susiloningtyas d."	0.6203	0.2884	384	0	0	1	0	0	2019	0	0
4752	widyianto a.	-0.4091	0.8112	385	0	0	1	0	0	2019	0	0
4753	wiedyaningsih c.	0.2364	0.7516	386	0	0	1	0	0	2019	0	0
4754	wienarno m.w.	-0.0775	0.4982	387	0	0	1	1	0.8262	2019	1	0.8262
4755	wieringa f.	0.7606	-0.4928	5	5	5	1	6	4.957	2019	6	4.957
4756	wiersema-buist j.	0.1262	-0.7835	388	0	0	1	6	4.957	2019	6	4.957
4757	wiguna m.p.	0.6441	0.0043	389	0	0	1	0	0	2019	0	0
4758	wiguna p.a.	-0.0323	-0.9479	390	0	0	2	0	0	2019	0	0
4759	wiguna t.	0.8155	-0.2272	391	0	0	6	13	10.7401	2019	2.1667	1.79
4760	wijanarko a.	-0.8679	0.2306	1	14	28	12	9	7.4354	2019	0.75	0.6196
4761	wijarnako a.	-0.5906	-0.21	392	0	0	1	0	0	2019	0	0
4762	wijaya a.	0.8408	0.4398	393	0	0	2	2	1.6523	2019	1	0.8262
4763	wijaya c.	0.3656	-0.6622	394	0	0	2	2	1.6523	2019	1	0.8262
4764	wijaya e.	0.008	0.8374	395	0	0	1	3	2.4785	2019	3	2.4785
4765	wijaya f.	0.2214	-0.8039	396	0	0	1	1	0.8262	2019	1	0.8262
4766	wijaya i.p.	0.6013	-0.2839	397	0	0	4	9	7.4354	2019	2.25	1.8589
4767	wijaya k.p.	0.0159	0.6683	398	0	0	1	4	3.3046	2019	4	3.3046
4768	wijaya m.t.	0.6202	-0.7207	399	0	0	1	0	0	2019	0	0
4769	wijaya o.	0.3664	-0.6031	400	0	0	1	2	1.6523	2019	2	1.6523
4770	wijaya r.a.	-0.3042	-0.2003	401	0	0	2	1	0.8262	2019	0.5	0.4131
4771	wijaya r.r.	-0.0846	0.8607	402	0	0	1	0	0	2019	0	0
4772	wijaya s.	-0.4729	0.2369	403	0	0	2	1	0.8262	2019	0.5	0.4131
4773	wijaya s.k.	0.8092	0.4253	404	0	0	17	5	4.1308	2019	0.2941	0.243
4774	wijayanthie n.	0.4943	0.6656	405	0	0	1	0	0	2019	0	0
4775	wijayanto s.h.	-0.5666	-0.0223	406	0	0	1	2	1.6523	2019	2	1.6523
4776	wijayathilaka n.	-0.2208	0.3188	407	0	0	1	7	5.7831	2019	7	5.7831
4777	wijonarko s.	-0.6823	-0.5338	408	0	0	1	0	0	2019	0	0
4778	wilarso i.	0.6027	-0.606	20	4	4	1	3	2.4785	2019	3	2.4785
4779	wilgert y.	-0.5529	-0.1489	409	0	0	1	1	0.8262	2019	1	0.8262
4780	willenberg l.	-0.3361	0.7486	410	0	0	1	5	4.1308	2019	5	4.1308
4781	william a.	-0.1184	0.2313	411	0	0	1	0	0	2019	0	0
4782	williams s.	0.5793	-0.7535	412	0	0	1	10	8.2616	2019	10	8.2616
4783	williamson j.m.	-0.0942	-0.7142	413	0	0	1	9	7.4354	2019	9	7.4354
4784	wilson l.d.	0.317	-0.095	414	0	0	3	7	5.7831	2019	2.3333	1.9277
4785	wimardhani y.s.	0.1439	-0.6641	415	0	0	1	3	2.4785	2019	3	2.4785
4786	win k.m.	0.6457	0.6882	416	0	0	1	2	1.6523	2019	2	1.6523
4787	winardi s.	-0.4581	0.4374	417	0	0	1	3	2.4785	2019	3	2.4785
4788	winarni n.	-0.085	0.8063	418	0	0	1	0	0	2019	0	0
4789	winarni n.l.	0.0415	0.3845	419	0	0	1	0	0	2019	0	0
4790	winarta a.	-0.4011	-0.7078	17	5	5	2	4	3.3046	2019	2	1.6523
4791	winarto h.	0.4996	0.4262	420	0	0	1	0	0	2019	0	0
4792	winarto w.	0.0165	-0.9479	421	0	0	3	7	5.7831	2019	2.3333	1.9277
4793	winarto y.t.	-0.3144	0.894	422	0	0	1	1	0.8262	2019	1	0.8262
4794	winaya i.n.s.	0.8548	0.4155	423	0	0	1	1	0.8262	2019	1	0.8262
4795	windarti w.	0.8937	-0.2834	26	1	1	1	1	0.8262	2019	1	0.8262
4796	windiani l.	-0.1758	0.379	424	0	0	1	1	0.8262	2019	1	0.8262
4797	windrayani r.	0.3678	0.7954	12	3	3	1	8	6.6093	2019	8	6.6093
4798	winichagoon p.	0.7592	-0.4945	5	5	5	1	6	4.957	2019	6	4.957
4799	wira sanjaya p.	-0.2124	0.6541	425	0	0	1	0	0	2019	0	0
4800	wirara a.	0.316	0.4294	426	0	0	1	0	0	2019	0	0
4801	wiratama i.	-0.8633	0.243	1	6	6	1	0	0	2019	0	0
4802	wiratmadja i.i.	0.9153	-0.092	427	0	0	1	0	0	2019	0	0
4803	wiratman w.	-0.1361	0.8249	428	0	0	1	5	4.1308	2019	5	4.1308
4804	wirawan d.n.	0.7132	-0.2602	429	0	0	1	6	4.957	2019	6	4.957
4805	wirawan f.	0.873	0.1188	3	4	4	1	36	29.7417	2019	36	29.7417
4806	wirawan r.p.	-0.3333	-0.2673	430	0	0	1	0	0	2019	0	0
4807	wiria a.e.	0.3806	0.3969	431	0	0	1	3	2.4785	2019	3	2.4785
4808	wisesa h.a.	-0.1103	-0.3007	432	0	0	4	3	2.4785	2019	0.75	0.6196
4809	wismogroho a.s.	0.051	0.9018	433	0	0	1	0	0	2019	0	0
4810	wisnu a.	0.2517	0.3918	434	0	0	1	0	0	2019	0	0
4811	wisnu r.p.	-0.2674	0.9078	435	0	0	1	0	0	2019	0	0
4812	wisnu w.	0.8159	-0.1151	436	0	0	2	0	0	2019	0	0
4813	wispriyono b.	0.3508	0.0892	437	0	0	1	1	0.8262	2019	1	0.8262
4814	wit j.m.	-0.041	-0.6998	438	0	0	1	2	1.6523	2019	2	1.6523
4815	witarto a.b.	0.1995	-0.7092	439	0	0	1	3	2.4785	2019	3	2.4785
4816	witjaksono f.	0.7601	-0.4937	5	19	19	4	7	5.7831	2019	1.75	1.4458
4817	wiweko b.	0.0181	0.0589	440	0	0	9	4	3.3046	2019	0.4444	0.3672
4818	wiyatno a.	0.3091	0.5007	441	0	0	1	1	0.8262	2019	1	0.8262
4819	wiyatno o.f.	0.2061	-0.3527	442	0	0	1	0	0	2019	0	0
4820	wong m.	0.097	0.8842	443	0	0	1	5	4.1308	2019	5	4.1308
4821	wong w.	0.5259	0.2895	444	0	0	1	1	0.8262	2019	1	0.8262
4822	wong w.w.	-0.548	-0.5334	445	0	0	2	9	7.4354	2019	4.5	3.7177
4823	wongkaren t.	0.1817	-0.8184	446	0	0	1	2	1.6523	2019	2	1.6523
4824	wonohutomo j.p.	0.1447	-0.6006	447	0	0	1	1	0.8262	2019	1	0.8262
4825	worsley a.	0.2572	-0.6884	448	0	0	2	2	1.6523	2019	1	0.8262
4826	wowiling g.	-0.4346	0.7228	449	0	0	1	0	0	2019	0	0
4827	wu j.	0.2522	0.4675	450	0	0	1	9	7.4354	2019	9	7.4354
4828	wu m.	-0.518	0.4597	451	0	0	1	0	0	2019	0	0
4829	wu s.	0.4335	0.2617	452	0	0	1	1	0.8262	2019	1	0.8262
4830	wulan p.p.d.k.	-0.4144	0.4914	453	0	0	2	0	0	2019	0	0
4831	wulan w.n.	0.2423	0.3204	454	0	0	1	2	1.6523	2019	2	1.6523
4832	wulandari a.	-0.7173	0.1018	455	0	0	1	2	1.6523	2019	2	1.6523
4833	wulandari d.	0.59	-0.0379	456	0	0	1	1	0.8262	2019	1	0.8262
4834	wulandari d.a.	0.2327	0.8882	457	0	0	3	5	4.1308	2019	1.6667	1.3769
4835	wulandari l.	0.2919	0.21	458	0	0	1	1	0.8262	2019	1	0.8262
4836	wulandari m.	-0.5409	0.6777	459	0	0	1	0	0	2019	0	0
4837	wulandari n.	0.1304	0.7226	460	0	0	1	1	0.8262	2019	1	0.8262
4838	wulandari r.	0.2038	0.8564	461	0	0	2	6	4.957	2019	3	2.4785
4839	wulandari s.a.	-0.7142	-0.4941	462	0	0	1	0	0	2019	0	0
4840	wulandhary s.	0.2471	0.917	463	0	0	1	0	0	2019	0	0
4841	wulani v.	-0.4099	-0.1363	464	0	0	1	0	0	2019	0	0
4842	wulansarie r.	-0.1731	-0.7456	465	0	0	1	1	0.8262	2019	1	0.8262
4843	wulunggono w.	-0.8603	-0.2664	2	17	17	1	1	0.8262	2019	1	0.8262
4844	wungo g.l.	0.2602	-0.2572	466	0	0	1	0	0	2019	0	0
4845	wuri m.a.	-0.8403	-0.4268	467	0	0	2	1	0.8262	2019	0.5	0.4131
4846	wuyung p.e.	-0.6297	-0.6756	11	7	8	2	1	0.8262	2019	0.5	0.4131
4847	xia x.	-0.7276	-0.0233	468	0	0	1	2	1.6523	2019	2	1.6523
4848	xianqi l.	-0.0425	0.2201	469	0	0	1	4	3.3046	2019	4	3.3046
4849	yabase h.	0.426	0.1932	470	0	0	1	1	0.8262	2019	1	0.8262
4850	yabe s.	0.8154	0.4861	471	0	0	2	8	6.6093	2019	4	3.3046
4851	yadamsuren e.	0.0335	0.7813	472	0	0	1	1	0.8262	2019	1	0.8262
4852	yadi y.h.	0.2173	-0.1766	473	0	0	1	0	0	2019	0	0
4853	yamada-hara m.	-0.1448	0.301	474	0	0	2	5	4.1308	2019	2.5	2.0654
4854	yamaoka y.	-0.3661	-0.3282	475	0	0	1	7	5.7831	2019	7	5.7831
4855	yamashita t.	0.609	-0.6941	476	0	0	1	1	0.8262	2019	1	0.8262
4856	yamazaki k.	0.486	0.006	477	0	0	4	11	9.0878	2019	2.75	2.2719
4857	yamazaki t.	-0.5025	0.6447	478	0	0	1	3	2.4785	2019	3	2.4785
4858	yamin m.	0.1287	-0.3331	479	0	0	2	1	0.8262	2019	0.5	0.4131
4859	yanagida t.	0.1561	-0.0276	480	0	0	1	7	5.7831	2019	7	5.7831
4860	yang g.-z.	0.6066	0.7023	481	0	0	2	4	3.3046	2019	2	1.6523
4861	yang j.s.	-0.2491	0.59	482	0	0	1	2	1.6523	2019	2	1.6523
4862	yani a.	0.5076	-0.7998	483	0	0	1	1	0.8262	2019	1	0.8262
4863	yani achsan h.t.	0.3717	0.47	484	0	0	1	1	0.8262	2019	1	0.8262
4864	yanidar r.	-0.5195	-0.0829	485	0	0	1	1	0.8262	2019	1	0.8262
4865	yanuar a.	-0.1353	-0.2268	486	0	0	5	7	5.7831	2019	1.4	1.1566
4866	"yanuar, ibadurrahman"	0.0076	-0.8987	487	0	0	1	1	0.8262	2019	1	0.8262
4867	"yanuar, ibadurrahman, muhammad arif r."	-0.0287	-0.912	488	0	0	1	0	0	2019	0	0
4868	"yanuar, pamitran a.s."	0.2934	-0.7285	489	0	0	2	6	4.957	2019	3	2.4785
4869	yanuarso p.b.	0.8238	-0.3166	490	0	0	1	3	2.4785	2019	3	2.4785
4870	yanwirasti y.	-0.0683	0.4251	491	0	0	1	1	0.8262	2019	1	0.8262
4871	yap j.	-0.5781	0.6449	492	0	0	2	29	23.9586	2019	14.5	11.9793
4872	yap m.l.	-0.6338	-0.3524	493	0	0	1	1	0.8262	2019	1	0.8262
4873	yasin h.	0.4375	0.8505	494	0	0	1	1	0.8262	2019	1	0.8262
4874	yasin h.m.	-0.0455	0.5561	495	0	0	1	4	3.3046	2019	4	3.3046
4875	yasinta a.o.	-0.3987	0.2219	496	0	0	1	3	2.4785	2019	3	2.4785
4876	yasman y.	-0.6823	-0.5817	497	0	0	7	0	0	2019	0	0
4877	"yasman, handayani w."	-0.5372	-0.6023	498	0	0	1	0	0	2019	0	0
4878	"yasman, hemelda n.m."	-0.0245	-0.5192	499	0	0	1	0	0	2019	0	0
4879	"yasman, warganda t.k."	0.4408	-0.8415	500	0	0	1	0	0	2019	0	0
4880	"yasman, yunilawati r."	-0.7395	0.5939	501	0	0	1	0	0	2019	0	0
4881	yasmon a.	-0.5255	0.1843	502	0	0	2	1	0.8262	2019	0.5	0.4131
4882	yasuhara t.	0.4289	-0.025	503	0	0	1	12	9.9139	2019	12	9.9139
4883	yati k.	0.8526	-0.151	504	0	0	4	2	1.6523	2019	0.5	0.4131
4884	yatim a.	-0.6126	0.3875	505	0	0	6	8	6.6093	2019	1.3333	1.1015
4885	yatmo y.a.	-0.7663	-0.4924	506	0	0	2	1	0.8262	2019	0.5	0.4131
4886	yazdanbakhsh m.	-0.5362	0.2625	507	0	0	1	3	2.4785	2019	3	2.4785
4887	yazid f.	-0.8531	0.3947	508	0	0	1	3	2.4785	2019	3	2.4785
4888	yazid s.	0.1826	-0.2321	509	0	0	1	0	0	2019	0	0
4889	ye d.-w.	-0.6091	-0.512	510	0	0	1	10	8.2616	2019	10	8.2616
4890	ye k.m.	-0.2063	0.4544	511	0	0	1	1	0.8262	2019	1	0.8262
4891	yelda f.	-0.7228	-0.1303	512	0	0	1	1	0.8262	2019	1	0.8262
4892	"yemirta, cahyaningtyas a.a."	0.0194	-0.6493	513	0	0	1	0	0	2019	0	0
4893	yeni b.b.	-0.6865	0.3266	514	0	0	1	0	0	2019	0	0
4894	"yenny, panigoro s.s."	0.4837	-0.6544	515	0	0	1	1	0.8262	2019	1	0.8262
4895	yenti d.a.r.	-0.3283	-0.4513	516	0	0	1	0	0	2019	0	0
4896	yismairai e.	0.8282	0.4629	517	0	0	1	0	0	2019	0	0
4897	yodyingyong t.	-0.6133	0.7218	518	0	0	1	1	0.8262	2019	1	0.8262
4898	yoga affandani a.	-0.1252	0.7607	519	0	0	1	0	0	2019	0	0
4899	yohda m.	-0.8653	0.2381	1	12	13	4	7	5.7831	2019	1.75	1.4458
4900	yokoji m.	0.1852	0.5057	520	0	0	1	1	0.8262	2019	1	0.8262
4901	yokoji-takeuchi m.	0.4443	0.387	521	0	0	1	2	1.6523	2019	2	1.6523
4902	yokosuka o.	-0.7197	0.3601	522	0	0	2	20	16.5232	2019	10	8.2616
4903	yokota a.	0.5248	-0.6774	523	0	0	2	8	6.6093	2019	4	3.3046
4904	yoksan s.	-0.5701	-0.4661	524	0	0	1	6	4.957	2019	6	4.957
4905	yolanda s.	0.5343	0.6399	525	0	0	2	0	0	2019	0	0
4906	yona s.	-0.6931	0.5524	526	0	0	1	1	0.8262	2019	1	0.8262
4907	yonas e.	-0.2382	0.7118	527	0	0	4	5	4.1308	2019	1.25	1.0327
4908	yoo y.j.	-0.267	-0.289	528	0	0	1	1	0.8262	2019	1	0.8262
4909	"yopi, mangunwardoyo w."	-0.0795	-0.3771	529	0	0	1	1	0.8262	2019	1	0.8262
4910	yoshida n.	0.9287	-0.1941	530	0	0	1	1	0.8262	2019	1	0.8262
4911	yoshimasu t.	0.1316	0.8023	531	0	0	1	2	1.6523	2019	2	1.6523
4912	yosia m.	-0.0543	-0.4486	532	0	0	2	4	3.3046	2019	2	1.6523
4913	yosua h.	0.3651	-0.2142	533	0	0	1	0	0	2019	0	0
4914	youl lee j.	0.8719	-0.373	534	0	0	1	1	0.8262	2019	1	0.8262
4915	young g.d.	-0.5861	0.2146	535	0	0	1	2	1.6523	2019	2	1.6523
4916	young j.c.	-0.2668	-0.4251	536	0	0	1	0	0	2019	0	0
4917	yousif q.a.	-0.6635	-0.2571	537	0	0	1	0	0	2019	0	0
4918	yu c.-m.	0.0761	-0.6041	538	0	0	1	22	18.1755	2019	22	18.1755
4919	yu j.	-0.3453	0.6586	539	0	0	1	6	4.957	2019	6	4.957
4920	yu m.-l.	-0.7978	-0.5119	540	0	0	2	20	16.5232	2019	10	8.2616
4921	yuanita e.	0.0256	-0.0562	541	0	0	4	3	2.4785	2019	0.75	0.6196
4922	yuda a.w.	0.1216	0.8541	542	0	0	1	0	0	2019	0	0
4923	yuda r.p.	-0.3363	0.846	543	0	0	1	0	0	2019	0	0
4924	yudasari n.	-0.1274	-0.4413	544	0	0	2	0	0	2019	0	0
4925	yudasubrata a.t.w.	-0.1226	-0.7593	545	0	0	1	0	0	2019	0	0
4926	yudatama u.	-0.2606	0.8677	546	0	0	1	1	0.8262	2019	1	0.8262
4927	yudharma g.	-0.4478	-0.2132	547	0	0	2	0	0	2019	0	0
4928	yudhistira m.h.	0.4312	0.4556	548	0	0	2	2	1.6523	2019	1	0.8262
4929	yudhoatmojo s.b.	0.1755	0.3584	549	0	0	4	7	5.7831	2019	1.75	1.4458
4930	yudiana a.	0.8006	-0.1601	550	0	0	1	1	0.8262	2019	1	0.8262
4931	yudiarsah e.	-0.3664	0.7898	551	0	0	3	0	0	2019	0	0
4932	yudistira f.	0.0319	0.9506	552	0	0	1	1	0.8262	2019	1	0.8262
4933	"yudistiro, kusratmoko e."	0.7635	-0.2532	553	0	0	1	0	0	2019	0	0
4934	yugo kartono isal r.	0.317	0.6655	554	0	0	6	0	0	2019	0	0
4935	yulhasri	-0.6512	0.232	555	0	0	1	0	0	2019	0	0
4936	yulia f.	-0.3275	-0.0034	556	0	0	1	3	2.4785	2019	3	2.4785
4937	yulia r.	-0.6116	0.1589	557	0	0	1	1	0.8262	2019	1	0.8262
4938	yuliani s.	-0.6773	0.3807	558	0	0	1	0	0	2019	0	0
4939	yulianti s.	0.4181	0.1223	559	0	0	1	0	0	2019	0	0
4940	yulianto i.	-0.1327	0.8695	560	0	0	1	2	1.6523	2019	2	1.6523
4941	"yuliar, kartadi s.f."	0.6066	-0.2242	561	0	0	1	1	0.8262	2019	1	0.8262
4942	yuliarita e.	0.5963	-0.4347	562	0	0	1	1	0.8262	2019	1	0.8262
4943	yuliarti k.	-0.5011	0.3812	563	0	0	1	2	1.6523	2019	2	1.6523
4944	yuliusman	0.2789	-0.1561	564	0	0	1	0	0	2019	0	0
4945	yuliusman y.	-0.6889	-0.1662	565	0	0	2	2	1.6523	2019	1	0.8262
4946	"yuliusman, putri s.a."	0.3575	0.8848	566	0	0	1	0	0	2019	0	0
4947	"yuliusman, sari m.p."	-0.0531	0.0861	567	0	0	1	0	0	2019	0	0
4948	yulizar y.	0.4961	-0.154	19	6	8	11	38	31.3941	2019	3.4545	2.854
4949	"yulkifli, ramli, benti etika s."	0.2841	0.1308	568	0	0	1	2	1.6523	2019	2	1.6523
4950	yunaini l.	-0.0022	-0.1843	569	0	0	3	2	1.6523	2019	0.6667	0.5508
4951	yunard a.	-0.5796	-0.3294	570	0	0	1	1	0.8262	2019	1	0.8262
4952	yunarti r.t.	-0.4495	0.1682	571	0	0	2	0	0	2019	0	0
4953	yuniadi y.	-0.3961	-0.8169	572	0	0	1	2	1.6523	2019	2	1.6523
4954	yuniarni d.r.	-0.388	0.8658	573	0	0	1	6	4.957	2019	6	4.957
4955	yuniarti e.	-0.1809	0.8372	574	0	0	1	4	3.3046	2019	4	3.3046
4956	yuniastuti a.	-0.7304	0.031	575	0	0	1	0	0	2019	0	0
4957	yuniastuti e.	0.5572	0.1206	576	0	0	1	0	0	2019	0	0
4958	yuniastuti r.t.	0.1843	-0.7628	577	0	0	1	0	0	2019	0	0
4959	yuniawan t.	0.0264	0.2236	578	0	0	1	2	1.6523	2019	2	1.6523
4960	yunihastuti e.	-0.8604	-0.2664	2	17	17	4	11	9.0878	2019	2.75	2.2719
4961	yunilawati r.	0.5968	-0.7329	579	0	0	1	0	0	2019	0	0
4962	yuningsih t.	-0.231	-0.2226	580	0	0	1	0	0	2019	0	0
4963	yunita a.	0.0913	0.7655	581	0	0	1	0	0	2019	0	0
4964	yunita l.	0.1876	0.4308	582	0	0	1	0	0	2019	0	0
4965	yunita m.t.	-0.6522	0.6873	583	0	0	1	3	2.4785	2019	3	2.4785
4966	yunita r.	-0.5306	0.5437	584	0	0	1	0	0	2019	0	0
4967	yunita s.	0.624	0.1941	585	0	0	1	0	0	2019	0	0
4968	yunus f.	0.0675	-0.838	586	0	0	3	7	5.7831	2019	2.3333	1.9277
4969	yunus m.	-0.1514	0.6456	587	0	0	1	1	0.8262	2019	1	0.8262
4970	yunus s.	0.0538	-0.8814	588	0	0	2	1	0.8262	2019	0.5	0.4131
4971	yunus z.	0.0926	0.2577	589	0	0	1	1	0.8262	2019	1	0.8262
4972	yusharyahya s.	0.1369	-0.1526	590	0	0	1	0	0	2019	0	0
4973	yusharyahya s.n.	-0.0768	-0.9401	591	0	0	1	1	0.8262	2019	1	0.8262
4974	yusivar f.	-0.295	0.5346	592	0	0	2	0	0	2019	0	0
4975	yusivar i.f.	-0.1891	0.0409	593	0	0	1	0	0	2019	0	0
4976	yusman t.	-0.1526	0.5138	594	0	0	1	1	0.8262	2019	1	0.8262
4977	yusof n.	-0.2229	-0.3515	595	0	0	1	2	1.6523	2019	2	1.6523
4978	yusra r.y.	0.4049	0.5986	21	6	8	2	2	1.6523	2019	1	0.8262
4979	yusra y.	0.0188	-0.4547	596	0	0	2	0	0	2019	0	0
4980	yusro m.	0.0323	-0.25	597	0	0	1	0	0	2019	0	0
4981	"yustinah, hidayat n."	-0.4917	0.3128	598	0	0	1	2	1.6523	2019	2	1.6523
4982	yusuf a.a.	-0.4873	0.5819	599	0	0	1	0	0	2019	0	0
4983	yusuf a.n.a.	0.3057	-0.2242	600	0	0	2	1	0.8262	2019	0.5	0.4131
4984	yusuf f.	0.4133	-0.6393	601	0	0	1	3	2.4785	2019	3	2.4785
4985	yusuf h.	-0.1652	-0.508	602	0	0	1	1	0.8262	2019	1	0.8262
4986	yusuf m.b.	0.7446	-0.1422	603	0	0	2	3	2.4785	2019	1.5	1.2392
4987	yusuf r.	-0.1028	0.0258	604	0	0	1	1	0.8262	2019	1	0.8262
4988	yuwono a.h.	-0.5462	0.0491	605	0	0	10	7	5.7831	2019	0.7	0.5783
4989	yuwono u.	-0.1507	-0.6922	606	0	0	1	2	1.6523	2019	2	1.6523
4990	zacharopoulou l.	0.5707	0.4384	607	0	0	1	1	0.8262	2019	1	0.8262
4991	"zaekhan, nachrowi n.d."	-0.2618	-0.7773	608	0	0	1	1	0.8262	2019	1	0.8262
4992	zagita t.c.	-0.5831	-0.3958	609	0	0	1	0	0	2019	0	0
4993	zagloel t.y.m.	0.0781	0.6464	610	0	0	5	15	12.3924	2019	3	2.4785
4994	zahra a.	0.4832	-0.6131	611	0	0	1	1	0.8262	2019	1	0.8262
4995	zahra n.w.a.	-0.7892	-0.4576	612	0	0	1	0	0	2019	0	0
4996	zahras d.	0.4593	0.8317	613	0	0	1	1	0.8262	2019	1	0.8262
4997	zahrina i.	0.1485	-0.4001	614	0	0	1	0	0	2019	0	0
4998	zainal y.b.	0.7066	-0.6314	615	0	0	1	0	0	2019	0	0
4999	zainuri f.	0.8002	0.5066	616	0	0	1	1	0.8262	2019	1	0.8262
5000	zairinal r.	-0.2796	0.7595	617	0	0	1	0	0	2019	0	0
5001	zakaria h.	-0.087	0.6306	618	0	0	1	0	0	2019	0	0
5002	zara k.	-0.0969	-0.5122	619	0	0	2	0	0	2019	0	0
5003	zaradi d.r.	-0.3751	0.8339	620	0	0	1	0	0	2019	0	0
5004	zavitri n.g.	0.0446	-0.9485	621	0	0	4	0	0	2019	0	0
5005	zein f.a.	-0.5129	-0.4871	622	0	0	1	1	0.8262	2019	1	0.8262
5006	zein u.	-0.3681	0.3488	623	0	0	1	7	5.7831	2019	7	5.7831
5007	zhafirah u.	0.8077	0.3684	624	0	0	1	1	0.8262	2019	1	0.8262
5008	zhang f.	0.0206	0.3009	625	0	0	3	10	8.2616	2019	3.3333	2.7539
5009	zhang j.-j.	0.0928	-0.2097	626	0	0	1	12	9.9139	2019	12	9.9139
5010	zhang k.	-0.6237	-0.4437	627	0	0	1	1	0.8262	2019	1	0.8262
5011	zhang s.	-0.1779	0.7157	628	0	0	2	23	19.0017	2019	11.5	9.5008
5012	zhang y.	0.1796	-0.5346	629	0	0	4	38	31.3941	2019	9.5	7.8485
5013	zheng q.	-0.652	0.4759	630	0	0	1	1	0.8262	2019	1	0.8262
5014	zheng y.	-0.495	-0.0162	631	0	0	1	5	4.1308	2019	5	4.1308
5015	zhou t.	0.7024	-0.1938	632	0	0	1	1	0.8262	2019	1	0.8262
5016	zhu y.-q.	-0.6617	0.6226	633	0	0	1	5	4.1308	2019	5	4.1308
5017	zile m.	0.2138	0.0848	634	0	0	1	7	5.7831	2019	7	5.7831
5018	zile m.r.	-0.3197	0.598	635	0	0	1	22	18.1755	2019	22	18.1755
5019	zomer e.	0.1014	-0.0769	636	0	0	1	6	4.957	2019	6	4.957
5020	"zuardin, wiranto a."	0.1663	0.8434	637	0	0	1	1	0.8262	2019	1	0.8262
5021	zubizarreta e.	-0.1657	0.1699	638	0	0	1	1	0.8262	2019	1	0.8262
5022	zulaehae i.	-0.4597	-0.4596	639	0	0	1	2	1.6523	2019	2	1.6523
5023	"zulfahmi, isnaeni, prajitno p."	-0.2198	0.112	640	0	0	1	0	0	2019	0	0
5024	zulfia a.	-0.0197	0.6154	641	0	0	5	6	4.957	2019	1.2	0.9914
5025	zulfia syahrial a.	0.0449	-0.3156	642	0	0	1	0	0	2019	0	0
5026	zulfikar m.f.	-0.3739	0.1482	643	0	0	1	3	2.4785	2019	3	2.4785
5027	zulkarnaen b.a.	0.1552	-0.4732	644	0	0	1	0	0	2019	0	0
5028	zulkarnain	-0.5998	0.2796	645	0	0	1	3	2.4785	2019	3	2.4785
5029	zulkarnain f.	0.5569	-0.5211	646	0	0	2	1	0.8262	2019	0.5	0.4131
5030	zulkarnain n.	-0.2899	0.9003	647	0	0	1	0	0	2019	0	0
5031	zulkarnain r.	-0.375	0.7128	648	0	0	1	0	0	2019	0	0
5032	"zulkarnain, hasibuan r.g."	0.0704	-0.3848	649	0	0	1	5	4.1308	2019	5	4.1308
5033	"zulkarnain, kawigraha a."	0.3154	-0.5829	650	0	0	1	1	0.8262	2019	1	0.8262
5034	zulkifli f.y.	-0.3377	-0.1327	651	0	0	17	9	7.4354	2019	0.5294	0.4374
5035	zulys a.	-0.4086	0.0062	652	0	0	3	2	1.6523	2019	0.6667	0.5508
5036	ückert s.	0.1813	0.7353	653	0	0	1	1	0.8262	2019	1	0.8262
5037	šlusarczyk b.	-0.7267	-0.3978	654	0	0	1	4	3.3046	2019	4	3.3046
