id	label	x	y	cluster	weight<Links>	weight<Total link strength>	weight<Documents>	weight<Citations>	weight<Norm. citations>	score<Avg. pub. year>	score<Avg. citations>	score<Avg. norm. citations>
16	abdullah s.r.s.	-0.0274	0.0815	10	7	24	2	18	26.5137	2019	9	13.2569
29	adam s.	-0.5123	-0.7572	3	5	5	1	0	0	2019	0	0
54	adni navastara d.	-0.5171	-0.7531	3	2	2	1	1	1.473	2019	1	1.473
56	adzkiya d.	0.6172	0.6952	14	5	5	15	8	11.7839	2019	0.5333	0.7856
76	agustin h.c.k.	-0.786	-0.3183	13	7	15	3	2	2.946	2019	0.6667	0.982
78	agustina f.	0.5239	0.7722	24	5	6	3	5	7.3649	2019	1.6667	2.455
84	ahmad t.	0.8877	-0.2935	19	4	5	19	28	41.2436	2019	1.4737	2.1707
101	akbar r.j.	-0.8947	-0.0215	20	4	4	2	1	1.473	2019	0.5	0.7365
126	al-muttaqii m.	0.6411	0.3112	28	3	12	3	2	2.946	2019	0.6667	0.982
145	ali b.	0.2926	0.8845	21	3	3	1	1	1.473	2019	1	1.473
158	altway a.	-0.1709	0.9148	15	6	6	19	16	23.5678	2019	0.8421	1.2404
172	amir m.f.	-0.012	0.8383	16	7	14	2	8	11.7839	2019	4	5.8919
198	anggono j.	-0.1772	-0.9085	11	10	10	2	8	11.7839	2019	4	5.8919
200	anggoro r.	0.8875	-0.294	19	3	3	5	7	10.3109	2019	1.4	2.0622
206	anggris f.	-0.5124	-0.7574	3	5	5	1	0	0	2019	0	0
226	"antoni, purwaningsih h."	-0.177	-0.9084	11	6	6	1	8	11.7839	2019	8	11.7839
227	antonov v.e.	0.5891	-0.7092	8	8	8	1	9	13.2569	2019	9	13.2569
229	anuar mohamed m.k.	-0.171	-0.7568	22	5	5	2	10	14.7298	2019	5	7.3649
237	aparamarta h.	-0.0132	-0.922	9	9	9	1	1	1.473	2019	1	1.473
255	ardianto b.i.	-0.1712	0.9149	15	4	4	1	0	0	2019	0	0
269	ariatedja j.b.	0.4413	0.8252	26	4	5	2	1	1.473	2019	0.5	0.7365
280	arifin a.z.	-0.5122	-0.7574	3	8	9	12	9	13.2569	2019	0.75	1.1047
295	ariwiyono n.	0.8049	0.4462	7	3	3	1	2	2.946	2019	2	2.946
303	arohman a.w.	0.9024	-0.0023	1	5	10	3	0	0	2019	0	0
309	aruan i.	-0.0133	-0.9216	9	4	4	1	0	0	2019	0	0
330	asrori m.z.	0.4552	0.4736	17	7	14	2	7	10.3109	2019	3.5	5.1554
333	astuti e.r.	-0.5119	-0.7575	3	6	6	5	7	10.3109	2019	1.4	2.0622
355	aziz m.n.	0.8878	-0.2934	19	1	2	2	6	8.8379	2019	3	4.419
365	bagastyo a.y.	0.5239	0.7723	24	5	6	7	12	17.6758	2019	1.7143	2.5251
375	bakar r.a.	0.9018	0.0037	1	7	7	3	2	2.946	2019	0.6667	0.982
383	bartos a.	-0.1773	-0.9086	11	6	6	1	8	11.7839	2019	8	11.7839
402	belgiawan p.f.	0.7125	0.5992	18	6	6	1	15	22.0948	2019	15	22.0948
408	bhaskara gautama i.m.	-0.8946	-0.0217	20	3	3	1	0	0	2019	0	0
410	bhuana d.s.	-0.1707	0.9147	15	4	4	5	2	2.946	2019	0.4	0.5892
412	bijaksana s.	-0.0119	0.8385	16	7	14	3	9	13.2569	2019	3	4.419
416	bintang m.r.	-0.8961	-0.086	34	2	2	1	0	0	2019	0	0
421	bobanto m.d.	-0.0136	-0.9221	9	4	4	1	0	0	2019	0	0
434	budiantara i.n.	-0.1393	0.7087	29	3	12	7	9	13.2569	2019	1.2857	1.8938
438	budiawati g.i.	-0.896	-0.0861	34	3	3	1	1	1.473	2019	1	1.473
466	cahyono b.	0.9019	0.0051	1	3	3	2	3	4.419	2019	1.5	2.2095
471	caro s.	0.8709	0.2543	25	4	5	1	5	7.3649	2019	5	7.3649
485	che yunus m.a.	-0.4548	0.7908	6	4	4	1	4	5.8919	2019	4	5.8919
494	chimayati r.l.	-0.0252	0.0718	10	4	18	3	6	8.8379	2019	2	2.946
510	ciptomulyono u.	0.1492	0.9045	4	3	6	6	9	13.2569	2019	1.5	2.2095
513	cornelius k.	0.1443	0.9054	4	3	3	1	0	0	2019	0	0
518	da silva j.	0.902	-0.0008	1	12	15	1	8	11.7839	2019	8	11.7839
558	denys r.v.	0.5891	-0.709	8	12	13	3	15	22.0948	2019	5	7.3649
561	destio r.	0.1536	-0.9034	5	5	5	1	1	1.473	2019	1	1.473
580	dewi y.s.	0.693	-0.6072	32	1	2	2	1	1.473	2019	0.5	0.7365
596	djanali s.	0.8877	-0.2939	19	4	4	5	3	4.419	2019	0.6	0.8838
623	efendi f.	0.1594	-0.9027	5	3	3	2	5	7.3649	2019	2.5	3.6825
625	effendi m.k.	-0.7856	-0.3193	13	9	48	7	10	14.7298	2019	1.4286	2.1043
674	fachruddin m.i.	0.2927	0.8843	21	3	3	1	1	1.473	2019	1	1.473
687	fadly t.a.	0.4551	0.473	17	7	10	2	5	7.3649	2019	2.5	3.6825
691	fahmi i.	0.1539	-0.9038	5	5	5	1	1	1.473	2019	1	1.473
703	fajar a.	-0.888	-0.0748	2	1	2	2	1	1.473	2019	0.5	0.7365
724	farkas á.e.	-0.1774	-0.9085	11	6	6	1	8	11.7839	2019	8	11.7839
738	fatichah c.	-0.5175	-0.7536	3	2	2	21	12	17.6758	2019	0.5714	0.8417
758	fauziyah n.a.	0.4552	0.4733	17	7	18	5	9	13.2569	2019	1.8	2.6514
767	felayati f.m.	0.902	-0.0024	1	5	5	3	3	4.419	2019	1	1.473
774	fikri m.	-0.8804	-0.0776	2	3	4	1	10	14.7298	2019	10	14.7298
790	firmanto a.	-0.8852	-0.0801	2	5	7	1	1	1.473	2019	1	1.473
799	fitriani n.	0.1536	-0.9037	5	9	10	6	2	2.946	2019	0.3333	0.491
812	gan d.	0.8707	0.2542	25	3	3	1	0	0	2019	0	0
821	gautama b.	-0.8947	-0.0213	20	3	3	1	1	1.473	2019	1	1.473
824	gemardi a.	0.1538	-0.9035	5	5	5	2	1	1.473	2019	0.5	0.7365
841	gorsse s.	0.5891	-0.7094	8	7	7	1	5	7.3649	2019	5	7.3649
851	gunawan i.	0.1446	0.9051	4	8	11	3	4	5.8919	2019	1.3333	1.964
853	gunawan s.	-0.0132	-0.922	9	11	11	10	4	5.8919	2019	0.4	0.5892
862	guzik m.n.	0.589	-0.7092	8	7	7	1	5	7.3649	2019	5	7.3649
865	habibi a.n.	-0.8734	-0.0841	2	2	2	1	2	2.946	2019	2	2.946
882	hajar g.	0.1444	0.9048	4	3	3	1	0	0	2019	0	0
886	hakim l.	-0.8898	-0.0985	12	8	17	4	6	8.8379	2019	1.5	2.2095
896	hamdan a.m.	-0.0117	0.838	16	7	14	2	8	11.7839	2019	4	5.8919
903	hamzah f.	0.8061	0.4456	7	3	3	1	2	2.946	2019	2	2.946
910	handayanu	-0.0251	0.0709	10	5	19	4	7	10.3109	2019	1.75	2.5777
911	"handayanu, mahardhika g.r."	-0.0249	0.0703	10	3	3	1	1	1.473	2019	1	1.473
980	hawashi m.	-0.0132	-0.922	9	9	9	2	1	1.473	2019	0.5	0.7365
993	henrico s.	-0.1771	-0.9087	11	6	6	1	0	0	2019	0	0
1012	hibatullah f.	0.1597	-0.9027	5	4	7	2	1	1.473	2019	0.5	0.7365
1020	hidayat r.	-0.1391	0.7087	29	3	12	3	8	11.7839	2019	2.6667	3.928
1023	hidayat y.a.	-0.5581	-0.5034	30	2	2	1	0	0	2019	0	0
1044	hilmi a.r.	0.455	0.4733	17	7	18	5	9	13.2569	2019	1.8	2.6514
1058	hudandini m.	-0.4536	0.7947	6	6	6	1	0	0	2019	0	0
1065	husodo a.w.	0.8045	0.4454	7	3	3	1	2	2.946	2019	2	2.946
1069	hutabarat d.	-0.8997	0.2705	27	3	3	1	1	1.473	2019	1	1.473
1072	hutomo h.	-0.8997	0.2704	27	3	3	1	1	1.473	2019	1	1.473
1091	ikhwan m.	0.6172	0.6953	14	7	7	2	2	2.946	2019	1	1.473
1105	imron m.f.	-0.0268	0.0818	10	7	47	7	51	75.1222	2019	7.2857	10.7317
1110	indarti r.	0.8047	0.4458	7	3	3	2	2	2.946	2019	1	1.473
1114	indraswari r.	-0.5121	-0.7574	3	8	9	6	6	8.8379	2019	1	1.473
1165	ismail m.z.	-0.1709	-0.7572	22	5	5	1	7	10.3109	2019	7	10.3109
1166	ismail n.‘.	-0.0263	0.0817	10	7	24	2	18	26.5137	2019	9	13.2569
1168	ismail z.	-0.1711	-0.757	22	5	5	1	0	0	2019	0	0
1171	isnadina d.r.m.	0.1535	-0.9037	5	7	7	1	1	1.473	2019	1	1.473
1187	jaelani l.m.	0.1442	0.9051	4	3	3	7	8	11.7839	2019	1.1429	1.6834
1202	jawaid m.	0.4546	0.4732	17	6	6	1	2	2.946	2019	2	2.946
1210	jiang d.	-0.4537	0.7952	6	6	6	1	0	0	2019	0	0
1215	johanes r.	-0.89	-0.0997	12	7	15	1	8	11.7839	2019	8	11.7839
1216	jokonowo b.	-0.8934	-0.0282	20	3	5	2	1	1.473	2019	0.5	0.7365
1221	julianto e.	0.8054	0.4463	7	3	3	3	3	4.419	2019	1	1.473
1226	juniani a.i.	0.8046	0.4449	7	3	3	2	2	2.946	2019	1	1.473
1228	jupri m.	-0.8776	-0.0768	2	5	7	1	1	1.473	2019	1	1.473
1234	kaelani y.	0.4414	0.825	26	2	2	1	1	1.473	2019	1	1.473
1280	khotimah d.a.k.	-0.8857	-0.0804	2	4	5	1	3	4.419	2019	3	4.419
1318	kurita t.	-0.5119	-0.7576	3	6	6	3	4	5.8919	2019	1.3333	1.964
1340	kurniawan s.b.	-0.0268	0.0815	10	7	51	9	57	83.9601	2019	6.3333	9.3289
1341	kurniawansyah f.	0.641	0.3114	28	3	12	9	2	2.946	2019	0.2222	0.3273
1349	kusdianto k.	-0.4527	0.7948	6	11	23	4	11	16.2028	2019	2.75	4.0507
1357	kusuma h.s.	-0.1709	0.9148	15	6	6	11	23	33.8787	2019	2.0909	3.0799
1362	kusuma t.c.	-0.4531	0.7956	6	6	6	1	0	0	2019	0	0
1379	kuswanto h.	0.1605	-0.9025	5	6	11	24	12	17.6758	2019	0.5	0.7365
1383	laga s.a.	-0.8763	-0.0732	2	3	3	1	0	0	2019	0	0
1416	lesmana y.	0.6253	-0.0014	33	1	2	3	1	1.473	2019	0.3333	0.491
1433	limphirat w.	-0.7891	0.4994	23	4	4	1	3	4.419	2019	3	4.419
1437	lin c.j.	0.7128	0.5996	18	6	9	2	22	32.4057	2019	11	16.2028
1452	lukitadi p.p.s.	0.806	0.4447	7	3	3	1	2	2.946	2019	2	2.946
1460	ma'sum z.	-0.171	0.9148	15	7	8	2	1	1.473	2019	0.5	0.7365
1461	maarif g.a.	0.1488	0.9044	4	7	10	1	7	10.3109	2019	7	10.3109
1465	machmudah s.	-0.4537	0.793	6	14	24	10	18	26.5137	2019	1.8	2.6514
1468	madhania s.	-0.4525	0.7941	6	6	6	3	3	4.419	2019	1	1.473
1475	maftuhah d.i.	0.1469	0.9048	4	5	6	3	1	1.473	2019	0.3333	0.491
1482	mahardika m.n.	-0.8774	-0.0765	2	2	2	1	1	1.473	2019	1	1.473
1486	mahfud m.	-0.1709	0.9147	15	7	8	15	10	14.7298	2019	0.6667	0.982
1516	mardianto l.	0.617	0.6952	14	5	5	3	3	4.419	2019	1	1.473
1519	mardlijah m.	0.6171	0.6954	14	4	4	1	0	0	2019	0	0
1525	"mardlijah, zhai g."	0.6171	0.6954	14	5	5	1	2	2.946	2019	2	2.946
1533	mariyanto m.	-0.0114	0.8382	16	7	14	3	9	13.2569	2019	3	4.419
1549	mashuri m.	0.455	0.4736	17	7	14	11	10	14.7298	2019	0.9091	1.3391
1553	masinambow v.a.j.	-0.0135	-0.9223	9	4	4	1	0	0	2019	0	0
1595	miraja b.a.	0.7128	0.5991	18	7	9	2	23	33.8787	2019	11.5	16.9393
1608	mohamed m.k.a.	-0.1709	-0.7569	22	5	5	1	0	0	2019	0	0
1610	mohammad a.m.	-0.5122	-0.7572	3	5	5	1	0	0	2019	0	0
1619	mubarok r.	0.1615	-0.9024	5	2	3	2	1	1.473	2019	0.5	0.7365
1622	muchlisin z.a.	0.6171	0.6951	14	4	4	1	0	0	2019	0	0
1630	mufarrih a.m.	-0.7852	-0.3186	13	8	15	1	8	11.7839	2019	8	11.7839
1646	mujaddid g.r.a.	0.5239	0.7724	24	3	3	1	0	0	2019	0	0
1664	mulyana i.j.	0.1447	0.9054	4	3	3	2	1	1.473	2019	0.5	0.7365
1711	"musyarofah, lestari n.d."	-0.7892	0.4994	23	3	3	1	4	5.8919	2019	4	5.8919
1713	"musyarofah, soontaranon s."	-0.7892	0.4996	23	4	4	1	3	4.419	2019	3	4.419
1721	muwwaqor n.f.	-0.7891	0.4995	23	3	3	1	4	5.8919	2019	4	5.8919
1725	móczó j.	-0.177	-0.9085	11	6	6	1	8	11.7839	2019	8	11.7839
1726	mølmen l.	0.5888	-0.709	8	7	7	1	5	7.3649	2019	5	7.3649
1736	nadlifatin r.	0.7127	0.5989	18	5	5	2	8	11.7839	2019	4	5.8919
1761	naufal a.	0.1594	-0.9028	5	3	3	1	4	5.8919	2019	4	5.8919
1766	navastara d.a.	-0.5121	-0.7572	3	5	5	6	4	5.8919	2019	0.6667	0.982
1773	nei j.	0.5892	-0.7087	8	7	7	1	5	7.3649	2019	5	7.3649
1793	ningsih d.a.	0.1535	-0.9038	5	9	10	5	15	22.0948	2019	3	4.419
1807	norcahyo r.	-0.7863	-0.3197	13	9	54	11	21	30.9327	2019	1.9091	2.8121
1841	nurahmi l.	0.8708	0.2542	25	4	7	4	6	8.8379	2019	1.5	2.2095
1854	nurhayati e.	0.5239	0.7723	24	5	5	1	3	4.419	2019	3	4.419
1858	nurifan f.	-0.8851	-0.0796	2	4	6	1	1	1.473	2019	1	1.473
1866	nurlaila r.	-0.7891	0.4996	23	3	3	1	4	5.8919	2019	4	5.8919
1880	nurtono t.	-0.4527	0.795	6	11	19	5	9	13.2569	2019	1.8	2.6514
1884	nurul khotimah w.	-0.5172	-0.7535	3	2	2	1	1	1.473	2019	1	1.473
1886	nurullah f.p.	-0.7854	-0.3202	13	8	14	2	3	4.419	2019	1.5	2.2095
1908	ohwada h.	0.1615	-0.9024	5	2	2	2	1	1.473	2019	0.5	0.7365
1922	otok b.w.	-0.1392	0.7086	29	3	12	9	9	13.2569	2019	1	1.473
1925	pakusadewa p.g.	-0.8708	-0.0897	2	1	1	1	0	0	2019	0	0
1939	pamungkas k.n.p.	0.8875	-0.2938	19	4	4	1	0	0	2019	0	0
1955	patel j.	-0.1774	-0.9087	11	6	6	1	0	0	2019	0	0
1967	persada s.f.	0.7127	0.5992	18	7	9	7	23	33.8787	2019	3.2857	4.8398
1999	prajitno d.h.	0.6411	0.3114	28	3	12	6	3	4.419	2019	0.5	0.7365
2011	pramujati b.	-0.7859	-0.3199	13	9	45	8	20	29.4597	2019	2.5	3.6825
2016	prasetiyo y.	0.9019	0.0046	1	10	10	1	0	0	2019	0	0
2029	prasetyo y.t.	0.7127	0.5994	18	7	13	3	37	54.5004	2019	12.3333	18.1668
2037	prastyasari f.i.	0.2926	0.8843	21	3	3	3	1	1.473	2019	0.3333	0.491
2039	pratama a.	-0.0117	0.8386	16	7	14	2	8	11.7839	2019	4	5.8919
2050	pratapa s.	0.4549	0.4735	17	7	18	16	14	20.6218	2019	0.875	1.2889
2052	pratikno h.	-0.0249	0.071	10	5	20	7	8	11.7839	2019	1.1429	1.6834
2073	priambodo b.	-0.8935	-0.0281	20	3	3	1	1	1.473	2019	1	1.473
2090	priyantina r.a.	-0.8833	-0.079	2	5	7	1	3	4.419	2019	3	4.419
2103	pukánszky b.	-0.1773	-0.9083	11	6	6	1	8	11.7839	2019	8	11.7839
2111	"purhadi, sutikno, purnami s.w."	0.6931	-0.6073	32	1	2	2	1	1.473	2019	0.5	0.7365
2133	purwadi r.	-0.0131	-0.9224	9	4	4	1	0	0	2019	0	0
2136	purwaningsih h.	-0.1775	-0.9084	11	6	6	8	5	7.3649	2019	0.625	0.9206
2139	purwanti i.f.	-0.0264	0.0789	10	10	55	8	33	48.6085	2019	4.125	6.0761
2141	purwanto d.	-0.8997	0.2705	27	4	5	8	5	7.3649	2019	0.625	0.9206
2166	putra a.b.k.	0.9017	-0.0008	1	12	15	3	9	13.2569	2019	3	4.419
2179	putra n.r.	-0.4548	0.7909	6	4	5	2	5	7.3649	2019	2.5	3.6825
2205	putro b.j.	0.8709	0.2541	25	3	3	1	0	0	2019	0	0
2243	rahayu s.p.	0.2926	0.8843	21	5	5	4	5	7.3649	2019	1.25	1.8412
2262	rahmat m.n.	-0.452	0.7943	6	6	6	1	0	0	2019	0	0
2269	rahmawati d.	-0.8713	-0.0894	2	4	6	4	2	2.946	2019	0.5	0.7365
2275	raitubu n.	-0.8905	-0.0989	12	5	7	1	0	0	2019	0	0
2299	ramli m.	0.617	0.6953	14	4	4	1	0	0	2019	0	0
2311	ratnasari v.	-0.1392	0.7088	29	3	12	10	13	19.1488	2019	1.3	1.9149
2314	razi m.a.	-0.889	-0.0994	12	5	7	1	0	0	2019	0	0
2316	redi a.p.	0.713	0.5992	18	6	6	1	15	22.0948	2019	15	22.0948
2359	rivai m.	-0.8996	0.2705	27	4	5	15	8	11.7839	2019	0.5333	0.7856
2366	rizal s.	0.6172	0.6952	14	4	4	1	0	0	2019	0	0
2374	robbany f.	-0.7867	-0.3193	13	8	14	2	4	5.8919	2019	2	2.946
2377	rochimah s.	-0.8941	-0.025	20	6	8	11	6	8.8379	2019	0.5455	0.8034
2378	rochimahx s.	-0.8947	-0.0216	20	3	3	1	0	0	2019	0	0
2387	roesyadi a.	0.6409	0.3113	28	3	12	12	4	5.8919	2019	0.3333	0.491
2391	rofiif a.n.	-0.8906	-0.0995	12	5	7	1	0	0	2019	0	0
2398	rohman m.a.	-0.5581	-0.5034	30	2	2	4	6	8.8379	2019	1.5	2.2095
2407	rosid	0.9016	-0.0025	1	5	5	2	0	0	2019	0	0
2408	"rosid, krisandika i.s."	0.9018	-0.0021	1	5	5	1	0	0	2019	0	0
2418	rouf n.a.	0.5238	0.7723	24	3	3	1	0	0	2019	0	0
2420	rozita	0.8876	-0.2939	19	3	3	1	1	1.473	2019	1	1.473
2429	rupajati p.	-0.7847	-0.3197	13	7	15	1	2	2.946	2019	2	2.946
2450	sadjab b.a.	-0.0128	-0.9219	9	4	4	1	0	0	2019	0	0
2469	sakti c.y.	-0.8718	-0.0876	2	3	3	1	0	0	2019	0	0
2470	sakti g.	0.8062	0.4451	7	3	3	2	1	1.473	2019	0.5	0.7365
2483	salleh m.z.	-0.171	-0.757	22	6	8	3	10	14.7298	2019	3.3333	4.9099
2501	sangian h.f.	-0.0129	-0.9222	9	4	4	2	0	0	2019	0	0
2512	santoso a.	0.9019	0.0091	1	6	7	3	2	2.946	2019	0.6667	0.982
2516	santoso f.r.e.	0.1538	-0.9037	5	5	5	1	1	1.473	2019	1	1.473
2518	santoso m.	0.8055	0.4446	7	3	3	4	4	5.8919	2019	1	1.473
2557	sarno r.	-0.8841	-0.0798	2	31	89	56	73	107.5279	2019	1.3036	1.9201
2558	sarwito s.	0.9018	0.017	1	5	8	3	3	4.419	2019	1	1.473
2560	sasaki k.	0.4412	0.8252	26	2	2	1	1	1.473	2019	1	1.473
2578	semin	0.9018	0.0047	1	10	10	2	0	0	2019	0	0
2579	"semin, cahyono b."	0.9013	-0.0022	1	5	5	3	1	1.473	2019	0.3333	0.491
2581	"semin, felayati f.m."	0.9018	0.0052	1	3	3	2	3	4.419	2019	1.5	2.2095
2583	"semin, octaviani n.s."	0.9018	0.011	1	2	2	1	1	1.473	2019	1	1.473
2584	"semin, zaman b."	0.9017	0.0171	1	3	3	1	0	0	2019	0	0
2585	"semin, zaman m.b."	0.9018	0.0133	1	11	14	4	7	10.3109	2019	1.75	2.5777
2604	setiawan p.a.	0.8053	0.4454	7	13	19	4	11	16.2028	2019	2.75	4.0507
2617	setiyawan a.	0.9019	-0.0008	1	12	15	4	13	19.1488	2019	3.25	4.7872
2634	sewucipto s.	-0.1771	-0.9084	11	6	6	1	0	0	2019	0	0
2639	shani a.h.m.	-0.8896	-0.0969	12	3	3	1	0	0	2019	0	0
2645	shimada m.	-0.4528	0.7951	6	11	19	2	6	8.8379	2019	3	4.419
2659	sidik f.	0.524	0.7722	24	3	3	1	0	0	2019	0	0
2666	simanjuntak d.y.	-0.0275	0.0826	10	5	8	1	4	5.8919	2019	4	5.8919
2678	siswantoro n.	0.9019	0.0111	1	2	2	1	1	1.473	2019	1	1.473
2689	"soedibjo, ghazali k.h."	0.9019	0.0171	1	3	3	1	0	0	2019	0	0
2690	soedibyo	0.9018	0.0174	1	5	6	1	2	2.946	2019	2	2.946
2695	"soedibyo, ramadhan t.s."	0.9018	0.0172	1	3	3	1	1	1.473	2019	1	1.473
2697	soedjono e.	0.1537	-0.904	5	5	5	3	1	1.473	2019	0.3333	0.491
2698	soedjono e.s.	0.1568	-0.9031	5	11	14	6	2	2.946	2019	0.3333	0.491
2700	soegiarso r.	0.5779	0.0872	31	2	4	2	3	4.419	2019	1.5	2.2095
2708	soepangkat b.o.p.	-0.7861	-0.3192	13	9	54	12	21	30.9327	2019	1.75	2.5777
2710	soeprijanto a.	0.149	0.9047	4	3	3	10	5	7.3649	2019	0.5	0.7365
2719	solichin m.	0.8708	0.2541	25	4	6	2	5	7.3649	2019	2.5	3.6825
2723	soon j.m.	0.1488	0.9043	4	7	10	2	13	19.1488	2019	6.5	9.5744
2726	sophia g.	-0.8736	-0.0844	2	6	10	2	7	10.3109	2019	3.5	5.1554
2728	so’im s.	0.805	0.4446	7	3	3	1	2	2.946	2019	2	2.946
2732	stephanie c.	-0.8733	-0.0842	2	2	2	1	0	0	2019	0	0
2735	steven j.	0.6779	-0.3166	35	0	0	1	0	0	2019	0	0
2736	studiawan h.	-0.4946	0.6628	36	0	0	1	0	0	2019	0	0
2737	stumpf a.	0.2626	0.4866	37	0	0	1	4	5.8919	2019	4	5.8919
2738	suari n.m.i.p.	0.2795	-0.3359	38	0	0	1	2	2.946	2019	2	2.946
2739	suarso e.	0.3549	-0.3183	39	0	0	1	0	0	2019	0	0
2740	suasmoro s.	-0.1841	-0.0431	40	0	0	3	3	4.419	2019	1	1.473
2741	"suasmoro, darminto, kawamata t."	-0.5904	-0.0253	41	0	0	1	0	0	2019	0	0
2742	suastika i.k.	-0.6156	-0.6701	42	0	0	1	1	1.473	2019	1	1.473
2743	suastika k.	0.1541	-0.2289	43	0	0	1	0	0	2019	0	0
2744	subadi i.	-0.4044	-0.3627	44	0	0	1	0	0	2019	0	0
2745	"subaer, kusumawati y."	0.798	0.2046	45	0	0	1	0	0	2019	0	0
2746	"subaer, supriadi w."	0.4882	0.185	46	0	0	1	1	1.473	2019	1	1.473
2747	subagio i.b.	-0.4501	0.6507	47	0	0	1	0	0	2019	0	0
2748	subagyo b.a.	0.6328	0.1733	48	0	0	1	0	0	2019	0	0
2749	"subanar, suhartono, utami h."	0.0289	0.4943	49	0	0	1	1	1.473	2019	1	1.473
2750	"subanar, utami h."	-0.6242	0.6661	50	0	0	1	2	2.946	2019	2	2.946
2751	subandri m.a.	-0.7477	0.5828	51	0	0	1	1	1.473	2019	1	1.473
2752	subchan	0.1274	-0.7538	52	0	0	1	1	1.473	2019	1	1.473
2753	subchan s.	-0.629	-0.7033	53	0	0	1	0	0	2019	0	0
2754	"subchan, adzkiya d."	0.2175	-0.2821	54	0	0	1	0	0	2019	0	0
2755	"subchan, fitria i."	0.4522	0.7433	55	0	0	1	1	1.473	2019	1	1.473
2756	"subchan, pratama a.p."	0.7499	0.5352	56	0	0	1	0	0	2019	0	0
2757	"subchan, priyatno putra f."	-0.7506	-0.4307	57	0	0	1	0	0	2019	0	0
2758	subekti p.	0.1892	-0.1645	58	0	0	1	9	13.2569	2019	9	13.2569
2759	subekti s.	0.8972	0.1656	59	0	0	1	0	0	2019	0	0
2760	subhan a.	-0.655	0.0933	60	0	0	2	2	2.946	2019	1	1.473
2761	subiono	-0.3559	0.8757	61	0	0	1	0	0	2019	0	0
2762	subiyanto l.	0.9067	0.2953	62	0	0	3	0	0	2019	0	0
2763	subramonian s.	0.7165	-0.5605	63	0	0	1	0	0	2019	0	0
2764	subriadi a.p.	0.663	-0.1913	64	0	0	9	1	1.473	2019	0.1111	0.1637
2765	suci p.s.	-0.0638	-0.8112	65	0	0	1	1	1.473	2019	1	1.473
2766	suciati n.	-0.5164	-0.7539	3	15	16	7	8	11.7839	2019	1.1429	1.6834
2767	suciptawati n.l.p.	-0.0554	-0.635	66	0	0	1	0	0	2019	0	0
2768	sucipto t.h.	-0.1998	-0.1936	67	0	0	1	0	0	2019	0	0
2769	sudarma e.	0.6918	-0.5179	68	0	0	1	0	0	2019	0	0
2770	sudarmanta b.	0.9019	-0.0012	1	14	24	15	19	27.9867	2019	1.2667	1.8658
2771	sudarningsih s.	-0.0116	0.8382	16	7	14	2	8	11.7839	2019	4	5.8919
2772	"sudarningsih, kirana k.h."	-0.5471	-0.6094	69	0	0	1	4	5.8919	2019	4	5.8919
2773	sudarsana i.k.	0.8259	-0.3851	70	0	0	1	0	0	2019	0	0
2774	"sudarsono, anggoro d."	0.8182	-0.4783	71	0	0	1	0	0	2019	0	0
2775	"sudarsono, fatimah i."	0.5455	-0.1404	72	0	0	1	0	0	2019	0	0
2776	"sudarsono, gatut y."	0.2649	0.2681	73	0	0	1	1	1.473	2019	1	1.473
2777	"sudarsono, puspitasari n."	-0.0991	0.9433	74	0	0	2	1	1.473	2019	0.5	0.7365
2778	sudiarno a.	-0.3643	-0.8769	75	0	0	3	0	0	2019	0	0
2779	sudiarti y.	0.5836	-0.5826	76	0	0	2	0	0	2019	0	0
2780	sudiasih l.g.m.p.	-0.5844	0.3052	77	0	0	1	0	0	2019	0	0
2781	sudibyo r.m.	-0.4515	-0.0617	78	0	0	1	0	0	2019	0	0
2782	"sudiyono, subekti a."	0.8058	0.446	7	3	3	1	2	2.946	2019	2	2.946
2783	sudrajat d.	0.3644	-0.047	79	0	0	2	18	26.5137	2019	9	13.2569
2784	suef m.	-0.3836	0.4953	80	0	0	5	0	0	2019	0	0
2785	sugiarso d.	0.4809	-0.8168	81	0	0	1	1	1.473	2019	1	1.473
2786	sugiarto i.	0.8711	-0.3625	82	0	0	1	0	0	2019	0	0
2787	sugiarto k.	0.5743	0.7509	83	0	0	1	1	1.473	2019	1	1.473
2788	sugihardjo h.	0.6252	-0.0013	33	1	2	4	1	1.473	2019	0.25	0.3682
2789	"sugiono, sari g.i.p."	-0.6494	-0.0646	84	0	0	1	0	0	2019	0	0
2790	sugiyantoro b.	-0.78	0.1857	85	0	0	1	0	0	2019	0	0
2791	sugondo s.	-0.1771	-0.9083	11	6	6	1	0	0	2019	0	0
2792	suhairi m.	0.8045	-0.5013	86	0	0	1	0	0	2019	0	0
2793	suhardjito g.	-0.3763	0.6606	87	0	0	1	2	2.946	2019	2	2.946
2794	"suhardjono, effendi m.k."	0.346	-0.693	88	0	0	2	7	10.3109	2019	3.5	5.1554
2795	"suhardjono, norcahyo r."	0.3399	-0.3888	89	0	0	1	0	0	2019	0	0
2796	"suhardjono, sampurno"	-0.407	0.0887	90	0	0	1	0	0	2019	0	0
2797	"suhardjono, sampurno, effendi m.k."	-0.4541	0.3603	91	0	0	1	0	0	2019	0	0
2798	"suhardjono, sutikno, sampurno"	0.7262	-0.4832	92	0	0	1	0	0	2019	0	0
2799	suhariningsih	0.857	0.1774	93	0	0	1	7	10.3109	2019	7	10.3109
2800	suhariningsih s.	0.7696	-0.4939	94	0	0	1	1	1.473	2019	1	1.473
2801	suharsono a.	-0.2516	0.588	95	0	0	2	0	0	2019	0	0
2802	suharto a.	0.3901	0.0177	96	0	0	2	0	0	2019	0	0
2803	suharto t.i.	0.0623	-0.6501	97	0	0	1	0	0	2019	0	0
2804	suhartono	-0.8965	-0.3136	98	0	0	7	2	2.946	2019	0.2857	0.4209
2805	suhartono s.	0.4741	-0.7381	99	0	0	1	7	10.3109	2019	7	10.3109
2806	"suhartono, ashari d.e."	0.2437	0.0588	100	0	0	1	0	0	2019	0	0
2807	"suhartono, atok r.m."	0.0327	0.3984	101	0	0	1	0	0	2019	0	0
2808	"suhartono, dana i.m.g.m."	0.4102	0.26	102	0	0	1	3	4.419	2019	3	4.419
2809	"suhartono, fam s.-f."	-0.3163	-0.8913	103	0	0	1	1	1.473	2019	1	1.473
2810	"suhartono, ferawati k."	-0.372	-0.8123	104	0	0	1	0	0	2019	0	0
2811	"suhartono, latif m.t."	-0.1193	0.6025	105	0	0	1	0	0	2019	0	0
2812	"suhartono, lee m.h."	0.8106	-0.252	106	0	0	2	11	16.2028	2019	5.5	8.1014
2813	"suhartono, maghfiroh b."	-0.7203	-0.6136	107	0	0	1	2	2.946	2019	2	2.946
2814	"suhartono, permata r.p."	0.2927	0.8844	21	5	5	1	0	0	2019	0	0
2815	"suhartono, prabowo h."	-0.5686	0.3722	108	0	0	2	0	0	2019	0	0
2816	"suhartono, prastyo d.d."	0.3446	0.2419	109	0	0	3	0	0	2019	0	0
2817	"suhartono, rahayu s.p."	0.2928	0.8843	21	3	3	1	1	1.473	2019	1	1.473
2818	"suhartono, setyowati e."	-0.9247	0.1921	110	0	0	1	0	0	2019	0	0
2819	"suharyanto, wijayanti n."	0.5914	-0.1974	111	0	0	1	0	0	2019	0	0
2820	"suherman, purnawan p.w."	-0.755	-0.5742	112	0	0	1	1	1.473	2019	1	1.473
2821	suhermi n.	0.2927	0.8844	21	6	6	3	10	14.7298	2019	3.3333	4.9099
2822	"sujantoko, supomo h."	0.1738	-0.7106	113	0	0	1	0	0	2019	0	0
2823	sujiatanti s.h.	-0.332	0.8228	114	0	0	3	0	0	2019	0	0
2824	sujinah s.	0.4353	-0.8413	115	0	0	1	1	1.473	2019	1	1.473
2825	sujono h.a.	0.741	-0.155	116	0	0	1	2	2.946	2019	2	2.946
2826	"sujono, sirait r."	0.2878	-0.7819	117	0	0	1	0	0	2019	0	0
2827	sukandar e.r.	0.1262	0.2982	118	0	0	1	3	4.419	2019	3	4.419
2828	sukaridhoto s.	0.378	0.8654	119	0	0	1	0	0	2019	0	0
2829	"sukisno, singgih m.l."	0.0451	-0.821	120	0	0	1	0	0	2019	0	0
2830	sukma a.	0.2402	-0.6178	121	0	0	1	0	0	2019	0	0
2831	sukma kurniawan p.	-0.0993	0.8777	122	0	0	1	1	1.473	2019	1	1.473
2832	sukma lutiawan t.n.a.	0.1303	-0.4647	123	0	0	1	0	0	2019	0	0
2833	sukmana n.c.	-0.2426	0.2221	124	0	0	1	2	2.946	2019	2	2.946
2834	sukmaputri e.	-0.2053	0.826	125	0	0	1	0	0	2019	0	0
2835	sukmono r.a.	0.4801	0.6585	126	0	0	1	0	0	2019	0	0
2836	sukoco a.	-0.3368	0.6933	127	0	0	2	0	0	2019	0	0
2837	sukoco d.	0.5439	0.2639	128	0	0	1	0	0	2019	0	0
2838	sukojo b.m.	0.4864	-0.6064	129	0	0	4	1	1.473	2019	0.25	0.3682
2839	sukorini a.	-0.3162	0.1937	130	0	0	1	0	0	2019	0	0
2840	"sukoso, zulhafizh m."	0.149	0.9041	4	3	3	1	0	0	2019	0	0
2841	sukrisdyanto o.d.	-0.3303	-0.7319	131	0	0	1	0	0	2019	0	0
2842	sukrisna hutauruk d.	0.4502	0.0542	132	0	0	1	3	4.419	2019	3	4.419
2843	sulaiman m.y.	-0.8526	-0.4168	133	0	0	1	0	0	2019	0	0
2844	sulaiman n.	-0.5801	-0.2517	134	0	0	1	0	0	2019	0	0
2845	sulaiman s.	0.5225	0.6971	135	0	0	1	0	0	2019	0	0
2846	sulandari w.	-0.6988	-0.4868	136	0	0	2	3	4.419	2019	1.5	2.2095
2847	sulistijono i.a.	0.466	-0.4232	137	0	0	2	0	0	2019	0	0
2848	sulistiono d.o.	-0.0601	0.6489	138	0	0	2	0	0	2019	0	0
2849	sulistiyani e.	-0.0021	0.6548	139	0	0	1	0	0	2019	0	0
2850	sulistiyowati i.	-0.2939	-0.9013	140	0	0	1	0	0	2019	0	0
2851	sulistyani i.	0.3059	-0.5943	141	0	0	1	0	0	2019	0	0
2852	sulistyaningrum d.r.	-0.5889	0.1029	142	0	0	3	1	1.473	2019	0.3333	0.491
2853	sulistyowati t.	0.3984	-0.4396	143	0	0	1	0	0	2019	0	0
2854	sulong a.b.	0.783	-0.3496	144	0	0	1	0	0	2019	0	0
2855	sulthonul m.	0.769	-0.395	145	0	0	1	3	4.419	2019	3	4.419
2856	sumada k.	-0.7362	0.5497	146	0	0	1	0	0	2019	0	0
2857	sumadhijono p.a.	-0.7992	-0.5112	147	0	0	1	0	0	2019	0	0
2858	sumarminingsih e.	0.1998	0.2187	148	0	0	1	0	0	2019	0	0
2859	sumarno	-0.1014	0.325	149	0	0	4	4	5.8919	2019	1	1.473
2860	"sumarno, bramantyo a."	0.3548	0.7329	150	0	0	1	0	0	2019	0	0
2861	"sumarno, dzawilhijjah u."	-0.537	-0.2911	151	0	0	1	0	0	2019	0	0
2862	"sumarno, megawati, kaavessina m."	0.8548	-0.4083	152	0	0	1	0	0	2019	0	0
2863	sumartono e.	-0.7043	0.524	153	0	0	1	9	13.2569	2019	9	13.2569
2864	sumaryanto	-0.0501	0.9288	154	0	0	1	0	0	2019	0	0
2865	suminar p.	0.5464	-0.328	155	0	0	2	1	1.473	2019	0.5	0.7365
2866	"sumitro, prabowo sutjiatmo b."	0.3075	-0.8495	156	0	0	1	1	1.473	2019	1	1.473
2867	sumpeno s.	-0.5512	0.7184	157	0	0	9	0	0	2019	0	0
2868	sunarno h.	-0.5325	-0.3549	158	0	0	2	1	1.473	2019	0.5	0.7365
2869	"sunarsini, gusti ngurah rai usadha i."	0.411	-0.371	159	0	0	1	0	0	2019	0	0
2870	"sunarsini, yunus m."	-0.5138	-0.5753	160	0	0	1	0	0	2019	0	0
2871	sunarti e.t.	-0.6472	0.2843	161	0	0	1	0	0	2019	0	0
2872	sunaryono d.	-0.8898	-0.0996	12	7	15	2	12	17.6758	2019	6	8.8379
2873	"sunaryono, hidayat n."	0.0768	-0.341	162	0	0	1	0	0	2019	0	0
2874	"sunaryono, saputra k."	-0.4257	0.2243	163	0	0	1	0	0	2019	0	0
2875	"sunaryono, saputro r.e."	-0.6437	-0.5674	164	0	0	1	1	1.473	2019	1	1.473
2876	sungkono	0.2366	0.8048	165	0	0	2	2	2.946	2019	1	1.473
2877	sungkono k.r.	-0.8872	-0.0937	12	16	58	22	22	32.4057	2019	1	1.473
2878	suntoro a.	-0.2037	-0.4116	166	0	0	1	0	0	2019	0	0
2879	suntoyo	0.7018	-0.6423	167	0	0	1	0	0	2019	0	0
2880	suntoyo s.	0.3543	0.6379	168	0	0	1	0	0	2019	0	0
2881	sunusi r.	-0.079	0.2665	169	0	0	1	0	0	2019	0	0
2882	supanun l.	0.7063	-0.4063	170	0	0	1	1	1.473	2019	1	1.473
2883	supardi s.	-0.6772	0.6648	171	0	0	1	0	0	2019	0	0
2884	suparno s.	0.0142	-0.2968	172	0	0	1	4	5.8919	2019	4	5.8919
2885	"suparno, jannah z."	-0.3383	-0.2528	173	0	0	1	0	0	2019	0	0
2886	"suparno, pujawan i.n."	0.7461	-0.1018	174	0	0	1	2	2.946	2019	2	2.946
2887	"suparno, vanany i."	-0.5343	0.6814	175	0	0	2	0	0	2019	0	0
2888	suparta w.	-0.3608	0.2525	176	0	0	1	0	0	2019	0	0
2889	suparti	0.0768	0.5457	177	0	0	1	0	0	2019	0	0
2890	supomo h.	-0.0616	-0.6988	178	0	0	2	2	2.946	2019	1	1.473
2891	supoyo v.a.	0.2342	-0.7418	179	0	0	2	4	5.8919	2019	2	2.946
2892	suprapto s.	0.7379	0.1983	180	0	0	5	3	4.419	2019	0.6	0.8838
2893	suprapto y.	0.5403	0.3411	181	0	0	1	0	0	2019	0	0
2894	suprapto y.k.	-0.902	-0.2706	182	0	0	10	1	1.473	2019	0.1	0.1473
2895	"suprapto, humaidah n."	-0.8054	0.2363	183	0	0	2	6	8.8379	2019	3	4.419
2896	"suprapto, kurniawansyah f."	0.52	-0.2078	184	0	0	1	0	0	2019	0	0
2897	"suprapto, roesyadi a."	0.7351	0.3303	185	0	0	1	0	0	2019	0	0
2898	suprayitno h.	0.6753	0.6574	186	0	0	3	0	0	2019	0	0
2899	suprayitno i.j.	0.4599	-0.7882	187	0	0	1	0	0	2019	0	0
2900	supriatna a.	-0.6356	0.7007	188	0	0	1	0	0	2019	0	0
2901	suprih ulama b.s.	0.6446	-0.4923	189	0	0	1	1	1.473	2019	1	1.473
2902	supriyadi m.d.b.s.	-0.7036	0.5732	190	0	0	1	0	0	2019	0	0
2903	supriyanto c.	-0.7103	0.4768	191	0	0	1	0	0	2019	0	0
2904	supriyanto g.	-0.1931	0.1753	192	0	0	1	3	4.419	2019	3	4.419
2905	supriyanto h.	0.6689	0.1002	193	0	0	3	0	0	2019	0	0
2906	supriyatno d.	0.2789	0.7967	194	0	0	1	0	0	2019	0	0
2907	suprobo p.	-0.8646	0.3935	195	0	0	4	4	5.8919	2019	1	1.473
2908	surjanto s.d.	-0.7146	0.6233	196	0	0	1	0	0	2019	0	0
2909	surtikanti h.k.	0.0854	-0.7799	197	0	0	1	11	16.2028	2019	11	16.2028
2910	surya s.	-0.336	-0.4744	198	0	0	1	9	13.2569	2019	9	13.2569
2911	suryadi o.	0.5527	0.5619	199	0	0	1	1	1.473	2019	1	1.473
2912	suryadi s.	-0.7191	0.209	200	0	0	1	0	0	2019	0	0
2913	suryani e.	0.6656	-0.5578	201	0	0	12	6	8.8379	2019	0.5	0.7365
2914	suryani t.	-0.7154	0.0864	202	0	0	5	0	0	2019	0	0
2915	suryaningrum d.a.	0.7144	-0.0615	203	0	0	1	0	0	2019	0	0
2916	suryaningsih t.	0.8754	-0.2157	204	0	0	1	1	1.473	2019	1	1.473
2917	suryaningtyas w.	0.4339	0.3257	205	0	0	1	0	0	2019	0	0
2918	suryo i.b.	0.905	-0.1574	206	0	0	1	0	0	2019	0	0
2919	suryoatmojo h.	0.1244	0.2203	207	0	0	12	6	8.8379	2019	0.5	0.7365
2920	suryotrisongko h.	0.1528	0.1567	208	0	0	2	1	1.473	2019	0.5	0.7365
2921	susanti a.	-0.2396	0.8561	209	0	0	2	0	0	2019	0	0
2922	susanti d.	-0.0619	-0.417	210	0	0	11	1	1.473	2019	0.0909	0.1339
2923	susanto d.f.	0.3477	-0.8459	211	0	0	2	0	0	2019	0	0
2924	susanto e.	-0.4022	-0.1199	212	0	0	1	1	1.473	2019	1	1.473
2925	susanto i.	0.4912	0.3226	213	0	0	1	1	1.473	2019	1	1.473
2926	susanto t.d.	0.4295	-0.7555	214	0	0	10	1	1.473	2019	0.1	0.1473
2927	susetyo c.	-0.3161	0.7816	215	0	0	4	1	1.473	2019	0.25	0.3682
2928	susianto	-0.9004	-0.291	216	0	0	1	8	11.7839	2019	8	11.7839
2929	susianto s.	0.3972	0.7016	217	0	0	1	0	0	2019	0	0
2930	"susianto, rahmawati y."	0.9032	-0.197	218	0	0	1	0	0	2019	0	0
2931	"susianto, suprapto"	0.8363	-0.2106	219	0	0	1	0	0	2019	0	0
2932	"susianto, suprapto, anindita y.d."	-0.5679	0.749	220	0	0	1	0	0	2019	0	0
2933	susilaningrum d.	0.3495	0.1663	221	0	0	2	0	0	2019	0	0
2934	susilo	-0.8368	0.4506	222	0	0	2	0	0	2019	0	0
2935	susilo a.	-0.1155	0.7904	223	0	0	1	0	0	2019	0	0
2936	susilo d.	0.9253	0.2138	224	0	0	1	0	0	2019	0	0
2937	susilo i.	-0.3394	-0.3283	225	0	0	2	1	1.473	2019	0.5	0.7365
2938	sutan s.m.	-0.3295	-0.7936	226	0	0	1	0	0	2019	0	0
2939	sutantra i.n.	-0.5895	-0.5769	227	0	0	5	0	0	2019	0	0
2940	sutardi s.	0.0372	0.9472	228	0	0	2	0	0	2019	0	0
2941	"sutardi, widodo w.a."	0.8074	-0.4204	229	0	0	3	1	1.473	2019	0.3333	0.491
2942	sutikno	0.4968	-0.2768	230	0	0	4	0	0	2019	0	0
2943	sutikno j.p.	0.3718	-0.2423	231	0	0	4	0	0	2019	0	0
2944	sutikno s.	0.3263	0.6842	232	0	0	1	4	5.8919	2019	4	5.8919
2945	"sutikno, hartanto d."	-0.8588	-0.3942	233	0	0	1	0	0	2019	0	0
2946	"sutikno, nisaa z."	0.3784	0.7796	234	0	0	1	0	0	2019	0	0
2947	"sutikno, norcahyo r."	-0.8753	-0.2772	235	0	0	1	0	0	2019	0	0
2948	"sutikno, purhadi"	-0.4049	-0.8587	236	0	0	1	0	0	2019	0	0
2949	"sutikno, purhadi, mukhlash i."	0.0846	0.4512	237	0	0	1	0	0	2019	0	0
2950	"sutikno, sampurno"	-0.2815	0.0574	238	0	0	1	0	0	2019	0	0
2951	"sutikno, setiawan"	-0.895	0.1283	239	0	0	1	0	0	2019	0	0
2952	"sutikno, setiawan, soedjono e.s."	-0.3076	0.4851	240	0	0	1	0	0	2019	0	0
2953	"sutikno, setiyono b."	-0.3576	0.0348	241	0	0	1	0	0	2019	0	0
2954	"sutini, widiwurjani, augustien n."	-0.6783	0.1496	242	0	0	1	0	0	2019	0	0
2955	sutino q.l.	-0.8144	-0.4867	243	0	0	1	0	0	2019	0	0
2956	sutrisno b.n.	0.469	0.7059	244	0	0	1	0	0	2019	0	0
2957	sutrisno w.	0.3233	0.7818	245	0	0	2	4	5.8919	2019	2	2.946
2958	"sutrisno, sitorus m.b.h."	0.5029	-0.8032	246	0	0	1	0	0	2019	0	0
2959	suwadi	0.7584	-0.5671	247	0	0	1	0	0	2019	0	0
2960	suwadi s.	0.9316	-0.1749	248	0	0	2	3	4.419	2019	1.5	2.2095
2961	"suwadi, wirawan"	-0.4073	-0.2904	249	0	0	1	0	0	2019	0	0
2962	suwarno	0.4815	0.2515	250	0	0	1	0	0	2019	0	0
2963	suwarno s.	0.9227	0.2452	251	0	0	2	1	1.473	2019	0.5	0.7365
2964	"suwarno, syaifudin a."	-0.4722	-0.4629	252	0	0	1	0	0	2019	0	0
2965	"suwarno, tarasov b.p."	0.5894	-0.7093	8	8	8	1	9	13.2569	2019	9	13.2569
2966	"suwarno, taufiq a."	0.02	-0.2149	253	0	0	1	0	0	2019	0	0
2967	"suwarti, rumiati a.t."	0.0131	-0.1339	254	0	0	1	0	0	2019	0	0
2968	suwiatmaja g.	-0.3897	0.3842	255	0	0	1	0	0	2019	0	0
2969	suwignyo a.	-0.7844	0.2978	256	0	0	1	0	0	2019	0	0
2970	"suwito, ashari m."	-0.6548	-0.3583	257	0	0	1	0	0	2019	0	0
2971	"suwito, gemintang m.b."	-0.6235	0.4087	258	0	0	1	0	0	2019	0	0
2972	"suyadi, putra a.b.k."	0.8611	0.3283	259	0	0	1	0	0	2019	0	0
2973	suyanto h.	-0.3807	-0.8585	260	0	0	3	0	0	2019	0	0
2974	suyanto s.	-0.0611	-0.4919	261	0	0	1	0	0	2019	0	0
2975	"suyanto, hantoro r."	0.7423	-0.5873	262	0	0	1	0	0	2019	0	0
2976	suyatno	-0.2698	-0.9067	263	0	0	4	0	0	2019	0	0
2977	"suyatno, alfianti d.a."	-0.662	0.2202	264	0	0	1	0	0	2019	0	0
2978	"suyatno, gontjang p."	-0.6371	-0.2957	265	0	0	1	0	0	2019	0	0
2979	swasono d.i.	-0.555	0.1797	266	0	0	1	0	0	2019	0	0
2980	swastyastu c.a.	0.7897	-0.4572	267	0	0	1	1	1.473	2019	1	1.473
2981	syafa'atullah a.q.	-0.1143	0.5346	268	0	0	1	1	1.473	2019	1	1.473
2982	syafei a.d.	-0.2739	-0.2191	269	0	0	4	1	1.473	2019	0.25	0.3682
2983	syafi'i a.m.	0.3938	-0.7239	270	0	0	1	1	1.473	2019	1	1.473
2984	syafii a.	-0.3176	0.5992	271	0	0	1	0	0	2019	0	0
2985	syafiuddin a.	0.0075	-0.3766	272	0	0	8	44	64.8113	2019	5.5	8.1014
2986	"syafrudin, nugraha w.d."	-0.5499	0.0412	273	0	0	1	1	1.473	2019	1	1.473
2987	syafrul s.	-0.452	0.795	6	6	6	1	0	0	2019	0	0
2988	syahbana l.p.	-0.1708	0.9149	15	4	4	1	0	0	2019	0	0
2989	syahbiba i.n.	0.3402	-0.8841	274	0	0	1	0	0	2019	0	0
2990	syahlan z.	0.1434	0.7582	275	0	0	2	0	0	2019	0	0
2991	syahrani g.b.	0.426	-0.6163	276	0	0	1	0	0	2019	0	0
2992	syahril z.	-0.5236	0.118	277	0	0	1	0	0	2019	0	0
2993	syahrir i.	-0.3297	0.8903	278	0	0	2	0	0	2019	0	0
2994	syahrom a.	0.024	0.9275	279	0	0	2	8	11.7839	2019	4	5.8919
2995	syahroni n.	-0.3728	-0.7138	280	0	0	1	0	0	2019	0	0
2996	syahrorini s.	-0.099	-0.936	281	0	0	1	0	0	2019	0	0
2997	syahrul kahar m.	-0.6268	-0.6132	282	0	0	1	1	1.473	2019	1	1.473
2998	syai'in m.	0.8846	0.3465	283	0	0	8	0	0	2019	0	0
2999	syaifuddin f.	0.2875	-0.0609	284	0	0	3	0	0	2019	0	0
3000	syaifudin a.	0.4413	0.8251	26	4	5	3	1	1.473	2019	0.3333	0.491
3001	syaifudin w.h.	0.6352	-0.2513	285	0	0	1	0	0	2019	0	0
3002	syaiful pradana m.	0.0038	-0.6729	286	0	0	1	0	0	2019	0	0
3003	syaifullah h.	0.6751	0.486	287	0	0	2	0	0	2019	0	0
3004	syaifullah m.	0.2338	0.5559	288	0	0	1	4	5.8919	2019	4	5.8919
3005	syairudin b.	0.2614	-0.1329	289	0	0	2	1	1.473	2019	0.5	0.7365
3006	syakti a.d.	-0.3014	-0.0157	290	0	0	1	2	2.946	2019	2	2.946
3007	syamlan a.	0.9018	0.1939	291	0	0	1	0	0	2019	0	0
3008	syamlan a.t.	0.1305	0.7068	292	0	0	1	1	1.473	2019	1	1.473
3009	syamsul arifin ir.	0.1755	-0.6481	293	0	0	1	0	0	2019	0	0
3010	syamsuri	0.0826	0.6763	294	0	0	1	0	0	2019	0	0
3011	syaputra k.	0.1304	-0.0478	295	0	0	1	0	0	2019	0	0
3012	syarifarief i.	0.3831	-0.8248	296	0	0	1	0	0	2019	0	0
3013	syariz m.a.	0.3586	0.8743	297	0	0	1	8	11.7839	2019	8	11.7839
3014	syifa’ul mufid m.	-0.0498	-0.1909	298	0	0	1	0	0	2019	0	0
3015	sylvi p.	0.1909	-0.5072	299	0	0	1	0	0	2019	0	0
3016	syuhada f.	0.6212	-0.1379	300	0	0	1	0	0	2019	0	0
3017	tahcfulloh s.	-0.5458	0.7846	301	0	0	2	2	2.946	2019	1	1.473
3018	tajuddin m.f.	-0.6719	-0.6179	302	0	0	1	0	0	2019	0	0
3019	tajunnisa y.	0.269	-0.8291	303	0	0	4	3	4.419	2019	0.75	1.1047
3020	takahashi a.	-0.1346	0.8291	304	0	0	1	0	0	2019	0	0
3021	takahashi h.	0.0112	0.572	305	0	0	3	0	0	2019	0	0
3022	takeda r.	0.4413	0.8252	26	2	2	1	1	1.473	2019	1	1.473
3023	talitha p.s.	-0.7817	0.4182	306	0	0	3	0	0	2019	0	0
3024	tama n.e.	-0.0732	0.3938	307	0	0	1	1	1.473	2019	1	1.473
3025	"tamaji, robandi i."	-0.4901	0.6017	308	0	0	1	0	0	2019	0	0
3026	tamara m.n.	0.29	0.5803	309	0	0	1	1	1.473	2019	1	1.473
3027	tambusay a.	0.4576	-0.8287	310	0	0	1	4	5.8919	2019	4	5.8919
3028	tamuntuan g.h.	-0.0135	-0.9218	9	4	4	1	0	0	2019	0	0
3029	tanaka s.	0.1931	0.7665	311	0	0	1	0	0	2019	0	0
3030	tandiayu y.e.	-0.0064	0.2744	312	0	0	1	0	0	2019	0	0
3031	tangahu b.	-0.6563	-0.01	313	0	0	1	0	0	2019	0	0
3032	tangahu b.v.	-0.0266	0.083	10	5	10	4	29	42.7166	2019	7.25	10.6791
3033	tangkawarow i.r.h.t.	-0.592	0.7424	314	0	0	2	2	2.946	2019	1	1.473
3034	taniguchi n.	-0.8201	-0.4194	315	0	0	1	2	2.946	2019	2	2.946
3035	taniguchi t.	0.7744	-0.5462	316	0	0	1	0	0	2019	0	0
3036	tanoto y.y.	0.2373	-0.7925	317	0	0	1	1	1.473	2019	1	1.473
3037	tantri a.h.	0.7483	-0.4393	318	0	0	1	0	0	2019	0	0
3038	tanuwijaya e.	0.6801	-0.6579	319	0	0	1	2	2.946	2019	2	2.946
3039	taradini a.	0.4166	0.7541	320	0	0	1	1	1.473	2019	1	1.473
3040	tarakka r.	-0.5883	-0.6337	321	0	0	1	0	0	2019	0	0
3041	"tasripan, tukadi"	-0.4215	-0.5658	322	0	0	1	0	0	2019	0	0
3042	taufany f.	-0.2459	0.5251	323	0	0	6	0	0	2019	0	0
3043	taufik m.	-0.1924	-0.5491	324	0	0	5	0	0	2019	0	0
3044	taufik t.	0.2759	-0.8711	325	0	0	1	0	0	2019	0	0
3045	taufiq a.	0.5329	0.6512	326	0	0	3	1	1.473	2019	0.3333	0.491
3046	taufiqurrahman t.	0.3603	-0.6341	327	0	0	2	9	13.2569	2019	4.5	6.6284
3047	tavio	0.5779	0.0872	31	2	4	4	5	7.3649	2019	1.25	1.8412
3048	tavio t.	0.2827	0.6395	328	0	0	1	0	0	2019	0	0
3049	"tavio, christianto d."	-0.1796	0.7924	329	0	0	1	0	0	2019	0	0
3050	"tavio, raka i.g.p."	-0.6371	-0.5183	330	0	0	1	0	0	2019	0	0
3051	tay a.c.	0.7225	-0.2066	331	0	0	1	0	0	2019	0	0
3052	taşkin k.	0.437	-0.5564	332	0	0	1	0	0	2019	0	0
3053	tehubijuluw h.	0.6091	0.5648	333	0	0	1	2	2.946	2019	2	2.946
3054	teja baihaqi m.	-0.5177	-0.7533	3	2	2	1	1	1.473	2019	1	1.473
3055	tetrisyanda r.	-0.7652	0.5611	334	0	0	4	1	1.473	2019	0.25	0.3682
3056	tezdogan t.	-0.6875	-0.5343	335	0	0	2	2	2.946	2019	1	1.473
3057	thahir r.	-0.7245	-0.5587	336	0	0	1	8	11.7839	2019	8	11.7839
3058	tiany h.k.	-0.1314	-0.4512	337	0	0	1	0	0	2019	0	0
3059	timmermans h.	0.8294	0.3229	338	0	0	1	1	1.473	2019	1	1.473
3060	timur t.d.	0.4222	0.6606	339	0	0	1	0	0	2019	0	0
3061	tinambunan m.h.	0.2987	-0.266	340	0	0	1	7	10.3109	2019	7	10.3109
3062	ting s.s.	0.3174	0.5163	341	0	0	1	0	0	2019	0	0
3063	tip-pyang s.	0.2391	0.4192	342	0	0	1	3	4.419	2019	3	4.419
3064	tira a.	-0.0707	0.9479	343	0	0	1	0	0	2019	0	0
3065	titah h.s.	-0.0254	0.0732	10	9	41	13	38	55.9734	2019	2.9231	4.3056
3066	titi ciptaningtyas h.	-0.5176	-0.753	3	2	2	1	1	1.473	2019	1	1.473
3067	tiurma manurung r.	-0.7075	0.2779	344	0	0	1	1	1.473	2019	1	1.473
3068	tjahjanti p.h.	-0.2239	0.7478	345	0	0	2	1	1.473	2019	0.5	0.7365
3069	tjahjono a.	0.5732	0.6104	346	0	0	2	5	7.3649	2019	2.5	3.6825
3070	tjahyanto a.	-0.2573	0.6961	347	0	0	7	4	5.8919	2019	0.5714	0.8417
3071	tjandrasa h.	-0.517	-0.753	3	2	2	8	2	2.946	2019	0.25	0.3682
3072	tjendani h.t.	-0.8245	-0.4633	348	0	0	1	0	0	2019	0	0
3073	tobing f.m.	-0.5822	0.6787	349	0	0	1	0	0	2019	0	0
3074	tolle h.	-0.6957	0.6433	350	0	0	1	0	0	2019	0	0
3075	tominaga m.	0.1589	0.6476	351	0	0	1	1	1.473	2019	1	1.473
3076	tonetta s.	-0.9347	0.1694	352	0	0	1	1	1.473	2019	1	1.473
3077	tong t.	-0.7942	0.3674	353	0	0	1	1	1.473	2019	1	1.473
3078	tontowi a.e.	-0.6368	0.6038	354	0	0	1	0	0	2019	0	0
3079	toriki m.b.	-0.3289	-0.097	355	0	0	1	0	0	2019	0	0
3080	tormasi a.	0.5229	-0.7882	356	0	0	1	0	0	2019	0	0
3081	trapsilawati f.	0.3777	0.3397	357	0	0	2	0	0	2019	0	0
3082	tri wicaksono s.	-0.2356	0.6492	358	0	0	1	0	0	2019	0	0
3083	trialih r.	-0.2836	-0.8062	359	0	0	1	3	4.419	2019	3	4.419
3084	triandini e.	-0.3426	-0.8432	360	0	0	2	2	2.946	2019	1	1.473
3085	tridasakti d.a.	-0.3618	-0.5345	361	0	0	1	0	0	2019	0	0
3086	triesty i.	-0.0129	0.9379	362	0	0	1	1	1.473	2019	1	1.473
3087	trihadiningrum y.	-0.8784	0.3619	363	0	0	6	18	26.5137	2019	3	4.419
3088	trihatmojo a.a.	0.9024	-0.0021	1	5	5	1	0	0	2019	0	0
3089	trijayanto d.p.	-0.8306	0.2823	364	0	0	1	0	0	2019	0	0
3090	triono b.	0.3215	0.3113	365	0	0	1	0	0	2019	0	0
3091	trisanti p.n.	-0.2931	0.3952	366	0	0	4	1	1.473	2019	0.25	0.3682
3092	trisnawati i.	0.2547	0.3497	367	0	0	2	0	0	2019	0	0
3093	tritias utami r.	0.7246	0.2642	368	0	0	1	0	0	2019	0	0
3094	triwahyono s.	-0.6456	-0.6525	369	0	0	2	7	10.3109	2019	3.5	5.1554
3095	triwibowo j.	0.5855	0.5136	370	0	0	1	2	2.946	2019	2	2.946
3096	triwikantoro	-0.271	-0.2952	371	0	0	2	0	0	2019	0	0
3097	triwikantoro t.	0.1302	0.5081	372	0	0	2	0	0	2019	0	0
3098	"triwikantoro, darminto"	-0.6918	-0.5843	373	0	0	1	0	0	2019	0	0
3099	"triwikantoro, endarko, taruno w.p."	0.791	0.3235	374	0	0	1	0	0	2019	0	0
3100	"triwikantoro, kriswandono y."	-0.0002	-0.5321	375	0	0	1	0	0	2019	0	0
3101	"triwikantoro, morizono y."	0.3422	0.8241	376	0	0	1	0	0	2019	0	0
3102	"triwikantoro, pratapa s."	-0.7892	0.4995	23	5	5	2	7	10.3109	2019	3.5	5.1554
3103	"triwikantoro, subagyo b.a."	0.3381	-0.7514	377	0	0	1	0	0	2019	0	0
3104	"triwikantoro, zainuri m."	-0.6556	0.6411	378	0	0	2	0	0	2019	0	0
3105	"triwulan, ekaputri j.j."	-0.3363	0.8581	379	0	0	1	0	0	2019	0	0
3106	triyana k.	-0.693	0.337	380	0	0	1	3	4.419	2019	3	4.419
3107	triyuliana n.a.	0.6835	-0.4537	381	0	0	1	1	1.473	2019	1	1.473
3108	ts h.a.	0.4117	0.1175	382	0	0	1	0	0	2019	0	0
3109	tsao y.-c.	0.4507	-0.0292	383	0	0	1	0	0	2019	0	0
3110	tuas m.a.	0.2498	-0.5503	384	0	0	2	1	1.473	2019	0.5	0.7365
3111	tucunan k.p.	-0.3773	-0.0428	385	0	0	4	0	0	2019	0	0
3112	tuhuloula a.	0.2492	0.6895	386	0	0	1	1	1.473	2019	1	1.473
3113	"tumiran, yulistya negara i.m."	0.4124	-0.8521	387	0	0	1	0	0	2019	0	0
3114	tunas i.g.	0.2695	-0.409	388	0	0	1	4	5.8919	2019	4	5.8919
3115	tunik muharlisiani l.	0.1699	0.5699	389	0	0	1	1	1.473	2019	1	1.473
3116	tunmee s.	-0.3898	-0.6599	390	0	0	2	0	0	2019	0	0
3117	tuswan t.	0.0032	-0.6032	391	0	0	1	1	1.473	2019	1	1.473
3118	"tuswan, ismail a."	-0.8319	0.1774	392	0	0	1	0	0	2019	0	0
3119	tyas darmaningrat e.w.	-0.2467	0.913	393	0	0	1	0	0	2019	0	0
3120	tyas s.y.	-0.3346	-0.6666	394	0	0	1	0	0	2019	0	0
3121	ubaidillah a.n.	-0.2922	0.2746	395	0	0	1	1	1.473	2019	1	1.473
3122	ukhti m.f.	0.4465	-0.2243	396	0	0	1	0	0	2019	0	0
3123	ukhwah e.n.	-0.7343	0.1512	397	0	0	1	1	1.473	2019	1	1.473
3124	ulama b.s.s.	0.3504	0.5726	398	0	0	4	0	0	2019	0	0
3125	ulfa m.	0.6159	-0.314	399	0	0	5	0	0	2019	0	0
3126	ulfiana d.	0.7891	-0.5243	400	0	0	1	0	0	2019	0	0
3127	ulfin i.	-0.4897	-0.1192	401	0	0	1	0	0	2019	0	0
3128	ulinuha m.a.	0.4843	0.1183	402	0	0	1	0	0	2019	0	0
3129	ulum m.s.	0.4015	0.8604	403	0	0	1	0	0	2019	0	0
3130	ulumi d.i.	-0.4349	0.4369	404	0	0	1	0	0	2019	0	0
3131	ulva t.i.m.	0.8324	-0.1609	405	0	0	1	1	1.473	2019	1	1.473
3132	umaisaroh u.	0.7604	-0.2525	406	0	0	3	4	5.8919	2019	1.3333	1.964
3133	umam a.u.	-0.7422	-0.4793	407	0	0	1	0	0	2019	0	0
3134	umam c.	0.0703	-0.4202	408	0	0	4	2	2.946	2019	0.5	0.7365
3135	umam d.k.	-0.5888	0.6348	409	0	0	1	3	4.419	2019	3	4.419
3136	umam m.i.h.	-0.3278	0.734	410	0	0	2	0	0	2019	0	0
3137	uman putra d.f.	-0.3038	-0.5571	411	0	0	1	0	0	2019	0	0
3138	"umar, soeprijanto a."	-0.4668	-0.3957	412	0	0	1	0	0	2019	0	0
3139	umilia e.	-0.4411	0.5725	413	0	0	2	0	0	2019	0	0
3140	ummah s.	0.5674	-0.2626	414	0	0	1	0	0	2019	0	0
3141	untsa r.m.	-0.781	-0.4837	415	0	0	1	0	0	2019	0	0
3142	usadha i.g.n.r.	0.6748	0.4342	416	0	0	1	0	0	2019	0	0
3143	usiana w.	-0.6557	-0.4655	417	0	0	1	0	0	2019	0	0
3144	usman a.a.	-0.5047	-0.0089	418	0	0	1	0	0	2019	0	0
3145	uta nugraha y.	-0.4138	-0.4956	419	0	0	3	0	0	2019	0	0
3146	utama h.p.	0.2225	0.1419	420	0	0	1	0	0	2019	0	0
3147	utama i.k.a.p.	0.0077	0.9507	421	0	0	4	2	2.946	2019	0.5	0.7365
3148	utama s.w.	-0.1147	-0.6483	422	0	0	1	1	1.473	2019	1	1.473
3149	utama w.	-0.0115	0.8384	16	7	14	4	8	11.7839	2019	2	2.946
3150	utami a.	-0.1259	-0.2348	423	0	0	1	1	1.473	2019	1	1.473
3151	utami e.	0.108	0.3771	424	0	0	1	0	0	2019	0	0
3152	utami n.m.c.	0.1446	0.9048	4	3	3	1	0	0	2019	0	0
3153	utami n.s.	0.7079	-0.0111	425	0	0	1	0	0	2019	0	0
3154	utami s.	0.6554	-0.0732	426	0	0	1	0	0	2019	0	0
3155	utami sutiksno d.	-0.4672	0.282	427	0	0	1	0	0	2019	0	0
3156	utamima a.	0.4963	-0.7705	428	0	0	2	7	10.3109	2019	3.5	5.1554
3157	utomo a.d.	-0.7445	0.3832	429	0	0	1	0	0	2019	0	0
3158	utomo c.	-0.4263	-0.6227	430	0	0	3	3	4.419	2019	1	1.473
3159	utomo d.b.	-0.8517	0.1356	431	0	0	1	0	0	2019	0	0
3160	utomo i.s.	0.2343	-0.6822	432	0	0	1	0	0	2019	0	0
3161	utomo r.h.m.	-0.281	-0.6971	433	0	0	1	0	0	2019	0	0
3162	utomo w.m.	-0.6163	0.0371	434	0	0	1	0	0	2019	0	0
3163	utomo w.p.	-0.3847	0.1655	435	0	0	6	9	13.2569	2019	1.5	2.2095
3164	uwitije p.d.	-0.5861	-0.1912	436	0	0	2	0	0	2019	0	0
3165	van nguyen m.	0.5165	0.6021	437	0	0	1	8	11.7839	2019	8	11.7839
3166	vanany i.	0.1468	0.9048	4	15	25	18	30	44.1895	2019	1.6667	2.455
3167	vania dwinda o.	0.381	-0.7795	438	0	0	1	0	0	2019	0	0
3168	variyana y.	-0.1709	0.9145	15	4	4	2	0	0	2019	0	0
3169	"verdiansyah, aji b.k."	-0.3012	0.9003	439	0	0	1	0	0	2019	0	0
3170	verkerke g.j.	0.5679	-0.434	440	0	0	1	0	0	2019	0	0
3171	verylian m.	-0.8884	0.3337	441	0	0	1	0	0	2019	0	0
3172	vinarti r.a.	-0.2504	0.8029	442	0	0	1	0	0	2019	0	0
3173	vinaya a.a.	-0.1842	-0.6288	443	0	0	2	1	1.473	2019	0.5	0.7365
3174	vinca v.	0.7413	0.1241	444	0	0	1	0	0	2019	0	0
3175	vincentius r.m.	0.6316	-0.4299	445	0	0	3	0	0	2019	0	0
3176	vita l.b.p.	-0.1235	-0.1622	446	0	0	1	0	0	2019	0	0
3177	vita lystianingrum b.p.	-0.1265	-0.5208	447	0	0	1	0	0	2019	0	0
3178	vita ratnasari m.s.	0.5333	-0.593	448	0	0	1	0	0	2019	0	0
3179	viyanti p.d.	0.0666	-0.096	449	0	0	1	0	0	2019	0	0
3180	vizureanu p.	0.1734	0.083	450	0	0	1	2	2.946	2019	2	2.946
3181	volodin a.a.	0.589	-0.7089	8	8	8	1	9	13.2569	2019	9	13.2569
3182	waas v.d.	-0.5397	-0.0656	451	0	0	1	1	1.473	2019	1	1.473
3183	wada m.	0.0841	-0.2605	452	0	0	1	6	8.8379	2019	6	8.8379
3184	wafi m.k.	-0.4018	0.3095	453	0	0	1	0	0	2019	0	0
3185	wahab m.k.a.	-0.7071	-0.4254	454	0	0	1	0	0	2019	0	0
3186	wahid m.a.	-0.7867	-0.3206	13	6	10	1	4	5.8919	2019	4	5.8919
3187	wahidin a.	-0.8182	0.4328	455	0	0	2	0	0	2019	0	0
3188	wahjudi a.	-0.3468	-0.173	456	0	0	5	5	7.3649	2019	1	1.473
3189	wahjudi d.	0.8205	0.1657	457	0	0	1	1	1.473	2019	1	1.473
3190	wahyu a.l.	0.4105	-0.6716	458	0	0	1	0	0	2019	0	0
3191	wahyu dwi s.	-0.0114	-0.8036	459	0	0	1	0	0	2019	0	0
3192	"wahyuda, santosa b."	-0.1813	0.5489	460	0	0	3	0	0	2019	0	0
3193	wahyudi h.	0.6163	-0.5406	461	0	0	1	0	0	2019	0	0
3194	wahyudi i.m.g.e.d.	0.5229	-0.3936	462	0	0	1	0	0	2019	0	0
3195	wahyudi m.	-0.477	-0.606	463	0	0	3	1	1.473	2019	0.3333	0.491
3196	wahyudianto f.e.	-0.3394	-0.8834	464	0	0	1	0	0	2019	0	0
3197	"wahyudiono, kanda h."	-0.3727	-0.7694	465	0	0	4	4	5.8919	2019	1	1.473
3198	"wahyudiono, ozawa h."	0.1603	0.4338	466	0	0	1	1	1.473	2019	1	1.473
3199	"wahyudiono, winardi s."	0.3866	-0.5072	467	0	0	1	0	0	2019	0	0
3200	wahyuni c.s.	-0.8893	-0.0987	12	5	24	8	3	4.419	2019	0.375	0.5524
3201	wahyuni d.k.	0.3198	0.3838	468	0	0	2	0	0	2019	0	0
3202	wahyuni e.	-0.8404	-0.4425	469	0	0	3	0	0	2019	0	0
3203	wahyuni h.	0.1492	0.9043	4	3	3	1	5	7.3649	2019	5	7.3649
3204	wahyuni h.c.	0.1487	0.9041	4	3	3	2	1	1.473	2019	0.5	0.7365
3205	wahyuni s.	-0.1272	-0.0921	470	0	0	1	0	0	2019	0	0
3206	wahyuni t.	-0.6186	0.7201	471	0	0	1	1	1.473	2019	1	1.473
3207	wahyuningsih i.	-0.4757	-0.2535	472	0	0	1	0	0	2019	0	0
3208	wahyuningsih n.	-0.6862	-0.6533	473	0	0	1	0	0	2019	0	0
3209	wahyuono r.a.	-0.5611	0.4368	474	0	0	3	2	2.946	2019	0.6667	0.982
3210	wai loon l.	-0.4702	-0.3246	475	0	0	1	1	1.473	2019	1	1.473
3211	wailanduw a.g.	-0.2206	0.0142	476	0	0	1	0	0	2019	0	0
3212	wakeshima m.	0.3181	-0.5275	477	0	0	1	0	0	2019	0	0
3213	waluyo m.b.	0.9172	-0.2293	478	0	0	1	0	0	2019	0	0
3214	"waluyohadi, sari n.i."	0.1156	-0.6899	479	0	0	1	0	0	2019	0	0
3215	wan c.	0.5892	-0.7088	8	8	8	1	9	13.2569	2019	9	13.2569
3216	wan salleh w.n.	-0.0914	-0.8435	480	0	0	1	0	0	2019	0	0
3217	wang f.m.	-0.0514	-0.7613	481	0	0	1	4	5.8919	2019	4	5.8919
3218	wang h.-c.	-0.0208	0.4423	482	0	0	1	0	0	2019	0	0
3219	wang y.f.	-0.4249	-0.8443	483	0	0	1	0	0	2019	0	0
3220	wang z.	0.3411	-0.1185	484	0	0	1	3	4.419	2019	3	4.419
3221	wanto a.	-0.848	0.2218	485	0	0	6	37	54.5004	2019	6.1667	9.0834
3222	wardana a.	0.8433	-0.4316	486	0	0	1	0	0	2019	0	0
3223	wardani a.h.	0.3296	-0.4592	487	0	0	1	0	0	2019	0	0
3224	wardani i.o.k.	-0.7906	-0.4425	488	0	0	3	0	0	2019	0	0
3225	wardani l.k.	0.4952	-0.5405	489	0	0	1	0	0	2019	0	0
3226	wardani m.k.	0.5868	-0.4878	490	0	0	1	0	0	2019	0	0
3227	wardati n.k.	-0.0969	0.4682	491	0	0	1	0	0	2019	0	0
3228	wardhana a.s.	-0.6346	0.3495	492	0	0	1	1	1.473	2019	1	1.473
3229	wardhana i.w.	-0.1669	0.3389	493	0	0	1	1	1.473	2019	1	1.473
3230	wardhani f.o.	0.0329	-0.7747	494	0	0	1	0	0	2019	0	0
3231	wardoyo w.	-0.1283	-0.3075	495	0	0	2	0	0	2019	0	0
3232	warmadewanthi i.	0.0513	0.6246	496	0	0	3	4	5.8919	2019	1.3333	1.964
3233	warmadewanthi i.d.a.a.	-0.3841	0.5717	497	0	0	1	0	0	2019	0	0
3234	warnana d.d.	0.3772	0.8272	498	0	0	7	2	2.946	2019	0.2857	0.4209
3235	wasiwitono u.	-0.2605	0.1435	499	0	0	1	0	0	2019	0	0
3236	wasono b.p.	-0.0449	0.7213	500	0	0	1	0	0	2019	0	0
3237	watanabe i.	-0.7486	0.3302	501	0	0	4	1	1.473	2019	0.25	0.3682
3238	watanabe t.	-0.2544	-0.0668	502	0	0	2	0	0	2019	0	0
3239	wati f.a.r.	0.6591	-0.63	503	0	0	1	2	2.946	2019	2	2.946
3240	wati oktavia l.	0.7772	0.1499	504	0	0	1	0	0	2019	0	0
3241	watik n.	0.2084	-0.3582	505	0	0	1	0	0	2019	0	0
3242	wee h.-m.	0.7916	-0.1409	506	0	0	1	2	2.946	2019	2	2.946
3243	wessiani n.a.	-0.4027	-0.4331	507	0	0	1	0	0	2019	0	0
3244	wibawa a.d.	-0.0849	0.9177	508	0	0	10	4	5.8919	2019	0.4	0.5892
3245	wibawa b.m.	-0.7561	0.251	509	0	0	1	6	8.8379	2019	6	8.8379
3246	wibawa g.	-0.696	-0.1967	510	0	0	5	2	2.946	2019	0.4	0.5892
3247	wibawa r.c.	-0.3107	0.6501	511	0	0	1	0	0	2019	0	0
3248	wibawati w.	-0.7443	-0.5228	512	0	0	1	1	1.473	2019	1	1.473
3249	wibisana h.	0.9284	-0.2037	513	0	0	1	0	0	2019	0	0
3250	wibisono a.	-0.4989	0.4667	514	0	0	5	1	1.473	2019	0.2	0.2946
3251	wibisono a.t.	-0.2418	-0.6546	515	0	0	3	1	1.473	2019	0.3333	0.491
3252	wibisono w.	0.8876	-0.2938	19	5	5	7	1	1.473	2019	0.1429	0.2104
3253	wibisono y.	-0.5565	-0.1356	516	0	0	2	0	0	2019	0	0
3254	wibobo a.g.	-0.4549	0.7908	6	3	3	1	1	1.473	2019	1	1.473
3255	wibowo a.a.	0.6951	0.0385	517	0	0	1	0	0	2019	0	0
3256	wibowo f.a.	-0.6888	0.3948	518	0	0	1	0	0	2019	0	0
3257	wibowo i.k.	-0.6816	-0.2314	519	0	0	1	1	1.473	2019	1	1.473
3258	wibowo n.d.	0.1826	-0.765	520	0	0	1	0	0	2019	0	0
3259	wibowo r.p.	-0.3054	-0.8514	521	0	0	1	0	0	2019	0	0
3260	wibowo r.s.	-0.8624	0.3243	522	0	0	6	1	1.473	2019	0.1667	0.2455
3261	wibowo s.a.	0.1991	-0.4337	523	0	0	2	1	1.473	2019	0.5	0.7365
3262	wibowo w.	0.1468	-0.3079	524	0	0	4	4	5.8919	2019	1	1.473
3263	wibowo y.n.	0.5878	0.4443	525	0	0	1	1	1.473	2019	1	1.473
3264	wicaksana w.t.	-0.2729	-0.4412	526	0	0	1	0	0	2019	0	0
3265	wicaksono a.	0.1956	0.292	527	0	0	1	0	0	2019	0	0
3266	wicaksono d.a.	-0.8825	-0.3528	528	0	0	1	0	0	2019	0	0
3267	wicaksono d.s.	-0.2016	-0.3398	529	0	0	1	0	0	2019	0	0
3268	wicaksono f.d.	-0.8502	0.3651	530	0	0	1	1	1.473	2019	1	1.473
3269	wicaksono h.	0.2951	-0.9007	531	0	0	1	1	1.473	2019	1	1.473
3270	wicaksono i.	-0.1322	-0.5892	532	0	0	1	0	0	2019	0	0
3271	wicaksono p.a.	0.6805	0.2185	533	0	0	1	0	0	2019	0	0
3272	wicaksono p.e.	0.8654	-0.3847	534	0	0	1	0	0	2019	0	0
3273	wicaksono s.t.	0.5516	-0.5333	535	0	0	11	0	0	2019	0	0
3274	widayaka p.d.	0.0636	-0.5744	536	0	0	1	1	1.473	2019	1	1.473
3275	widayanti n.	-0.7048	-0.634	537	0	0	1	0	0	2019	0	0
3276	widayat w.	0.3892	-0.8634	538	0	0	1	0	0	2019	0	0
3277	widi bhawika g.	-0.9319	0.1168	539	0	0	3	3	4.419	2019	1	1.473
3278	widiarti n.	-0.0647	-0.567	540	0	0	1	0	0	2019	0	0
3279	widiarti y.	0.7043	0.5129	541	0	0	3	1	1.473	2019	0.3333	0.491
3280	widiasih d.a.	0.6582	-0.374	542	0	0	1	1	1.473	2019	1	1.473
3281	widiastuti n.	0.9311	0.1852	543	0	0	9	5	7.3649	2019	0.5556	0.8183
3282	widiastuti t.	0.4528	-0.4893	544	0	0	1	0	0	2019	0	0
3283	widiawan b.	-0.669	0.4464	545	0	0	1	0	0	2019	0	0
3284	widiyandari h.	-0.6481	-0.2524	546	0	0	1	2	2.946	2019	2	2.946
3285	widiyastuti w.	-0.453	0.7947	6	11	23	9	35	51.5545	2019	3.8889	5.7283
3286	"widiyastuti, setyawan h."	-0.2979	-0.6226	547	0	0	2	0	0	2019	0	0
3287	"widiyastuti, wahyudiono, kanda h."	-0.2995	0.8697	548	0	0	1	0	0	2019	0	0
3288	"widiyastuti, winardi s."	-0.2722	-0.1465	549	0	0	1	0	0	2019	0	0
3289	widiyatmoko b.	-0.0349	0.9509	550	0	0	1	0	0	2019	0	0
3290	widjaja a.	0.0635	-0.7199	551	0	0	9	5	7.3649	2019	0.5556	0.8183
3291	widjaja h.	-0.6039	-0.3339	552	0	0	1	0	0	2019	0	0
3292	widjaja t.	-0.0132	-0.922	9	9	9	14	4	5.8919	2019	0.2857	0.4209
3293	widjiantoro b.l.	-0.5394	0.627	553	0	0	4	0	0	2019	0	0
3294	"widjonarko, aini f.i.n."	-0.7629	0.1123	554	0	0	1	0	0	2019	0	0
3295	widodo a.	-0.7698	-0.5523	555	0	0	6	1	1.473	2019	0.1667	0.2455
3296	widodo b.	-0.171	-0.7569	22	6	8	13	17	25.0407	2019	1.3077	1.9262
3297	widodo b.u.k.	-0.8829	-0.3283	556	0	0	4	0	0	2019	0	0
3298	widodo e.	0.1446	0.9051	4	8	11	8	4	5.8919	2019	0.5	0.7365
3299	widodo e.w.r.	0.9299	0.1617	557	0	0	1	0	0	2019	0	0
3300	widodo m.	0.4181	0.1898	558	0	0	1	0	0	2019	0	0
3301	widodo s.	0.4241	-0.2956	559	0	0	2	1	1.473	2019	0.5	0.7365
3302	widodo w.a.	0.8054	0.4454	7	13	19	9	11	16.2028	2019	1.2222	1.8003
3303	"widodo, suhardjono"	0.4708	-0.1535	560	0	0	1	1	1.473	2019	1	1.473
3304	widyaningrum r.	0.7127	0.5994	18	6	9	2	22	32.4057	2019	11	16.2028
3305	widyantara h.	-0.8997	0.2705	27	4	4	1	3	4.419	2019	3	4.419
3306	widyanti a.	-0.2406	-0.5872	561	0	0	2	0	0	2019	0	0
3307	widyastuti h.	-0.5285	-0.4211	562	0	0	2	1	1.473	2019	0.5	0.7365
3308	widyastuti w.	-0.8882	0.2039	563	0	0	1	0	0	2019	0	0
3309	"widyastuti, purwaningsih h."	0.3171	-0.1896	564	0	0	1	0	0	2019	0	0
3310	"widyastuti, susanti d."	-0.4306	0.0108	565	0	0	1	0	0	2019	0	0
3311	widyawan	0.8677	0.3617	566	0	0	1	0	0	2019	0	0
3312	wiguna i.p.a.	-0.5581	-0.5034	30	2	2	3	5	7.3649	2019	1.6667	2.455
3313	wiguno a.	0.3167	-0.8902	567	0	0	2	0	0	2019	0	0
3314	wihardi l.	-0.6064	0.5321	568	0	0	1	0	0	2019	0	0
3315	wijaya a.r.	0.5412	-0.0339	569	0	0	1	0	0	2019	0	0
3316	wijaya a.y.	0.125	-0.5404	570	0	0	1	0	0	2019	0	0
3317	wijaya b.t.w.	-0.2639	-0.5089	571	0	0	1	1	1.473	2019	1	1.473
3318	wijaya c.j.	-0.4419	0.5057	572	0	0	1	2	2.946	2019	2	2.946
3319	wijaya d.r.	-0.8767	-0.074	2	3	4	3	14	20.6218	2019	4.6667	6.8739
3320	wijaya h.	-0.4711	-0.5313	573	0	0	1	3	4.419	2019	3	4.419
3321	wijaya r.k.	-0.1846	0.6147	574	0	0	1	0	0	2019	0	0
3322	wijaya u.	0.5779	0.0872	31	2	4	2	3	4.419	2019	1.5	2.2095
3323	wijayanti a.s.	0.7984	-0.3033	575	0	0	1	0	0	2019	0	0
3324	wijayanti i.d.	0.5892	-0.709	8	12	13	2	14	20.6218	2019	7	10.3109
3325	wijayanto a.	0.7248	-0.3566	576	0	0	1	0	0	2019	0	0
3326	wijayanto t.	0.3312	-0.8049	577	0	0	2	0	0	2019	0	0
3327	wijiyanti r.	-0.9222	0.2163	578	0	0	3	2	2.946	2019	0.6667	0.982
3328	wikanningrum a.	-0.6109	0.4712	579	0	0	1	0	0	2019	0	0
3329	wikansari r.	0.1929	0.7022	580	0	0	2	9	13.2569	2019	4.5	6.6284
3330	wikarta a.	-0.5869	-0.3922	581	0	0	3	0	0	2019	0	0
3331	wildan m.m.	-0.8893	-0.0999	12	5	7	1	0	0	2019	0	0
3332	wildianurahman m.	0.0102	0.7122	582	0	0	1	1	1.473	2019	1	1.473
3333	wilujeng a.d.	0.402	0.605	583	0	0	1	0	0	2019	0	0
3334	wilujeng s.a.	0.6456	0.5331	584	0	0	4	5	7.3649	2019	1.25	1.8412
3335	winardi s.	-0.4534	0.7937	6	13	26	10	19	27.9867	2019	1.9	2.7987
3336	winarno n.	0.8308	-0.4547	585	0	0	1	0	0	2019	0	0
3337	winarsih n.a.s.	-0.5542	0.5028	586	0	0	1	0	0	2019	0	0
3338	winarto t.a.	-0.3319	0.1126	587	0	0	1	0	0	2019	0	0
3339	winda setyawati d.	0.295	-0.6586	588	0	0	1	0	0	2019	0	0
3340	windyandari a.	-0.2734	-0.8741	589	0	0	1	0	0	2019	0	0
3341	wirantaya d.	-0.3279	0.5433	590	0	0	1	0	0	2019	0	0
3342	wirapraja a.	0.2181	0.6259	591	0	0	1	0	0	2019	0	0
3343	wiratmo a.	-0.4561	0.1426	592	0	0	1	0	0	2019	0	0
3344	wiratno s.e.	-0.408	0.6314	593	0	0	1	5	7.3649	2019	5	7.3649
3345	wirawan	0.7427	-0.3049	594	0	0	1	0	0	2019	0	0
3346	wirawan i.	0.5684	0.3887	595	0	0	1	0	0	2019	0	0
3347	wirawan putra m.r.	-0.3506	0.4341	596	0	0	1	0	0	2019	0	0
3348	wirawan w.	0.2937	0.7333	597	0	0	6	3	4.419	2019	0.5	0.7365
3349	"wirawan, affandi a."	0.871	-0.1656	598	0	0	1	0	0	2019	0	0
3350	"wirawan, endroyono, irfansyah a.n."	0.0586	0.7329	599	0	0	1	0	0	2019	0	0
3351	"wirawan, soeprijanto a."	0.7431	-0.529	600	0	0	1	1	1.473	2019	1	1.473
3352	"wirawan, suryani t."	0.5075	0.0204	601	0	0	3	2	2.946	2019	0.6667	0.982
3353	"wirawan, suwadi"	-0.6478	-0.6914	602	0	0	7	8	11.7839	2019	1.1429	1.6834
3354	"wirawan, taufik m."	-0.5444	0.5668	603	0	0	1	0	0	2019	0	0
3355	wirayusa	-0.2726	-0.369	604	0	0	1	1	1.473	2019	1	1.473
3356	wirjodirdjo b.	0.4971	-0.0861	605	0	0	2	0	0	2019	0	0
3357	"wiryanta, soemitro r.a.a."	-0.6405	-0.1741	606	0	0	1	0	0	2019	0	0
3358	"witantyo, ranaindy n."	-0.1997	-0.4811	607	0	0	1	0	0	2019	0	0
3359	wityasminingsih e.	-0.2751	0.7516	608	0	0	1	1	1.473	2019	1	1.473
3360	wiwik sri rahayu ginantra n.l.	0.4753	-0.6551	609	0	0	1	0	0	2019	0	0
3361	wiwoho f.p.	0.6969	0.3786	610	0	0	3	1	1.473	2019	0.3333	0.491
3362	woo e.m.	-0.6683	-0.6739	611	0	0	2	2	2.946	2019	1	1.473
3363	worabay n.s.	-0.7305	0.6022	612	0	0	1	0	0	2019	0	0
3364	wu d.	-0.3331	0.3366	613	0	0	1	1	1.473	2019	1	1.473
3365	wulandari a.d.	0.2014	-0.0814	614	0	0	2	0	0	2019	0	0
3366	wulandari c.	0.5164	-0.4741	615	0	0	1	0	0	2019	0	0
3367	wulandari c.p.	-0.2573	-0.8361	616	0	0	1	0	0	2019	0	0
3368	wulandari d.p.	-0.8809	0.1675	617	0	0	4	0	0	2019	0	0
3369	wulandari f.	0.1319	-0.1225	618	0	0	1	0	0	2019	0	0
3370	wulandari l.	0.1193	-0.6163	619	0	0	1	0	0	2019	0	0
3371	wulandari m.n.	0.3656	-0.8751	620	0	0	1	0	0	2019	0	0
3372	wulandari s.n.	-0.0404	0.5162	621	0	0	1	0	0	2019	0	0
3373	wulandari s.p.	0.6329	0.4078	622	0	0	2	0	0	2019	0	0
3374	wuled lenggoro i.	0.4614	0.6071	623	0	0	1	6	8.8379	2019	6	8.8379
3375	"ya'umar, indriawati k."	0.5844	-0.0828	624	0	0	1	0	0	2019	0	0
3376	yacine n.m.	-0.5178	0.3297	625	0	0	1	0	0	2019	0	0
3377	yahaya s.h.	0.627	0.4793	626	0	0	2	0	0	2019	0	0
3378	yahya b.n.	0.2293	-0.0139	627	0	0	1	0	0	2019	0	0
3379	yamakawa t.	-0.9395	0.1365	628	0	0	1	0	0	2019	0	0
3380	yamasari y.	-0.6577	0.5051	629	0	0	2	0	0	2019	0	0
3381	yanagihara d.	0.5976	0.2205	630	0	0	1	0	0	2019	0	0
3382	yani s.	0.7756	0.2886	631	0	0	1	1	1.473	2019	1	1.473
3383	yanto h.	-0.6834	0.6072	632	0	0	1	0	0	2019	0	0
3384	yanuar e.	0.0645	0.252	633	0	0	1	1	1.473	2019	1	1.473
3385	yaqin a.m.a.	-0.7827	-0.5303	634	0	0	1	0	0	2019	0	0
3386	yartys v.	0.5896	-0.7092	8	7	7	1	5	7.3649	2019	5	7.3649
3387	yartys v.a.	0.5893	-0.709	8	8	8	2	10	14.7298	2019	5	7.3649
3388	yasin m.	-0.2503	0.3312	635	0	0	1	0	0	2019	0	0
3389	yasin s.h.m.	-0.1708	-0.757	22	6	8	3	10	14.7298	2019	3.3333	4.9099
3390	yasmin m.	0.4564	-0.6994	636	0	0	2	1	1.473	2019	0.5	0.7365
3391	yazid m.	-0.6174	-0.4345	637	0	0	1	1	1.473	2019	1	1.473
3392	yaziz s.r.	-0.2452	0.4556	638	0	0	1	1	1.473	2019	1	1.473
3393	yeo w.s.	0.1136	0.6032	639	0	0	1	0	0	2019	0	0
3394	yessica n.	-0.4973	0.5344	640	0	0	1	1	1.473	2019	1	1.473
3395	yogaswara r.d.	-0.5911	0.7141	641	0	0	1	0	0	2019	0	0
3396	yonda a.f.	-0.0541	-0.1176	642	0	0	1	4	5.8919	2019	4	5.8919
3397	yong h.c.	-0.4793	0.0645	643	0	0	1	2	2.946	2019	2	2.946
3398	yono h.p.	0.2599	-0.4806	644	0	0	1	1	1.473	2019	1	1.473
3399	yopi	0.4216	-0.8064	645	0	0	1	0	0	2019	0	0
3400	yorino n.	-0.262	0.8826	646	0	0	1	0	0	2019	0	0
3401	yoshimoto k.	-0.0585	-0.3417	647	0	0	2	0	0	2019	0	0
3402	yoshizawa m.	0.2415	0.7514	648	0	0	2	0	0	2019	0	0
3403	you s.j.	-0.3393	-0.4028	649	0	0	1	0	0	2019	0	0
3404	youhanita e.	-0.1979	-0.1201	650	0	0	1	0	0	2019	0	0
3405	young k.	0.5895	-0.7088	8	7	7	1	5	7.3649	2019	5	7.3649
3406	yu j.	-0.0529	-0.2659	651	0	0	1	0	0	2019	0	0
3407	yu s.-h.	0.3505	0.0788	652	0	0	1	0	0	2019	0	0
3408	yu-ting z.	0.3143	0.442	653	0	0	1	0	0	2019	0	0
3409	yuan z.	-0.0534	0.5852	654	0	0	1	2	2.946	2019	2	2.946
3410	yudanto s.d.	0.8921	0.3196	655	0	0	2	0	0	2019	0	0
3411	yudasmara b.p.	-0.6081	-0.099	656	0	0	1	0	0	2019	0	0
3412	yudha f.a.	-0.8512	0.4211	657	0	0	1	0	0	2019	0	0
3413	yudha h.	-0.3851	0.8682	658	0	0	1	0	0	2019	0	0
3414	yudha i.s.	-0.2858	-0.7568	659	0	0	1	2	2.946	2019	2	2.946
3415	yudhi wijaya a.	-0.5173	-0.7527	3	2	2	1	1	1.473	2019	1	1.473
3416	yudiawati y.	-0.4512	-0.1739	660	0	0	1	1	1.473	2019	1	1.473
3417	yudoyono g.	-0.363	-0.6021	661	0	0	5	1	1.473	2019	0.2	0.2946
3418	yufansyah m.	0.1534	-0.9037	5	7	7	1	1	1.473	2019	1	1.473
3419	yuhana u.l.	0.1637	0.0129	662	0	0	3	0	0	2019	0	0
3420	yuliana m.	-0.8223	0.3312	663	0	0	4	6	8.8379	2019	1.5	2.2095
3421	yuliana y.	-0.6606	-0.1302	664	0	0	1	1	1.473	2019	1	1.473
3422	yuliandari a.	-0.6578	0.5582	665	0	0	1	0	0	2019	0	0
3423	yulianto h.	-0.2872	0.829	666	0	0	1	0	0	2019	0	0
3424	yulianto s.	-0.1314	-0.3803	667	0	0	1	0	0	2019	0	0
3425	yuliati l.	0.9324	-0.1508	668	0	0	1	2	2.946	2019	2	2.946
3426	yuliatin i.l.	-0.4919	0.2026	669	0	0	1	0	0	2019	0	0
3427	yulistya negara i.m.	0.6962	-0.2601	670	0	0	2	0	0	2019	0	0
3428	yunanto a.a.	-0.9168	0.1504	671	0	0	5	4	5.8919	2019	0.8	1.1784
3429	yunginger r.	-0.0119	0.8382	16	7	14	3	9	13.2569	2019	3	4.419
3430	yunianti s.	0.5951	-0.3745	672	0	0	1	1	1.473	2019	1	1.473
3431	yuniar r.a.	-0.6828	0.0407	673	0	0	1	2	2.946	2019	2	2.946
3432	yuniarno e.m.	-0.0223	0.343	674	0	0	21	1	1.473	2019	0.0476	0.0701
3433	yuniarti a.	-0.5175	-0.7531	3	9	10	4	2	2.946	2019	0.5	0.7365
3434	yuniarto a.	0.3959	-0.1696	675	0	0	10	52	76.5952	2019	5.2	7.6595
3435	yuniarto m.n.	-0.4038	-0.219	676	0	0	7	0	0	2019	0	0
3436	"yuniningsih, susilo, yusuf m."	0.7865	-0.1975	677	0	0	1	1	1.473	2019	1	1.473
3437	yunita r.d.	0.5512	0.1828	678	0	0	1	0	0	2019	0	0
3438	yunus a.r.	-0.2148	0.3962	679	0	0	1	1	1.473	2019	1	1.473
3439	yunus m.	-0.6566	0.6838	680	0	0	2	0	0	2019	0	0
3440	yusharani m.s.	0.0038	-0.4548	681	0	0	2	2	2.946	2019	1	1.473
3441	yusuf l.	0.2889	-0.722	682	0	0	1	0	0	2019	0	0
3442	yusuf m.	0.8301	-0.3482	683	0	0	1	0	0	2019	0	0
3443	yusuf m.a.	-0.0035	-0.7314	684	0	0	1	0	0	2019	0	0
3444	yutomo e.b.	-0.2187	0.0903	685	0	0	1	1	1.473	2019	1	1.473
3445	yuvenda d.	0.9021	-0.0009	1	14	18	5	18	26.5137	2019	3.6	5.3027
3446	yuwana l.	0.7798	0.2455	686	0	0	1	0	0	2019	0	0
3447	yuwita p.e.	-0.2008	-0.2663	687	0	0	1	0	0	2019	0	0
3448	yuwono	0.6917	0.1563	688	0	0	1	0	0	2019	0	0
3449	yuwono j.	0.2788	0.1966	689	0	0	1	0	0	2019	0	0
3450	yuwono r.a.	-0.5173	-0.202	690	0	0	1	0	0	2019	0	0
3451	yuwono t.	0.8053	0.4454	7	13	19	8	10	14.7298	2019	1.25	1.8412
3452	yuwono t.y.	0.6251	0.6062	691	0	0	1	0	0	2019	0	0
3453	"yuwono, cahyadi m.n."	-0.7371	-0.5951	692	0	0	1	0	0	2019	0	0
3454	"yuwono, handoko e.y."	0.2723	-0.9044	693	0	0	2	2	2.946	2019	1	1.473
3455	zabiri h.	0.7289	-0.611	694	0	0	1	0	0	2019	0	0
3456	zaffanella e.	-0.4036	-0.8232	695	0	0	1	1	1.473	2019	1	1.473
3457	zahra s.	-0.8058	0.1341	696	0	0	1	0	0	2019	0	0
3458	zahroh a.	-0.5986	0.235	697	0	0	1	0	0	2019	0	0
3459	zaidan a.h.	0.4201	-0.0969	698	0	0	1	7	10.3109	2019	7	10.3109
3460	zain i.	-0.6186	0.1647	699	0	0	3	0	0	2019	0	0
3461	zainal arifin a.	-0.5177	-0.7532	3	2	2	1	1	1.473	2019	1	1.473
3462	zaini a.	0.7252	0.0777	700	0	0	4	0	0	2019	0	0
3463	zaini z.	-0.5344	0.2577	701	0	0	1	0	0	2019	0	0
3464	zainuri m.	0.4555	0.4732	17	6	6	16	4	5.8919	2019	0.25	0.3682
3465	zakaria r.	-0.1439	0.2359	702	0	0	1	1	1.473	2019	1	1.473
3466	zakiah s.n.	0.3078	0.0153	703	0	0	1	0	0	2019	0	0
3467	zakki a.f.	0.7722	0.5497	704	0	0	1	0	0	2019	0	0
3468	zaman m.b.	0.9019	0.0056	1	11	13	5	4	5.8919	2019	0.8	1.1784
3469	zanata m.	0.6867	-0.1284	705	0	0	1	0	0	2019	0	0
3470	zawawi n.a.w.a.	0.0914	0.7681	706	0	0	1	3	4.419	2019	3	4.419
3471	zhai g.	0.1969	0.493	707	0	0	3	0	0	2019	0	0
3472	zhain c.	0.3724	-0.5725	708	0	0	1	0	0	2019	0	0
3473	zicky l.	-0.5939	0.5834	709	0	0	1	0	0	2019	0	0
3474	zin w.z.w.	0.1827	-0.5793	710	0	0	1	0	0	2019	0	0
3475	zubaidah t.	-0.5028	0.4028	711	0	0	1	3	4.419	2019	3	4.419
3476	zubaydi a.	0.2431	-0.2138	712	0	0	2	1	1.473	2019	0.5	0.7365
3477	zuhdan j.	-0.8721	-0.3751	713	0	0	1	3	4.419	2019	3	4.419
3478	zuhdi a.y.	0.0535	0.3247	714	0	0	1	0	0	2019	0	0
3479	zuhdi m.	0.2916	0.1157	715	0	0	1	2	2.946	2019	2	2.946
3480	zuhdi u.	-0.1954	0.2756	716	0	0	1	1	1.473	2019	1	1.473
3481	zulaika e.	-0.8763	-0.0729	2	2	2	5	8	11.7839	2019	1.6	2.3568
3482	zulaikah s.	0.0867	-0.1807	717	0	0	2	0	0	2019	0	0
3483	zulfa l.l.	-0.1444	0.4131	718	0	0	1	0	0	2019	0	0
3484	zulfa m.	0.0642	-0.4988	719	0	0	1	0	0	2019	0	0
3485	"zulfadli, nazar m."	-0.273	0.9096	720	0	0	1	5	7.3649	2019	5	7.3649
3486	zulfasari n.l.	0.6313	-0.5934	721	0	0	1	0	0	2019	0	0
3487	"zulfawardi, koespiadi, mudjanarko s.w."	-0.8281	0.3963	722	0	0	1	0	0	2019	0	0
3488	zulfika d.n.	-0.7343	0.4338	723	0	0	1	0	0	2019	0	0
3489	zuliana e.	0.1386	-0.3871	724	0	0	1	0	0	2019	0	0
3490	zuliari e.a.	0.4754	-0.346	725	0	0	1	0	0	2019	0	0
3491	zulkarnain b.	0.1813	0.3649	726	0	0	1	0	0	2019	0	0
3492	"zulkifli, panji g."	-0.1754	0.4794	727	0	0	1	0	0	2019	0	0
3493	zullaikah s.	-0.6735	-0.3975	728	0	0	8	4	5.8919	2019	0.5	0.7365
3494	zulnazri z.	-0.013	-0.9216	9	4	4	1	0	0	2019	0	0
