id	label	x	y	cluster	weight<Links>	weight<Total link strength>	weight<Documents>	weight<Citations>	weight<Norm. citations>	score<Avg. pub. year>	score<Avg. citations>	score<Avg. norm. citations>
21	adelia r.	0.2337	-0.2536	4	2	2	1	1	2.1066	2019	1	2.1066
28	adiwiganda m.r.	-0.243	0.1193	3	3	3	1	0	0	2019	0	0
78	alamsyah a.	-0.2297	-0.1013	8	4	4	15	5	10.5328	2019	0.3333	0.7022
156	ariyanto e.	-0.2398	0.1195	3	3	3	3	0	0	2019	0	0
166	arzaki m.	0.0924	0.9101	9	3	8	8	3	6.3197	2019	0.375	0.79
179	astutiputri v.f.	-0.0116	-0.2135	1	4	4	1	3	6.3197	2019	3	6.3197
187	aulia s.	0.195	-0.007	2	3	3	7	15	31.5984	2019	2.1429	4.5141
220	bernatapi e.a.	-0.2296	-0.1015	8	4	4	1	0	0	2019	0	0
225	bisono y.g.	-0.0455	0.0293	6	3	3	1	1	2.1066	2019	1	2.1066
239	caesaron d.	0.6709	0.2704	10	2	4	2	3	6.3197	2019	1.5	3.1598
249	chandra y.w.	0.2353	-0.2526	4	2	2	1	0	0	2019	0	0
262	damayanti r.	-0.011	-0.217	1	11	12	3	6	12.6393	2019	2	4.2131
267	darmawan i.	0.1008	-0.6331	7	4	6	6	2	4.2131	2019	0.3333	0.7022
281	dewi l.m.	-0.0085	-0.2183	1	4	4	1	3	6.3197	2019	3	6.3197
291	dwi saputro i.r.	0.1839	-0.0115	2	4	7	1	3	6.3197	2019	3	6.3197
355	febriansyah r.	-0.0617	0.2178	5	4	4	1	0	0	2019	0	0
401	gunawan p.h.	-0.0092	-0.2141	1	4	4	17	8	16.8525	2019	0.4706	0.9913
402	gunawan r.	0.1012	-0.6331	7	4	6	4	1	2.1066	2019	0.25	0.5266
407	hadiwidjaja m.l.	-0.0104	-0.2195	1	4	4	1	3	6.3197	2019	3	6.3197
408	hadiyoso s.	0.1919	-0.0089	2	6	11	16	18	37.918	2019	1.125	2.3699
423	hanunggul p.m.	0.237	-0.254	4	2	3	1	0	0	2019	0	0
431	hartanto r.	0.1841	-0.0142	2	6	12	3	4	8.4262	2019	1.3333	2.8087
437	hasbialloh d.	-0.0626	0.2174	5	4	4	2	3	6.3197	2019	1.5	3.1598
461	hidayat r.	0.1951	-0.0041	2	2	4	6	6	12.6393	2019	1	2.1066
476	ibrahim n.	-0.2467	0.417	11	0	0	2	1	2.1066	2019	0.5	1.0533
477	ibrahim r.	0.8681	0.3759	12	0	0	1	0	0	2019	0	0
478	ibrahim y.	-0.8529	-0.4156	13	0	0	2	1	2.1066	2019	0.5	1.0533
479	ibraimi s.	-0.0161	0.9472	14	0	0	1	2	4.2131	2019	2	4.2131
480	ichwan a.a.	-0.3838	0.6785	15	0	0	1	1	2.1066	2019	1	2.1066
481	ihsani f.p.	-0.5006	-0.5071	16	0	0	1	0	0	2019	0	0
482	ike wahyuning w.	-0.788	0.3522	17	0	0	1	0	0	2019	0	0
483	ikhsan n.	-0.3478	0.8802	18	0	0	1	1	2.1066	2019	1	2.1066
484	imansyah t.	0.4375	-0.4323	19	0	0	1	0	0	2019	0	0
485	imran a.	-0.9403	0.1152	20	0	0	3	4	8.4262	2019	1.3333	2.8087
486	imrona m.	-0.7934	0.516	21	0	0	2	0	0	2019	0	0
487	indradi s.d.	-0.1268	-0.9395	22	0	0	1	0	0	2019	0	0
488	"indrawati, amalia f."	0.5558	-0.6205	23	0	0	1	0	0	2019	0	0
489	"indrawati, ulfa m."	0.0103	0.9475	24	0	0	1	0	0	2019	0	0
490	indwiarti i.	-0.7259	0.5543	25	0	0	1	0	0	2019	0	0
491	inomata y.	-0.0921	-0.5888	26	0	0	1	2	4.2131	2019	2	4.2131
492	insani a.	0.3998	0.8576	27	0	0	1	0	0	2019	0	0
493	insanudin e.	0.5765	-0.5208	28	0	0	1	0	0	2019	0	0
494	iqbal m.	-0.0723	-0.6482	29	0	0	2	1	2.1066	2019	0.5	1.0533
495	irawan a.i.	-0.4402	-0.7298	30	0	0	1	0	0	2019	0	0
496	irawan b.	0.4973	0.2432	31	0	0	15	5	10.5328	2019	0.3333	0.7022
497	irawan c.a.	-0.7523	-0.5157	32	0	0	1	0	0	2019	0	0
498	irawan h.	-0.8052	0.2635	33	0	0	1	0	0	2019	0	0
499	irfan t.	-0.5529	-0.3386	34	0	0	1	0	0	2019	0	0
500	isabella wibowo r.r.d.	-0.9436	0.0876	35	0	0	1	0	0	2019	0	0
501	iskandar m.w.	-0.3145	-0.0103	36	0	0	1	1	2.1066	2019	1	2.1066
502	iskandar r.f.	0.3292	-0.1407	37	0	0	2	0	0	2019	0	0
503	islami y.b.	-0.461	-0.1817	38	0	0	1	0	0	2019	0	0
504	ismail m.a.	0.7567	0.1463	39	0	0	2	1	2.1066	2019	0.5	1.0533
505	ismail m.t.	-0.7478	0.2423	40	0	0	1	0	0	2019	0	0
506	ismail z.h.	0.6425	-0.3278	41	0	0	1	0	0	2019	0	0
507	ismardi a.	-0.7953	-0.5144	42	0	0	1	0	0	2019	0	0
508	isnaini n.	0.7056	-0.3573	43	0	0	1	1	2.1066	2019	1	2.1066
509	isnan imran m.i.	-0.9013	-0.2873	44	0	0	1	0	0	2019	0	0
510	istikmal	0.1794	0.8017	45	0	0	1	0	0	2019	0	0
511	istikmal e.	0.1282	-0.444	46	0	0	1	0	0	2019	0	0
512	"istikmal, karna n."	-0.4308	0.5139	47	0	0	1	0	0	2019	0	0
513	"istikmal, subekti a."	-0.4962	0.3553	48	0	0	1	0	0	2019	0	0
514	istiqomah n.	-0.3156	-0.8578	49	0	0	3	1	2.1066	2019	0.3333	0.7022
515	iswandi	0.1268	0.7704	50	0	0	1	2	4.2131	2019	2	4.2131
516	isworowati d.a.	0.0039	-0.7713	51	0	0	1	1	2.1066	2019	1	2.1066
517	isynuwardhana d.	-0.5438	0.0742	52	0	0	1	0	0	2019	0	0
518	jacob d.w.	-0.3799	0.1823	53	0	0	3	2	4.2131	2019	0.6667	1.4044
519	jadied e.m.	-0.2896	-0.5122	54	0	0	1	0	0	2019	0	0
520	jafar adrian q.	-0.5467	-0.7741	55	0	0	1	1	2.1066	2019	1	2.1066
521	janat t.r.m.	0.906	0.2759	56	0	0	1	0	0	2019	0	0
522	jannah s.	-0.8268	-0.3747	57	0	0	1	0	0	2019	0	0
523	jaqin c.	-0.2885	-0.7099	58	0	0	1	0	0	2019	0	0
524	jarot s.p.w.	0.7556	0.2481	59	0	0	1	0	0	2019	0	0
525	jati a.n.	0.2609	0.2565	60	0	0	5	0	0	2019	0	0
526	jati g.	-0.9266	0.1946	61	0	0	1	0	0	2019	0	0
527	jatmiko w.	0.7928	-0.2339	62	0	0	1	0	0	2019	0	0
528	jatnika d.	0.544	0.6585	63	0	0	1	1	2.1066	2019	1	2.1066
529	jayawardhana b.	0.6882	-0.167	64	0	0	1	0	0	2019	0	0
530	joelianto e.	0.8064	-0.4344	65	0	0	2	1	2.1066	2019	0.5	1.0533
531	johnson o.	-0.5905	-0.7406	66	0	0	1	0	0	2019	0	0
532	johnson o.a.	0.6192	0.7171	67	0	0	2	12	25.2787	2019	6	12.6393
533	jondri	0.0325	-0.7207	68	0	0	1	1	2.1066	2019	1	2.1066
534	jondri j.	-0.1791	-0.7737	69	0	0	1	0	0	2019	0	0
535	joseph matheus edward i.	0.5801	0.75	70	0	0	2	0	0	2019	0	0
536	"julham, adam h.a."	0.296	0.8122	71	0	0	1	3	6.3197	2019	3	6.3197
537	"julham, lubis m."	-0.6959	0.6434	72	0	0	1	0	0	2019	0	0
538	juliani w.	0.5136	-0.0324	73	0	0	3	0	0	2019	0	0
539	junaedi d.	-0.6294	-0.5191	74	0	0	4	0	0	2019	0	0
540	juniati n.k.	-0.5311	-0.7438	75	0	0	1	1	2.1066	2019	1	2.1066
541	juraiza ishak a.	0.3892	0.4597	76	0	0	1	0	0	2019	0	0
542	kaburuan e.r.	0.0605	-0.8709	77	0	0	1	1	2.1066	2019	1	2.1066
543	kadono y.	0.533	-0.7839	78	0	0	1	1	2.1066	2019	1	2.1066
544	kakikawa m.	-0.2796	0.2847	79	0	0	4	1	2.1066	2019	0.25	0.5266
545	kamal haris d m.	0.147	0.1778	80	0	0	1	0	0	2019	0	0
546	kamil a.a.	0.9387	-0.1295	81	0	0	4	1	2.1066	2019	0.25	0.5266
547	kamil i.	0.8967	0.2998	82	0	0	1	0	0	2019	0	0
548	kanagawa t.	0.2549	0.9123	83	0	0	1	1	2.1066	2019	1	2.1066
549	kania i.	-0.3538	0.8429	84	0	0	1	0	0	2019	0	0
550	karimah s.a.	-0.0538	-0.4066	85	0	0	3	2	4.2131	2019	0.6667	1.4044
551	karlina o.	0.3784	-0.0352	86	0	0	1	0	0	2019	0	0
552	karna n.	0.6425	-0.6966	87	0	0	3	0	0	2019	0	0
553	kartika n.k.e.	-0.5617	0.3297	88	0	0	1	1	2.1066	2019	1	2.1066
554	kasah a.a.k.f.	-0.5672	-0.5126	89	0	0	1	0	0	2019	0	0
555	kasahara y.	0.3555	0.09	90	0	0	1	0	0	2019	0	0
556	kasim s.	-0.7299	-0.5479	91	0	0	14	13	27.3852	2019	0.9286	1.9561
557	kasinathan v.	0.5936	-0.7027	92	0	0	1	0	0	2019	0	0
558	kemas r.s.w.	-0.6423	0.242	93	0	0	1	0	0	2019	0	0
559	"kennedy, kusuma p.d."	0.2037	-0.4477	94	0	0	1	0	0	2019	0	0
560	khadafi m.g.	-0.4341	0.0417	95	0	0	1	0	0	2019	0	0
561	khadar n.z.a.	-0.3589	0.322	96	0	0	2	1	2.1066	2019	0.5	1.0533
562	khairiansyah a.	-0.1548	-0.936	97	0	0	1	1	2.1066	2019	1	2.1066
563	khairuddin u.	-0.4738	0.0978	98	0	0	1	1	2.1066	2019	1	2.1066
564	khairurrijal k.	0.9132	0.0906	99	0	0	1	1	2.1066	2019	1	2.1066
565	khalid s.k.a.	-0.5505	0.4632	100	0	0	1	1	2.1066	2019	1	2.1066
566	khalid waleed a.s.	-0.3275	-0.1881	101	0	0	1	1	2.1066	2019	1	2.1066
567	khalipah a.n.	0.5662	-0.2247	102	0	0	1	0	0	2019	0	0
568	khan s.n.	0.0123	0.3382	103	0	0	1	1	2.1066	2019	1	2.1066
569	khanifah l.	-0.2369	-0.8883	104	0	0	1	0	0	2019	0	0
570	khoirunnisa a.	-0.0496	0.6738	105	0	0	1	0	0	2019	0	0
571	kim d.-s.	0.882	-0.339	106	0	0	1	0	0	2019	0	0
572	kimura s.a.	-0.1456	-0.8664	107	0	0	1	1	2.1066	2019	1	2.1066
573	kirom m.	0.5967	0.0595	108	0	0	1	2	4.2131	2019	2	4.2131
574	kirom m.r.	0.302	-0.7178	109	0	0	2	0	0	2019	0	0
575	kistijantoro a.i.	0.7745	0.0372	110	0	0	2	3	6.3197	2019	1.5	3.1598
576	komang m.g.a.	0.7503	-0.3245	111	0	0	1	1	2.1066	2019	1	2.1066
577	komara i.r.	0.8981	0.129	112	0	0	1	0	0	2019	0	0
578	komariah a.	0.2694	-0.6026	113	0	0	1	0	0	2019	0	0
579	komariah n.	-0.1647	0.0031	114	0	0	1	1	2.1066	2019	1	2.1066
580	komura t.	0.5982	0.7315	115	0	0	1	1	2.1066	2019	1	2.1066
581	"krisdianto, dewi l.m."	-0.6061	0.0458	116	0	0	1	2	4.2131	2019	2	4.2131
582	krisnanda m.	0.4174	-0.6814	117	0	0	1	7	14.7459	2019	7	14.7459
583	kristanti f.t.	-0.1417	-0.6446	118	0	0	3	2	4.2131	2019	0.6667	1.4044
584	kristianto h.	0.5948	0.5565	119	0	0	1	0	0	2019	0	0
585	kubo m.	0.7622	0.5615	120	0	0	4	1	2.1066	2019	0.25	0.5266
586	kurnia m.m.	-0.0613	0.2169	5	4	4	2	3	6.3197	2019	1.5	3.1598
587	kurniadhani b.	0.6555	-0.3887	121	0	0	1	1	2.1066	2019	1	2.1066
588	kurniadi r.	0.8358	-0.2664	122	0	0	2	0	0	2019	0	0
589	kurniady d.a.	-0.5821	0.675	123	0	0	1	0	0	2019	0	0
590	kurniasih n.	0.3831	0.328	124	0	0	1	0	0	2019	0	0
591	kurniati a.	0.1237	-0.3526	125	0	0	1	8	16.8525	2019	8	16.8525
592	kurniati a.p.	-0.6133	0.3685	126	0	0	2	4	8.4262	2019	2	4.2131
593	kurniati n.i.	0.7668	-0.5513	127	0	0	1	1	2.1066	2019	1	2.1066
594	kurniawan a.	-0.753	-0.1036	128	0	0	4	3	6.3197	2019	0.75	1.5799
595	kurniawan a.a.	-0.3725	0.549	129	0	0	1	0	0	2019	0	0
596	kurniawan b.	0.2848	0.7607	130	0	0	1	0	0	2019	0	0
597	kurniawan d.	-0.7469	0.5839	131	0	0	1	0	0	2019	0	0
598	kurniawan e.	0.1783	-0.3891	132	0	0	3	1	2.1066	2019	0.3333	0.7022
599	kurniawan f.s.	0.5768	-0.7492	133	0	0	2	1	2.1066	2019	0.5	1.0533
600	kurniawan i.	0.7439	-0.2019	134	0	0	1	1	2.1066	2019	1	2.1066
601	kurniawan m.i.	0.4451	-0.3047	135	0	0	4	0	0	2019	0	0
602	kurniawan m.t.	-0.3099	0.8562	136	0	0	1	1	2.1066	2019	1	2.1066
603	kurniawan n.b.	0.0701	0.298	137	0	0	1	0	0	2019	0	0
604	kurniawan p.	0.7818	0.4062	138	0	0	1	3	6.3197	2019	3	6.3197
605	kurniawan t.r.	0.4535	0.1898	139	0	0	1	0	0	2019	0	0
606	kurniawati a.	0.8755	-0.3643	140	0	0	7	2	4.2131	2019	0.2857	0.6019
607	kusmadi k.	-0.697	-0.1287	141	0	0	1	0	0	2019	0	0
608	kusmantini h.a.	0.2394	-0.7386	142	0	0	1	1	2.1066	2019	1	2.1066
609	kusnadi a.k.	-0.7263	0.0027	143	0	0	1	0	0	2019	0	0
610	"kuspriyanto, mengko r.k.w."	-0.2722	-0.3103	144	0	0	1	0	0	2019	0	0
611	kusudiharjo d.	-0.0272	-0.4733	145	0	0	1	0	0	2019	0	0
612	kusuma f.t.	0.6857	-0.5006	146	0	0	1	6	12.6393	2019	6	12.6393
613	kusuma p.d.	0.1856	0.6097	147	0	0	5	3	6.3197	2019	0.6	1.2639
614	kusumandari d.e.	-0.2152	0.731	148	0	0	2	0	0	2019	0	0
615	kusumasari t.f.	-0.3367	-0.2627	149	0	0	3	0	0	2019	0	0
616	kusumawardani s.s.	0.2539	0.1721	150	0	0	1	0	0	2019	0	0
617	kusumawati n.f.	0.7143	-0.4139	151	0	0	1	0	0	2019	0	0
618	kusumo d.s.	0.0159	0.7739	152	0	0	3	1	2.1066	2019	0.3333	0.7022
619	kyoso m.	0.7211	-0.5693	153	0	0	1	1	2.1066	2019	1	2.1066
620	labibah z.	0.8271	-0.4624	154	0	0	1	0	0	2019	0	0
621	laila d.s.	-0.12	0.5015	155	0	0	1	3	6.3197	2019	3	6.3197
622	laksitowening k.a.	0.8799	-0.2468	156	0	0	1	0	0	2019	0	0
623	laksono b.e.	-0.0155	-0.5933	157	0	0	1	0	0	2019	0	0
624	lanang f.f.	0.6614	0.4727	158	0	0	2	0	0	2019	0	0
625	lathifah s.n.	0.912	-0.0401	159	0	0	1	2	4.2131	2019	2	4.2131
626	latief h.	0.3862	0.7142	160	0	0	1	1	2.1066	2019	1	2.1066
627	latief m.h.	0.011	-0.9478	161	0	0	1	0	0	2019	0	0
628	latifah a.l.	-0.052	0.4577	162	0	0	1	0	0	2019	0	0
629	latifah s.n.	-0.0243	-0.8236	163	0	0	1	0	0	2019	0	0
630	latuconsina r.	0.0413	0.1167	164	0	0	2	1	2.1066	2019	0.5	1.0533
631	latukolan m.i.c.	0.4965	0.4955	165	0	0	1	0	0	2019	0	0
632	lee d.	0.0225	0.9138	166	0	0	1	0	0	2019	0	0
633	lee d.h.	-0.5463	0.5888	167	0	0	1	0	0	2019	0	0
634	lee k.	-0.9026	-0.0281	168	0	0	1	2	4.2131	2019	2	4.2131
635	lestari a.a.	0.7989	-0.5091	169	0	0	1	0	0	2019	0	0
636	lestari i.	0.4018	0.8157	170	0	0	1	0	0	2019	0	0
637	lestari m.t.	-0.3736	0.8711	171	0	0	1	0	0	2019	0	0
638	lestari r.d.	-0.9018	0.1329	172	0	0	1	0	0	2019	0	0
639	lhaksmana k.m.	-0.2288	-0.7295	173	0	0	4	2	4.2131	2019	0.5	1.0533
640	li h.	0.4366	-0.6181	174	0	0	1	0	0	2019	0	0
641	lian h.	-0.7335	0.3433	175	0	0	1	0	0	2019	0	0
642	liana i.d.	0.4748	0.7759	176	0	0	1	0	0	2019	0	0
643	lin c.j.	0.6707	0.2702	10	2	4	2	3	6.3197	2019	1.5	3.1598
644	listyobudi m.	-0.4223	0.848	177	0	0	1	0	0	2019	0	0
645	lizarna m.a.	0.4626	-0.8272	178	0	0	1	0	0	2019	0	0
646	lobma f.	0.0056	0.5697	179	0	0	1	1	2.1066	2019	1	2.1066
647	lola m.s.	-0.7479	-0.5816	180	0	0	2	1	2.1066	2019	0.5	1.0533
648	lubis a.r.	0.4073	0.5711	181	0	0	10	12	25.2787	2019	1.2	2.5279
649	lubis f.	0.5313	0.4423	182	0	0	1	0	0	2019	0	0
650	lubis m.	0.2794	0.9038	183	0	0	32	15	31.5984	2019	0.4688	0.9874
651	luhur prasasti a.	0.508	0.6124	184	0	0	1	0	0	2019	0	0
652	luis m.	-0.9215	0.221	185	0	0	1	0	0	2019	0	0
653	lukmana i.	-0.3543	-0.8428	186	0	0	1	1	2.1066	2019	1	2.1066
654	lutfie h.	-0.0724	-0.9113	187	0	0	1	0	0	2019	0	0
655	luthfi a.m.	-0.3947	0.1106	188	0	0	1	0	0	2019	0	0
656	ma w.	0.4484	-0.0115	189	0	0	1	0	0	2019	0	0
657	ma'ruf f.a.	-0.5326	0.6942	190	0	0	1	1	2.1066	2019	1	2.1066
658	magdalena r.	0.0286	0.8733	191	0	0	3	1	2.1066	2019	0.3333	0.7022
659	mahalil k.	0.3632	-0.8753	192	0	0	3	3	6.3197	2019	1	2.1066
660	maharani t.	0.7484	0.5188	193	0	0	1	0	0	2019	0	0
661	mahardika m.n.	-0.2785	-0.7685	194	0	0	1	1	2.1066	2019	1	2.1066
662	mahdin h.	-0.6694	-0.3077	195	0	0	2	1	2.1066	2019	0.5	1.0533
663	mahendra o.	-0.715	-0.2646	196	0	0	1	0	0	2019	0	0
664	mahmudah k.r.	0.4473	0.6209	197	0	0	4	1	2.1066	2019	0.25	0.5266
665	maisarah n.	-0.717	0.3958	198	0	0	1	1	2.1066	2019	1	2.1066
666	maishashahrani t.	0.6263	0.3498	199	0	0	1	0	0	2019	0	0
667	makky m.a.	-0.6033	-0.4638	200	0	0	1	0	0	2019	0	0
668	mambo m.	0.8276	0.0553	201	0	0	1	0	0	2019	0	0
669	manalu l.n.t.	0.3105	-0.8956	202	0	0	1	0	0	2019	0	0
670	mandala b.s.	-0.9345	-0.1558	203	0	0	1	0	0	2019	0	0
671	mandala s.	0.6818	-0.6585	204	0	0	1	0	0	2019	0	0
672	mandasari r.i.m.	0.7627	-0.381	205	0	0	1	0	0	2019	0	0
673	manggala f.h.	0.6355	-0.0588	206	0	0	2	0	0	2019	0	0
674	manurung d.b.	-0.5052	-0.6299	207	0	0	1	2	4.2131	2019	2	4.2131
675	mardhotillah s.a.	-0.9094	-0.2633	208	0	0	1	0	0	2019	0	0
676	mardiana v.a.	-0.2236	0.92	209	0	0	1	0	0	2019	0	0
677	mardiati r.	0.5704	-0.0809	210	0	0	1	0	0	2019	0	0
678	marlasari r.	0.8802	0.3525	211	0	0	1	0	0	2019	0	0
679	marliani s.	0.6709	0.6146	212	0	0	1	1	2.1066	2019	1	2.1066
680	martha r.k.	0.4887	-0.8127	213	0	0	1	0	0	2019	0	0
681	martiano h.f.	-0.9455	-0.0753	214	0	0	1	0	0	2019	0	0
682	martini s.	-0.9189	-0.2362	215	0	0	5	0	0	2019	0	0
683	marwan a.a.	-0.0452	0.029	6	3	3	1	1	2.1066	2019	1	2.1066
684	marwoto p.	0.8447	-0.3224	216	0	0	3	0	0	2019	0	0
685	maryati n.d.	0.1848	-0.0157	2	4	7	1	3	6.3197	2019	3	6.3197
686	maryono i.	-0.3318	-0.7508	217	0	0	1	0	0	2019	0	0
687	marzuqi o.	0.7974	0.4479	218	0	0	1	0	0	2019	0	0
688	masrury r.a.	-0.2297	-0.1019	8	2	2	4	3	6.3197	2019	0.75	1.5799
689	matsuda s.	-0.9105	0.0521	219	0	0	1	0	0	2019	0	0
690	mayasari r.	-0.2297	-0.7913	220	0	0	1	0	0	2019	0	0
691	mayditia h.	-0.2261	0.6712	221	0	0	2	0	0	2019	0	0
692	mcinerney c.	0.8133	-0.0613	222	0	0	1	0	0	2019	0	0
693	md fudzee m.f.	-0.3156	0.7613	223	0	0	2	1	2.1066	2019	0.5	1.0533
694	mediamer g.	0.7302	0.6027	224	0	0	1	1	2.1066	2019	1	2.1066
695	medina f.r.	0.6331	-0.2619	225	0	0	1	0	0	2019	0	0
696	meisaroh l.	0.6888	-0.6012	226	0	0	1	0	0	2019	0	0
697	"meizir, rikumahu b."	-0.4379	-0.5139	227	0	0	1	0	0	2019	0	0
698	melati p.p.	-0.3933	-0.1669	228	0	0	1	0	0	2019	0	0
699	meliana s.	0.0939	-0.9422	229	0	0	1	0	0	2019	0	0
700	menzelthe y.	0.1206	-0.7415	230	0	0	1	0	0	2019	0	0
701	meylani l.	-0.1347	-0.8167	231	0	0	4	3	6.3197	2019	0.75	1.5799
702	mezhuyev v.	0.5773	0.3904	232	0	0	1	0	0	2019	0	0
703	michrandi nasution s.	0.3278	0.2924	233	0	0	1	0	0	2019	0	0
704	mihardjo l.w.w.	-0.5754	0.2639	234	0	0	5	3	6.3197	2019	0.6	1.2639
705	milia n.f.	0.3211	0.4631	235	0	0	1	0	0	2019	0	0
706	miranto h.a.	-0.6017	0.7333	236	0	0	1	0	0	2019	0	0
707	mitayani a.	-0.6476	0.5423	237	0	0	2	0	0	2019	0	0
708	miyauchi h.	-0.652	0.4824	238	0	0	2	1	2.1066	2019	0.5	1.0533
709	mohaidin z.	0.338	-0.8505	239	0	0	1	1	2.1066	2019	1	2.1066
710	mohamad m.s.	-0.2937	-0.9015	240	0	0	2	1	2.1066	2019	0.5	1.0533
711	mohamad yusof i.	0.6582	-0.6345	241	0	0	2	1	2.1066	2019	0.5	1.0533
712	mohamed elhawary h.	0.2295	0.9181	242	0	0	1	0	0	2019	0	0
713	mohammad m.	0.5929	0.6441	243	0	0	1	0	0	2019	0	0
714	mohandes m.	-0.8134	-0.2514	244	0	0	1	0	0	2019	0	0
715	mohd nawi n.	0.507	-0.2616	245	0	0	1	1	2.1066	2019	1	2.1066
716	mohd o.b.	0.8209	0.4735	246	0	0	1	1	2.1066	2019	1	2.1066
717	mohd radzi z.	-0.8993	-0.1491	247	0	0	1	0	0	2019	0	0
718	mohid z.	-0.309	0.5201	248	0	0	3	3	6.3197	2019	1	2.1066
719	monang j.	0.8069	0.4959	249	0	0	2	2	4.2131	2019	1	2.1066
720	monica o.	0.8567	0.3286	250	0	0	1	0	0	2019	0	0
721	mubarok h.	0.1014	-0.6325	7	3	3	1	0	0	2019	0	0
722	mubarok m.h.	0.1777	-0.8996	251	0	0	1	0	0	2019	0	0
723	mubarok m.s.	0.3943	-0.7336	252	0	0	3	3	6.3197	2019	1	2.1066
724	mubarok z.	0.0137	-0.4068	253	0	0	1	2	4.2131	2019	2	4.2131
725	muchtadi-alamsyah i.	-0.4683	-0.4466	254	0	0	1	0	0	2019	0	0
726	mufassa f.h.	0.8883	0.2115	255	0	0	1	1	2.1066	2019	1	2.1066
727	mufidah i.	0.3935	0.644	256	0	0	1	0	0	2019	0	0
728	muhajir m.	0.1468	0.261	257	0	0	4	1	2.1066	2019	0.25	0.5266
729	muhammad a.	-0.601	-0.6346	258	0	0	1	0	0	2019	0	0
730	muhammad f.	0.8064	-0.118	259	0	0	5	1	2.1066	2019	0.2	0.4213
731	muharman l.	0.7462	-0.2653	260	0	0	1	0	0	2019	0	0
732	"muhsin, astuti r.p."	0.8151	0.2621	261	0	0	1	3	6.3197	2019	3	6.3197
733	mukhtar d.p.h.	0.1375	0.4946	262	0	0	1	0	0	2019	0	0
734	muldina r.	-0.0189	0.9114	263	0	0	1	0	0	2019	0	0
735	mulya f.	-0.0986	-0.9419	264	0	0	1	1	2.1066	2019	1	2.1066
736	mulyadi a.d.	0.7487	-0.1411	265	0	0	1	3	6.3197	2019	3	6.3197
737	mulyana e.	-0.938	-0.1294	266	0	0	3	0	0	2019	0	0
738	mulyana s.	-0.6477	0.1698	267	0	0	1	0	0	2019	0	0
739	mulyana t.	-0.1881	0.6114	268	0	0	1	0	0	2019	0	0
740	mulyani s.	0.3829	0.1733	269	0	0	1	2	4.2131	2019	2	4.2131
741	munadi r.	-0.8566	0.2878	270	0	0	4	0	0	2019	0	0
742	munaiseche c.p.c.	0.6621	-0.6767	271	0	0	1	7	14.7459	2019	7	14.7459
743	munandar a.	0.8706	0.0235	272	0	0	2	0	0	2019	0	0
744	munir a.	0.3525	0.8784	273	0	0	8	3	6.3197	2019	0.375	0.79
745	munir b.s.	0.1672	-0.8585	274	0	0	1	0	0	2019	0	0
746	munir m.m.	-0.6937	-0.0587	275	0	0	1	1	2.1066	2019	1	2.1066
747	munzi g.g.	-0.8681	-0.0672	276	0	0	1	0	0	2019	0	0
748	murata i.	0.4534	-0.7281	277	0	0	1	1	2.1066	2019	1	2.1066
749	murdyantoro b.	0.9476	0.0058	278	0	0	1	0	0	2019	0	0
750	murshid m.a.	-0.5433	0.6425	279	0	0	1	1	2.1066	2019	1	2.1066
751	murtadho f.	0.5289	-0.7505	280	0	0	1	0	0	2019	0	0
752	murti a.	0.6118	-0.6255	281	0	0	1	1	2.1066	2019	1	2.1066
753	murti m.a.	-0.8136	-0.0707	282	0	0	12	2	4.2131	2019	0.1667	0.3511
754	murti y.r.	-0.6006	0.5046	283	0	0	1	0	0	2019	0	0
755	musa a.f.m.s.	0.8636	-0.391	284	0	0	1	0	0	2019	0	0
756	musa l.	0.3948	0.2448	285	0	0	1	0	0	2019	0	0
757	mushtaq m.f.	0.8411	-0.4374	286	0	0	1	3	6.3197	2019	3	6.3197
758	"mustabshiroh, latuconsina r."	-0.3257	0.2425	287	0	0	2	0	0	2019	0	0
759	mustafa a.	0.7252	0.1953	288	0	0	1	1	2.1066	2019	1	2.1066
760	mustapha a.	0.4609	-0.7943	289	0	0	3	4	8.4262	2019	1.3333	2.8087
761	mustika n.p.	-0.7357	-0.3818	290	0	0	1	0	0	2019	0	0
762	mutaharrik m.i.	0.7977	-0.2952	291	0	0	1	1	2.1066	2019	1	2.1066
763	mutiara g.a.	0.275	0.3414	292	0	0	7	10	21.0656	2019	1.4286	3.0094
764	muttaqin b.i.a.	0.2083	0.3034	293	0	0	1	0	0	2019	0	0
765	mydin m.a.o.	0.2349	0.7205	294	0	0	1	0	0	2019	0	0
766	nabil h.	-0.3975	-0.8607	295	0	0	1	0	0	2019	0	0
767	nabilah f.	0.0123	-0.9135	296	0	0	1	0	0	2019	0	0
768	nadirah ishak a.	0.0527	0.8325	297	0	0	1	0	0	2019	0	0
769	nadiya u.	0.6952	0.1312	298	0	0	1	0	0	2019	0	0
770	nadzri a.	-0.5928	-0.6942	299	0	0	2	1	2.1066	2019	0.5	1.0533
771	naf m.z.	-0.4605	-0.7809	300	0	0	1	0	0	2019	0	0
772	nafianto c.	-0.8331	0.3666	301	0	0	1	0	0	2019	0	0
773	nafizah u.y.	0.3309	0.3862	302	0	0	1	0	0	2019	0	0
774	nagayama y.	0.4708	0.5603	303	0	0	1	6	12.6393	2019	6	12.6393
775	nandy hadiansyah p.n.	-0.8573	-0.1139	304	0	0	1	0	0	2019	0	0
776	nashiruddin m.i.	0.6463	0.0076	305	0	0	5	0	0	2019	0	0
777	nashuha n.m.	-0.5609	-0.718	306	0	0	1	0	0	2019	0	0
778	nasrun m.	0.4448	0.2883	307	0	0	6	1	2.1066	2019	0.1667	0.3511
779	nastiti m.d.	0.0698	-0.7652	308	0	0	1	0	0	2019	0	0
780	nasution s.m.	-0.7154	0.6223	309	0	0	3	0	0	2019	0	0
781	nawi m.n.m.	0.5574	-0.7673	310	0	0	1	0	0	2019	0	0
782	negara r.m.	0.8681	-0.026	311	0	0	3	0	0	2019	0	0
783	nguyen n.g.	0.2591	-0.876	312	0	0	4	1	2.1066	2019	0.25	0.5266
784	nhita f.	0.1382	0.3373	313	0	0	6	8	16.8525	2019	1.3333	2.8087
785	ningrum e.s.	0.245	0.8775	314	0	0	1	1	2.1066	2019	1	2.1066
786	noor kiranda i.f.	-0.0952	-0.8693	315	0	0	1	0	0	2019	0	0
787	novalita n.	0.5928	-0.5756	316	0	0	1	1	2.1066	2019	1	2.1066
788	novamizanti l.	-0.535	0.7806	317	0	0	11	5	10.5328	2019	0.4545	0.9575
789	novia p.	0.5546	-0.7169	318	0	0	1	0	0	2019	0	0
790	novitasari d.	-0.4255	0.3748	319	0	0	1	0	0	2019	0	0
791	novitasari n.	-0.2701	0.8688	320	0	0	2	0	0	2019	0	0
792	noviyanti k.w.	0.7129	0.6221	321	0	0	1	0	0	2019	0	0
793	nugraha a.	-0.1873	0.8913	322	0	0	1	0	0	2019	0	0
794	nugraha a.a.	0.2894	0.6977	323	0	0	1	0	0	2019	0	0
795	nugraha f.a.	0.2169	-0.8887	324	0	0	2	0	0	2019	0	0
796	nugraha f.n.	-0.9136	-0.0677	325	0	0	1	0	0	2019	0	0
797	nugraha h.s.	0.2362	-0.2558	4	2	3	1	0	0	2019	0	0
798	nugrahaeni r.a.	0.1814	-0.8125	326	0	0	4	0	0	2019	0	0
799	nugraheni p.d.	0.4606	0.0543	327	0	0	1	0	0	2019	0	0
800	nugraheni r.a.	-0.7509	-0.4375	328	0	0	1	0	0	2019	0	0
801	nugroho b.s.	-0.4021	-0.456	329	0	0	5	1	2.1066	2019	0.2	0.4213
802	nugroho d.d.a.	0.446	0.8349	330	0	0	1	0	0	2019	0	0
803	nugroho h.	-0.6623	-0.5591	331	0	0	1	0	0	2019	0	0
804	nugroho h.a.	0.1892	-0.0093	2	8	16	6	9	18.959	2019	1.5	3.1598
805	nugroho m.a.	-0.1351	0.8607	332	0	0	1	0	0	2019	0	0
806	nugroho s.m.s.	-0.1028	0.7058	333	0	0	1	1	2.1066	2019	1	2.1066
807	nuha h.	0.0323	-0.8205	334	0	0	1	0	0	2019	0	0
808	nur l.o.	0.4688	-0.3707	335	0	0	6	1	2.1066	2019	0.1667	0.3511
809	nur m.	-0.5055	0.286	336	0	0	1	0	0	2019	0	0
810	nur'afifah r.s.	0.1589	-0.517	337	0	0	1	0	0	2019	0	0
811	nurbani c.a.	0.8122	0.1578	338	0	0	1	0	0	2019	0	0
812	nurcahyono a.h.	0.9033	-0.2879	339	0	0	1	1	2.1066	2019	1	2.1066
813	nurfadhilah b.	-0.8809	0.2562	340	0	0	1	0	0	2019	0	0
814	nurfaidah y.	-0.8213	-0.4158	341	0	0	1	3	6.3197	2019	3	6.3197
815	nurfikri f.s.	0.2659	0.4194	342	0	0	1	0	0	2019	0	0
816	nurhandoko b.e.b.	-0.4488	0.1637	343	0	0	2	0	0	2019	0	0
817	nurhas i.	0.4909	0.8098	344	0	0	3	0	0	2019	0	0
818	nurhasanah h.	-0.1777	-0.4189	345	0	0	1	0	0	2019	0	0
819	nurjanah d.	0.94	0.1164	346	0	0	1	0	0	2019	0	0
820	nurkahfi g.n.	-0.8439	0.2328	347	0	0	1	0	0	2019	0	0
821	nurmantris d.a.	0.1207	0.9459	348	0	0	1	0	0	2019	0	0
822	nurrifqhi a.	0.7007	-0.0392	349	0	0	1	0	0	2019	0	0
823	nursam n.m.	0.5619	-0.4616	350	0	0	1	0	0	2019	0	0
824	nurthohari z.	-0.4346	0.641	351	0	0	1	0	0	2019	0	0
825	nusantara f.b.	-0.7217	-0.4796	352	0	0	1	0	0	2019	0	0
826	nuzuli r.	0.672	-0.4476	353	0	0	1	0	0	2019	0	0
827	nyoman apraz ramatryana i.	-0.1201	-0.5212	354	0	0	1	0	0	2019	0	0
828	nyoman ramatryana i.n.a.	-0.8482	0.1809	355	0	0	1	0	0	2019	0	0
829	obata m.	0.6239	0.6027	356	0	0	1	1	2.1066	2019	1	2.1066
830	oda t.	-0.2694	-0.2337	357	0	0	1	1	2.1066	2019	1	2.1066
831	ojala a.	-0.7976	0.4429	358	0	0	1	0	0	2019	0	0
832	oktafani f.	0.0529	-0.9139	359	0	0	1	0	0	2019	0	0
833	oktafiarri f.	-0.0261	0.8683	360	0	0	1	1	2.1066	2019	1	2.1066
834	oktaviani d.	-0.4981	-0.8067	361	0	0	1	0	0	2019	0	0
835	oktaviani h.i.	-0.4688	-0.6768	362	0	0	1	0	0	2019	0	0
836	oktaviani i.d.	0.7291	-0.5285	363	0	0	1	0	0	2019	0	0
837	omar b.	0.0642	0.95	364	0	0	1	0	0	2019	0	0
838	osmond a.b.	-0.3689	0.0377	365	0	0	3	1	2.1066	2019	0.3333	0.7022
839	otani y.	0.8585	-0.1203	366	0	0	1	2	4.2131	2019	2	4.2131
840	othman r.m.	-0.5204	0.2152	367	0	0	1	0	0	2019	0	0
841	ozaki m.	-0.011	-0.6606	368	0	0	1	0	0	2019	0	0
842	pa s.	-0.7697	-0.2878	369	0	0	1	0	0	2019	0	0
843	palupi i.	0.8198	-0.0044	370	0	0	1	0	0	2019	0	0
844	pambudi r.a.	-0.7798	0.5396	371	0	0	1	1	2.1066	2019	1	2.1066
845	pamukti b.	-0.1245	0.5737	372	0	0	12	9	18.959	2019	0.75	1.5799
846	pancoro a.	-0.1168	0.6387	373	0	0	2	0	0	2019	0	0
847	pandiangan s.p.a.h.	-0.4442	-0.6248	374	0	0	1	0	0	2019	0	0
848	pangarso a.	0.5324	-0.5689	375	0	0	1	0	0	2019	0	0
849	pangestuti d.d.	0.7845	0.3556	376	0	0	1	0	0	2019	0	0
850	panjaitan g.r.	0.4553	0.3596	377	0	0	1	0	0	2019	0	0
851	panjaitan j.n.c.g.	-0.7623	-0.2276	378	0	0	1	0	0	2019	0	0
852	paramita a.	-0.6803	-0.3686	379	0	0	1	1	2.1066	2019	1	2.1066
853	parande e.a.	0.235	-0.2542	4	6	9	1	7	14.7459	2019	7	14.7459
854	pardede i.	0.6426	0.647	380	0	0	1	1	2.1066	2019	1	2.1066
855	pasau a.m.	0.5348	0.7816	381	0	0	1	0	0	2019	0	0
856	patmasari r.	0.1829	-0.0127	2	4	7	2	4	8.4262	2019	2	4.2131
857	patmawati n.p.	-0.491	0.6118	382	0	0	1	0	0	2019	0	0
858	patriana z.l.	0.5099	-0.7967	383	0	0	1	0	0	2019	0	0
859	pawlowski j.	-0.7501	0.4412	384	0	0	2	0	0	2019	0	0
860	pawlowski j.m.	-0.9147	0.2475	385	0	0	1	0	0	2019	0	0
861	perdana d.	-0.0455	0.029	6	4	4	7	2	4.2131	2019	0.2857	0.6019
862	perdana e.g.	0.7238	0.5515	386	0	0	1	0	0	2019	0	0
863	"periyadi, ghani m."	-0.0424	0.9454	387	0	0	1	0	0	2019	0	0
864	"periyadi, pratondo a."	-0.7108	0.0694	388	0	0	1	1	2.1066	2019	1	2.1066
865	permadi a.	-0.8806	0.3513	389	0	0	1	0	0	2019	0	0
866	permadi b.w.	-0.0165	-0.9474	390	0	0	1	0	0	2019	0	0
867	permana i.	-0.5945	-0.565	391	0	0	1	0	0	2019	0	0
868	permana j.b.	0.0922	0.9095	9	3	7	2	1	2.1066	2019	0.5	1.0533
869	permana m.f.	-0.924	-0.2087	392	0	0	1	2	4.2131	2019	2	4.2131
870	permana m.y.	0.8401	0.2195	393	0	0	1	0	0	2019	0	0
871	permana r.a.	-0.5074	-0.0583	394	0	0	1	0	0	2019	0	0
872	permatasari a.	0.7302	0.3344	395	0	0	4	1	2.1066	2019	0.25	0.5266
873	persada r.p.	0.697	0.4302	396	0	0	1	2	4.2131	2019	2	4.2131
874	persada s.f.	0.4851	0.6659	397	0	0	1	0	0	2019	0	0
875	phon d.n.a.l.e.	0.7364	0.0841	398	0	0	1	7	14.7459	2019	7	14.7459
876	phon d.n.e.	-0.1685	0.3119	399	0	0	1	1	2.1066	2019	1	2.1066
877	ponilan i.r.	0.5776	0.3161	400	0	0	1	0	0	2019	0	0
878	pozin m.a.a.	-0.2286	0.8826	401	0	0	1	0	0	2019	0	0
879	prabowo s.	-0.2482	-0.4517	402	0	0	3	1	2.1066	2019	0.3333	0.7022
880	prabowo s.a.	0.606	-0.4201	403	0	0	1	0	0	2019	0	0
881	prabowo v.s.w.	-0.8041	0.1503	404	0	0	1	0	0	2019	0	0
882	prabowol g.	0.6267	0.5129	405	0	0	1	0	0	2019	0	0
883	pradana a.c.	0.7621	-0.4308	406	0	0	1	1	2.1066	2019	1	2.1066
884	pradana m.	-0.5574	0.766	407	0	0	7	2	4.2131	2019	0.2857	0.6019
885	pradana m.a.	-0.4701	-0.2559	408	0	0	1	0	0	2019	0	0
886	pradana n.r.	0.386	0.7718	409	0	0	1	1	2.1066	2019	1	2.1066
887	pradani w.r.	0.864	-0.0735	410	0	0	1	0	0	2019	0	0
888	pradiawati y.r.	0.0928	0.9095	9	3	3	1	1	2.1066	2019	1	2.1066
889	prakasa e.	-0.0104	-0.2165	1	11	12	4	6	12.6393	2019	1.5	3.1598
890	praktika t.o.	0.4625	0.4347	411	0	0	1	0	0	2019	0	0
891	prameiswari wardana n.p.d.	-0.8876	0.2131	412	0	0	1	0	0	2019	0	0
892	pramudita a.	-0.398	0.8595	413	0	0	1	0	0	2019	0	0
893	pramudita a.a.	0.8333	0.4488	414	0	0	5	0	0	2019	0	0
894	pranamurti h.	-0.08	-0.8219	415	0	0	1	1	2.1066	2019	1	2.1066
895	prananditiya h.	0.1358	-0.9038	416	0	0	1	1	2.1066	2019	1	2.1066
896	pranata r.n.	-0.6118	-0.7237	417	0	0	1	1	2.1066	2019	1	2.1066
897	pranidhana i.b.p.a.	-0.0736	0.8623	418	0	0	1	0	0	2019	0	0
898	prasasti a.l.	0.8893	-0.2047	419	0	0	5	2	4.2131	2019	0.4	0.8426
899	prasetio a.p.	0.4697	-0.5671	420	0	0	1	0	0	2019	0	0
900	prasetio m.d.	0.374	-0.1	421	0	0	1	0	0	2019	0	0
901	prasetya b.	0.2044	0.8444	422	0	0	1	0	0	2019	0	0
902	prasetya y.e.y.	-0.7039	-0.1992	423	0	0	1	0	0	2019	0	0
903	prasetyo a.d.	0.1785	0.6796	424	0	0	5	0	0	2019	0	0
904	prasetyo i.r.	-0.774	-0.4821	425	0	0	1	0	0	2019	0	0
905	prasetyo k.	-0.0713	-0.9451	426	0	0	1	0	0	2019	0	0
906	prasetyo s.j.	0.3044	0.8967	427	0	0	1	0	0	2019	0	0
907	prasetyo y.a.	-0.6964	0.2831	428	0	0	1	0	0	2019	0	0
908	prastyo a.	-0.7857	-0.3438	429	0	0	1	0	0	2019	0	0
909	pratama d.	-0.6768	0.3442	430	0	0	1	0	0	2019	0	0
910	pratama r.p.	-0.7525	-0.1643	431	0	0	2	0	0	2019	0	0
911	pratama y.f.	-0.8743	0.0218	432	0	0	1	0	0	2019	0	0
912	pratami d.	-0.824	-0.4681	433	0	0	2	1	2.1066	2019	0.5	1.0533
913	pratiwi m.s.	0.1494	0.9355	434	0	0	1	0	0	2019	0	0
914	prawira a.j.	0.3265	0.8487	435	0	0	1	0	0	2019	0	0
915	prayitno b.a.	0.4387	-0.8403	436	0	0	1	0	0	2019	0	0
916	prayudani s.	0.7118	0.024	437	0	0	1	0	0	2019	0	0
917	priambodo c.	0.6219	0.1278	438	0	0	1	0	0	2019	0	0
918	priambodo s.	-0.2289	-0.3709	439	0	0	1	0	0	2019	0	0
919	priatna t.	0.7673	0.2983	440	0	0	1	0	0	2019	0	0
920	priharti w.	0.4341	0.5054	441	0	0	1	0	0	2019	0	0
921	primantari m.a.s.	-0.2292	-0.1012	8	2	2	1	1	2.1066	2019	1	2.1066
922	priramadhi r.a.	0.8734	0.0762	442	0	0	2	0	0	2019	0	0
923	priscilla a.s.	-0.1159	-0.3824	443	0	0	1	0	0	2019	0	0
924	priyatno j.	0.284	-0.5407	444	0	0	1	0	0	2019	0	0
925	profityo w.b.	-0.3743	0.6174	445	0	0	2	1	2.1066	2019	0.5	1.0533
926	pudjaprasetya s.r.	-0.89	0.3245	446	0	0	5	3	6.3197	2019	0.6	1.2639
927	pudjoatmodjo b.	-0.8187	-0.304	447	0	0	1	0	0	2019	0	0
928	pujiyanto e.	-0.8088	0.4937	448	0	0	1	0	0	2019	0	0
929	pulungan f.f.	0.7921	0.5184	449	0	0	1	0	0	2019	0	0
930	purba h.h.	-0.1611	-0.9058	450	0	0	1	0	0	2019	0	0
931	purboyo t.w.	0.0786	-0.3949	451	0	0	14	2	4.2131	2019	0.1429	0.3009
932	purnama a.a.f.	0.9107	-0.2617	452	0	0	1	0	0	2019	0	0
933	purnama b.	-0.1169	-0.9083	453	0	0	4	1	2.1066	2019	0.25	0.5266
934	purnamasari r.	-0.7586	0.1115	454	0	0	3	0	0	2019	0	0
935	purnomo d.s.	-0.261	-0.6587	455	0	0	1	1	2.1066	2019	1	2.1066
936	purwanto y.	-0.8568	0.1292	456	0	0	1	0	0	2019	0	0
937	purwiyanto p.	0.9091	-0.0815	457	0	0	1	0	0	2019	0	0
938	puspandari d.	-0.3162	0.5881	458	0	0	1	1	2.1066	2019	1	2.1066
939	puspita i.a.	-0.3442	-0.3328	459	0	0	3	0	0	2019	0	0
940	puspitasari s.y.	0.376	-0.8335	460	0	0	1	1	2.1066	2019	1	2.1066
941	puspitasari w.	-0.4908	0.8104	461	0	0	6	0	0	2019	0	0
942	putera k.d.b.	-0.0343	-0.7161	462	0	0	1	0	0	2019	0	0
943	putra a.	-0.9076	0.276	463	0	0	1	0	0	2019	0	0
944	putra f.h.	0.1971	0.5341	464	0	0	1	0	0	2019	0	0
945	putra f.m.a.m.	0.4738	0.7251	465	0	0	1	0	0	2019	0	0
946	putra i.k.a.c.	0.471	-0.6718	466	0	0	1	1	2.1066	2019	1	2.1066
947	putra m.r.d.	-0.1192	0.9385	467	0	0	1	0	0	2019	0	0
948	putra perdana b.b.s.	0.4178	-0.8152	468	0	0	1	0	0	2019	0	0
949	putra r.a.	-0.8273	0.0391	469	0	0	1	0	0	2019	0	0
950	putra r.f.	-0.4444	0.7515	470	0	0	1	0	0	2019	0	0
951	putra r.h.	-0.1037	0.9009	471	0	0	1	6	12.6393	2019	6	12.6393
952	putra r.m.	-0.1849	-0.9298	472	0	0	1	0	0	2019	0	0
953	putra r.r.	0.2578	-0.9115	473	0	0	1	0	0	2019	0	0
954	putra r.s.d.w.	-0.5691	-0.7574	474	0	0	1	4	8.4262	2019	4	8.4262
955	putra s.a.	0.6858	0.5251	475	0	0	1	3	6.3197	2019	3	6.3197
956	putra y.k.s.	0.4495	-0.508	476	0	0	1	0	0	2019	0	0
957	putrada a.g.	0.2748	-0.8278	477	0	0	15	0	0	2019	0	0
958	putri d.y.	0.9125	0.0459	478	0	0	1	1	2.1066	2019	1	2.1066
959	putri k.s.h.	0.2232	-0.8462	479	0	0	1	0	0	2019	0	0
960	putri s.a.	0.5567	0.7668	480	0	0	1	0	0	2019	0	0
961	putri s.m.	-0.1851	0.5399	481	0	0	1	1	2.1066	2019	1	2.1066
962	putril s.f.	0.3843	0.032	482	0	0	1	0	0	2019	0	0
963	pérez-luño a.	-0.5253	0.148	483	0	0	1	1	2.1066	2019	1	2.1066
964	qana'a m.	0.847	0.4261	484	0	0	1	0	0	2019	0	0
965	qidun m.b.s.	0.0753	0.4573	485	0	0	1	1	2.1066	2019	1	2.1066
966	rachmana s.n.	0.4274	-0.7703	486	0	0	1	0	0	2019	0	0
967	rachmat h.	0.3412	0.7931	487	0	0	4	3	6.3197	2019	0.75	1.5799
968	rachmawati e.	0.5358	-0.3969	488	0	0	1	0	0	2019	0	0
969	rafei n.s.i.m.	0.499	-0.6227	489	0	0	1	1	2.1066	2019	1	2.1066
970	raffei a.f.m.	-0.0489	0.8037	490	0	0	1	1	2.1066	2019	1	2.1066
971	"rafsanjani, wibawa i.p.d."	-0.0589	-0.769	491	0	0	1	0	0	2019	0	0
972	rahadian d.	0.2162	-0.6372	492	0	0	1	0	0	2019	0	0
973	rahadian r.	0.5576	0.1184	493	0	0	1	0	0	2019	0	0
974	rahardja a.z.	-0.3238	0.89	494	0	0	1	2	4.2131	2019	2	4.2131
975	raharjo j.	-0.5577	-0.6628	495	0	0	2	3	6.3197	2019	1.5	3.1598
976	raharusun a.s.	0.3564	-0.6916	496	0	0	1	0	0	2019	0	0
977	rahayu m.	-0.1722	0.931	497	0	0	4	0	0	2019	0	0
978	rahayu s.	0.0884	0.8111	498	0	0	2	0	0	2019	0	0
979	rahiemy m.z.f.	0.6262	-0.6678	499	0	0	1	0	0	2019	0	0
980	rahim e.a.	-0.8943	0.1723	500	0	0	2	2	4.2131	2019	1	2.1066
981	rahma f.	0.1407	0.4169	501	0	0	1	0	0	2019	0	0
982	rahman a.	-0.3943	0.7413	502	0	0	1	0	0	2019	0	0
983	rahman m.d.a.	-0.1028	0.8223	503	0	0	1	7	14.7459	2019	7	14.7459
984	rahman m.h.a.	0.7183	-0.6179	504	0	0	2	8	16.8525	2019	4	8.4262
985	rahman m.n.	0.5781	-0.6654	505	0	0	1	0	0	2019	0	0
986	rahman n.h.a.	0.0099	0.7107	506	0	0	1	1	2.1066	2019	1	2.1066
987	rahmanto g.	-0.184	0.8464	507	0	0	1	1	2.1066	2019	1	2.1066
988	rahmatulloh a.	0.1007	-0.6328	7	4	6	5	2	4.2131	2019	0.4	0.8426
989	rahmawati a.	0.0087	-0.87	508	0	0	1	1	2.1066	2019	1	2.1066
990	rahmawati a.a.	-0.6462	0.6393	509	0	0	1	2	4.2131	2019	2	4.2131
991	rakhmatsyah a.	-0.8839	-0.3407	510	0	0	5	3	6.3197	2019	0.6	1.2639
992	rakhmawati d.	0.7989	-0.175	511	0	0	1	0	0	2019	0	0
993	ramadan d.n.	0.3267	-0.8095	512	0	0	3	6	12.6393	2019	2	4.2131
994	ramadhan a.	0.9464	0.0325	513	0	0	1	0	0	2019	0	0
995	ramadhan a.r.	0.8129	-0.3954	514	0	0	1	0	0	2019	0	0
996	ramadhan b.r.	0.0641	0.6789	515	0	0	1	0	0	2019	0	0
997	ramadhan f.	0.0388	-0.9469	516	0	0	3	4	8.4262	2019	1.3333	2.8087
998	ramadhan f.a.	-0.4316	-0.8126	517	0	0	2	0	0	2019	0	0
999	ramadhan l.m.	-0.4277	0.4445	518	0	0	1	0	0	2019	0	0
1000	ramadhan r.p.	-0.3242	-0.4527	519	0	0	3	0	0	2019	0	0
1001	ramadhan t.i.	0.0945	-0.9054	520	0	0	1	1	2.1066	2019	1	2.1066
1002	ramadhani d.p.	-0.0992	0.766	521	0	0	2	0	0	2019	0	0
1003	ramadhani k.n.	0.4131	-0.8521	522	0	0	4	0	0	2019	0	0
1004	ramadhanti d.a.	0.5166	0.3785	523	0	0	1	0	0	2019	0	0
1005	ramantoko g.	-0.042	0.7427	524	0	0	1	0	0	2019	0	0
1006	ramantokoa g.	-0.4875	0.668	525	0	0	1	0	0	2019	0	0
1007	ramatryana i.n.a.	-0.7054	-0.5787	526	0	0	1	0	0	2019	0	0
1008	ramdani a.z.	0.694	-0.1023	527	0	0	1	0	0	2019	0	0
1009	ramdani r.	0.7275	-0.4708	528	0	0	1	0	0	2019	0	0
1010	ramdhani f.r.	0.5508	0.7328	529	0	0	1	0	0	2019	0	0
1011	ramdhani m.	-0.489	0.5521	530	0	0	6	1	2.1066	2019	0.1667	0.3511
1012	ramdhania a.n.	-0.7275	0.487	531	0	0	2	0	0	2019	0	0
1013	ramdlan kirom m.	-0.6924	-0.5204	532	0	0	2	0	0	2019	0	0
1014	ramlan r.	-0.3719	-0.8718	533	0	0	1	0	0	2019	0	0
1015	ramlee m.n.a.	-0.4744	-0.8185	534	0	0	2	1	2.1066	2019	0.5	1.0533
1016	ramli a.a.	0.8511	0.1192	535	0	0	1	1	2.1066	2019	1	2.1066
1017	ramli k.	0.3498	0.5981	536	0	0	2	1	2.1066	2019	0.5	1.0533
1018	ramzani m.	0.3924	-0.4787	537	0	0	1	0	0	2019	0	0
1019	rangkuti i.a.	0.6594	0.6794	538	0	0	1	0	0	2019	0	0
1020	rasyad r.m.	0.1233	0.6413	539	0	0	1	0	0	2019	0	0
1021	rasyid r.m.i.a.	-0.2414	0.1179	3	3	3	1	0	0	2019	0	0
1022	ratna a.n.	0.13	-0.8002	540	0	0	3	1	2.1066	2019	0.3333	0.7022
1023	razali n.	-0.9415	-0.1025	541	0	0	1	0	0	2019	0	0
1024	razik m.i.	-0.9453	0.0607	542	0	0	1	0	0	2019	0	0
1025	renaldy s.	-0.7627	0.5614	543	0	0	1	0	0	2019	0	0
1026	rendra m.	0.438	0.7966	544	0	0	1	0	0	2019	0	0
1027	renggani r.	0.0671	0.6057	545	0	0	1	0	0	2019	0	0
1028	reni dyah w.	0.6978	0.5829	546	0	0	1	0	0	2019	0	0
1029	resyanto f.	-0.3804	-0.6284	547	0	0	1	0	0	2019	0	0
1030	revelino siahaan m.	-0.7276	0.6003	548	0	0	1	0	0	2019	0	0
1031	reynaldo r.	-0.7523	0.5213	549	0	0	1	0	0	2019	0	0
1032	reza m.	-0.0473	0.3742	550	0	0	4	3	6.3197	2019	0.75	1.5799
1033	reza permana i.m.	-0.2013	-0.2247	551	0	0	1	0	0	2019	0	0
1034	rian m.f.	-0.9453	-0.0219	552	0	0	1	0	0	2019	0	0
1035	riandy r.	-0.8691	0.3755	553	0	0	1	0	0	2019	0	0
1036	rianti a.	-0.6968	0.2138	554	0	0	1	0	0	2019	0	0
1037	rianto y.	-0.014	-0.2172	1	4	4	2	5	10.5328	2019	2.5	5.2664
1038	riazi s.r.m.	0.2054	0.3786	555	0	0	1	0	0	2019	0	0
1039	ridha d.	-0.3683	0.7828	556	0	0	1	0	0	2019	0	0
1040	ridha muldina n.	0.0262	-0.5364	557	0	0	1	0	0	2019	0	0
1041	ridho fadilah s.m.	-0.2751	-0.5824	558	0	0	1	0	0	2019	0	0
1042	ridho lubis a.	-0.0443	-0.9461	559	0	0	1	0	0	2019	0	0
1043	ridwan a.y.	-0.3425	0.7169	560	0	0	9	0	0	2019	0	0
1044	ridwanuddin a.k.	-0.3742	-0.0415	561	0	0	1	0	0	2019	0	0
1045	ridzky d.	0.5977	0.4546	562	0	0	1	0	0	2019	0	0
1046	rifaldi m.h.g.	-0.5742	-0.0812	563	0	0	1	0	0	2019	0	0
1047	rifaldi r.	0.2866	0.8638	564	0	0	1	0	0	2019	0	0
1048	rikumahu b.	-0.8498	-0.0217	565	0	0	4	1	2.1066	2019	0.25	0.5266
1049	risnumawan a.	0.0114	0.4189	566	0	0	4	1	2.1066	2019	0.25	0.5266
1050	ristiawanto v.	0.563	0.5021	567	0	0	1	0	0	2019	0	0
1051	riyadi yanto i.t.	-0.21	-0.9222	568	0	0	1	0	0	2019	0	0
1052	riyansyah m.	0.4339	0.6877	569	0	0	1	3	6.3197	2019	3	6.3197
1053	riza t.a.	-0.474	-0.5728	570	0	0	1	0	0	2019	0	0
1054	rizal a.	0.1949	-0.0054	2	5	8	15	18	37.918	2019	1.2	2.5279
1055	rizal komara i.	-0.4985	-0.7724	571	0	0	1	0	0	2019	0	0
1056	rizal syahputra m.k.	0.6782	0.6604	572	0	0	1	0	0	2019	0	0
1057	rizana a.f.	-0.3398	-0.5706	573	0	0	7	4	8.4262	2019	0.5714	1.2037
1058	rizgi a.k.	0.0374	0.9457	574	0	0	2	0	0	2019	0	0
1059	rizka a.	-0.5384	-0.2722	575	0	0	1	0	0	2019	0	0
1060	rizki a.p.	0.2842	-0.9036	576	0	0	1	0	0	2019	0	0
1061	rizki y.	-0.533	0.741	577	0	0	1	0	0	2019	0	0
1062	rizkina m.a.	-0.6211	0.6705	578	0	0	1	1	2.1066	2019	1	2.1066
1063	rizqy dwi putra m.	-0.7762	0.4815	579	0	0	1	0	0	2019	0	0
1064	rizqyawan m.i.	0.7605	-0.5055	580	0	0	2	0	0	2019	0	0
1065	robbi h.	0.3033	0.5488	581	0	0	1	2	4.2131	2019	2	4.2131
1066	rochmah w.y.	0.4361	-0.1526	582	0	0	1	0	0	2019	0	0
1067	rohayati y.	0.2039	-0.5709	583	0	0	1	0	0	2019	0	0
1068	rohdiana d.	-0.7696	0.0481	584	0	0	1	0	0	2019	0	0
1069	rohidin d.	-0.062	0.909	585	0	0	2	1	2.1066	2019	0.5	1.0533
1070	rohmah y.s.	0.6254	-0.4789	586	0	0	2	0	0	2019	0	0
1071	rohman h.n.	0.228	-0.5079	587	0	0	1	1	2.1066	2019	1	2.1066
1072	rohmat saedudin r.d.	0.2024	0.4577	588	0	0	1	0	0	2019	0	0
1073	rohmawati a.a.	-0.4873	-0.7292	589	0	0	2	1	2.1066	2019	0.5	1.0533
1074	rojas e.	-0.0994	-0.7041	590	0	0	2	12	25.2787	2019	6	12.6393
1075	rokhmat m.	-0.8952	-0.3145	591	0	0	1	0	0	2019	0	0
1076	romadhony a.	-0.5956	0.6237	592	0	0	5	0	0	2019	0	0
1077	romdlony m.z.	-0.1614	-0.5755	593	0	0	1	0	0	2019	0	0
1078	romiadi y.f.	-0.7484	0.177	594	0	0	1	0	0	2019	0	0
1079	rosmawati a.f.k.	0.5193	-0.3283	595	0	0	1	0	0	2019	0	0
1080	rosyidi c.n.	-0.8925	-0.1908	596	0	0	1	0	0	2019	0	0
1081	rui l.t.	0.2511	0.8296	597	0	0	1	0	0	2019	0	0
1082	rukmana r.a.n.	0.8976	-0.1633	598	0	0	3	1	2.1066	2019	0.3333	0.7022
1083	rumanti a.a.	0.5783	-0.0089	599	0	0	4	3	6.3197	2019	0.75	1.5799
1084	ruriawan m.f.	-0.3591	-0.1069	600	0	0	1	0	0	2019	0	0
1085	rusdinar a.	0.7167	0.4859	601	0	0	3	0	0	2019	0	0
1086	rusmawati y.	0.092	0.9099	9	3	8	8	3	6.3197	2019	0.375	0.79
1087	sa'adah s.	-0.262	0.7645	602	0	0	2	0	0	2019	0	0
1088	sa'idah s.	0.7969	0.1003	603	0	0	1	0	0	2019	0	0
1089	sabariah m.k.	0.9206	0.2246	604	0	0	1	1	2.1066	2019	1	2.1066
1090	sadewa r.p.	-0.8875	-0.2337	605	0	0	1	0	0	2019	0	0
1091	sadikan s.f.n.	-0.2002	-0.673	606	0	0	1	1	2.1066	2019	1	2.1066
1092	saedudin r.	-0.4665	0.8258	607	0	0	1	3	6.3197	2019	3	6.3197
1093	saedudin r.d.r.	-0.0012	0.825	608	0	0	5	5	10.5328	2019	1	2.1066
1094	saedudin r.r.	-0.2766	-0.8726	609	0	0	3	2	4.2131	2019	0.6667	1.4044
1095	saepudin d.	-0.68	-0.6099	610	0	0	5	5	10.5328	2019	1	2.1066
1096	safira l.	-0.391	0.8243	611	0	0	2	2	4.2131	2019	1	2.1066
1097	safitri i.	0.8707	-0.2911	612	0	0	1	0	0	2019	0	0
1098	sagita b.h.	-0.625	-0.6716	613	0	0	1	0	0	2019	0	0
1099	sahib s.	0.7354	0.39	614	0	0	1	0	0	2019	0	0
1100	saidah s.	-0.7131	-0.624	615	0	0	1	0	0	2019	0	0
1101	saifullah a.	-0.8039	-0.1879	616	0	0	1	0	0	2019	0	0
1102	sakti a.r.	-0.2663	-0.9097	617	0	0	1	0	0	2019	0	0
1103	salam r.a.	0.2378	0.6541	618	0	0	1	1	2.1066	2019	1	2.1066
1104	salam s.	-0.2989	0.8978	619	0	0	1	0	0	2019	0	0
1105	salamat m.a.	-0.3679	-0.7912	620	0	0	3	3	6.3197	2019	1	2.1066
1106	salim b.w.	0.8224	0.404	621	0	0	1	0	0	2019	0	0
1107	salleh m.n.m.	-0.364	-0.5113	622	0	0	1	3	6.3197	2019	3	6.3197
1108	"salma, gunawan p.h."	-0.0109	-0.2161	1	10	10	2	3	6.3197	2019	1.5	3.1598
1109	salsabila e.	0.5275	0.0453	623	0	0	1	0	0	2019	0	0
1110	salsabila h.	0.6128	0.6813	624	0	0	1	0	0	2019	0	0
1111	salsabila j.n.	0.5718	0.2541	625	0	0	1	0	0	2019	0	0
1112	sambas m.h.m.	-0.8962	0.2999	626	0	0	1	0	0	2019	0	0
1113	samsuddin s.	0.6458	-0.5878	627	0	0	1	0	0	2019	0	0
1114	samsudin n.a.	-0.8143	0.0937	628	0	0	2	5	10.5328	2019	2.5	5.2664
1115	sanggarini h.	-0.5084	-0.3912	629	0	0	1	0	0	2019	0	0
1116	sani m.i.	-0.0621	0.2171	5	5	6	5	7	14.7459	2019	1.4	2.9492
1117	sanjaya m.b.	0.38	-0.6315	630	0	0	1	0	0	2019	0	0
1118	sanjoyo d.d.	-0.0458	0.029	6	3	3	2	1	2.1066	2019	0.5	1.0533
1119	santiko a.b.	-0.853	-0.1629	631	0	0	1	0	0	2019	0	0
1120	santosa b.	-0.4312	0.5805	632	0	0	2	0	0	2019	0	0
1121	santosa p.i.	-0.6193	-0.3531	633	0	0	1	1	2.1066	2019	1	2.1066
1122	santoso e.s.	0.6546	0.5632	634	0	0	1	0	0	2019	0	0
1123	sanubari a.r.	0.842	-0.3647	635	0	0	1	1	2.1066	2019	1	2.1066
1124	sanyoto a.n.	-0.0455	0.0286	6	3	3	1	1	2.1066	2019	1	2.1066
1125	saptari a.y.	0.1778	0.9314	636	0	0	1	0	0	2019	0	0
1126	saputra c.	-0.4189	0.7953	637	0	0	1	1	2.1066	2019	1	2.1066
1127	saputra e.s.	0.9355	0.1422	638	0	0	1	0	0	2019	0	0
1128	saputra j.	-0.6389	-0.1032	639	0	0	1	0	0	2019	0	0
1129	saputra m.	-0.8215	0.4707	640	0	0	6	0	0	2019	0	0
1130	saputra m.a.	-0.0482	-0.5337	641	0	0	1	0	0	2019	0	0
1131	saputra m.a.a.	-0.23	-0.1012	8	2	2	2	1	2.1066	2019	0.5	1.0533
1132	saputra n.r.m.	0.9242	-0.2089	642	0	0	1	0	0	2019	0	0
1133	saputra r.e.	-0.3723	-0.3952	643	0	0	2	0	0	2019	0	0
1134	saputra s.	0.0467	-0.4671	644	0	0	1	0	0	2019	0	0
1135	saputri d.m.	0.6225	-0.7153	645	0	0	4	0	0	2019	0	0
1136	saputri m.e.	0.6941	-0.2956	646	0	0	1	0	0	2019	0	0
1137	sardi i.l.	0.5321	0.1855	647	0	0	2	1	2.1066	2019	0.5	1.0533
1138	sari k.	0.2871	-0.7758	648	0	0	1	0	0	2019	0	0
1139	sari r.m.	-0.4021	-0.2406	649	0	0	1	0	0	2019	0	0
1140	sari r.p.	-0.2328	-0.8453	650	0	0	1	0	0	2019	0	0
1141	sari w.p.	-0.5875	0.1959	651	0	0	1	0	0	2019	0	0
1142	saringat z.	-0.6327	-0.5977	652	0	0	1	4	8.4262	2019	4	8.4262
1143	sarno r.	-0.8668	0.0776	653	0	0	3	15	31.5984	2019	5	10.5328
1144	sasia p.i.	-0.6308	0.3043	654	0	0	1	0	0	2019	0	0
1145	"sasmoko, alamsjah f."	-0.6405	-0.416	655	0	0	1	0	0	2019	0	0
1146	"sasmoko, elidjen, rukmana r.a.n."	0.8587	0.4002	656	0	0	1	2	4.2131	2019	2	4.2131
1147	"sasmoko, rukmana r.a.n."	0.529	-0.6733	657	0	0	2	0	0	2019	0	0
1148	sastramihardja h.s.	0.1479	-0.9361	658	0	0	1	0	0	2019	0	0
1149	satou k.	-0.442	0.8332	659	0	0	4	1	2.1066	2019	0.25	0.5266
1150	satriady w.	0.7365	-0.5974	660	0	0	1	0	0	2019	0	0
1151	satrio i.r.	0.7819	-0.4713	661	0	0	1	0	0	2019	0	0
1152	satriyanto e.	-0.3219	-0.8076	662	0	0	1	0	0	2019	0	0
1153	satriyotomo b.	-0.4239	-0.8482	663	0	0	2	0	0	2019	0	0
1154	satrya g.b.	-0.2375	-0.919	664	0	0	1	0	0	2019	0	0
1155	satyawan a.s.	-0.2764	0.8165	665	0	0	1	0	0	2019	0	0
1156	seah c.s.	0.9044	-0.1224	666	0	0	2	1	2.1066	2019	0.5	1.0533
1157	sekiya k.	-0.5308	-0.5622	667	0	0	1	0	0	2019	0	0
1158	selviandro n.	0.4234	0.8469	668	0	0	1	0	0	2019	0	0
1159	sesari e.g.	-0.8619	-0.2655	669	0	0	1	0	0	2019	0	0
1160	setia nugroho b.	-0.6394	0.7007	670	0	0	1	0	0	2019	0	0
1161	setianingsih c.	0.1606	0.9036	671	0	0	35	14	29.4918	2019	0.4	0.8426
1162	setiawan a.e.	-0.1635	-0.3372	672	0	0	1	0	0	2019	0	0
1163	setiawan e.b.	-0.3208	0.6577	673	0	0	4	0	0	2019	0	0
1164	setiawan n.a.	-0.6986	-0.4282	674	0	0	1	2	4.2131	2019	2	4.2131
1165	setiawati c.i.	-0.3458	-0.882	675	0	0	1	0	0	2019	0	0
1166	setiningsih c.	-0.6587	0.4064	676	0	0	2	2	4.2131	2019	1	2.1066
1167	seto t.	-0.6553	-0.6856	677	0	0	1	2	4.2131	2019	2	4.2131
1168	setyawan e.b.	-0.5108	-0.1283	678	0	0	4	0	0	2019	0	0
1169	setyoko y.a.	-0.2416	0.1196	3	6	9	2	2	4.2131	2019	1	2.1066
1170	"setyorini, kuspriyanto, widyantoro d.h."	0.7727	0.4848	679	0	0	2	0	0	2019	0	0
1171	setyosari p.	0.3785	-0.7903	680	0	0	1	0	0	2019	0	0
1172	shah z.a.	0.9132	0.2503	681	0	0	2	0	0	2019	0	0
1173	shapiai m.i.	0.1755	-0.932	682	0	0	3	1	2.1066	2019	0.3333	0.7022
1174	sharef n.m.	0.1765	-0.7552	683	0	0	1	0	0	2019	0	0
1175	shiddik l.r.	-0.057	0.605	684	0	0	1	1	2.1066	2019	1	2.1066
1176	shimaguchi y.	-0.0437	-0.8716	685	0	0	1	0	0	2019	0	0
1177	"shobih, retnaningsih l."	0.8593	0.172	686	0	0	1	0	0	2019	0	0
1178	shu-chiang l.	-0.8099	-0.4913	687	0	0	1	0	0	2019	0	0
1179	si m.n.s.	0.6822	0.3668	688	0	0	1	4	8.4262	2019	4	8.4262
1180	siahaan i.a.	0.2578	-0.6794	689	0	0	1	0	0	2019	0	0
1181	sianturi r.l.s.	-0.5767	-0.403	690	0	0	1	0	0	2019	0	0
1182	sibaroni y.	0.628	-0.1956	691	0	0	6	7	14.7459	2019	1.1667	2.4577
1183	sigit z.	0.6896	-0.2319	692	0	0	1	0	0	2019	0	0
1184	sihotang p.s.m.	0.0818	0.1612	693	0	0	1	0	0	2019	0	0
1185	silalahi s.t.p.	-0.0621	0.2165	5	4	4	1	0	0	2019	0	0
1186	silvianita a.	-0.3891	0.2556	694	0	0	2	0	0	2019	0	0
1187	simanjuntak g.d.	-0.3933	-0.8277	695	0	0	1	0	0	2019	0	0
1188	simbolon a.i.	-0.1051	-0.4566	696	0	0	1	0	0	2019	0	0
1189	sinaga j.h.	-0.1785	0.3901	697	0	0	1	0	0	2019	0	0
1190	siregar s.	-0.0617	0.2171	5	5	6	4	3	6.3197	2019	0.75	1.5799
1191	siswanto j.	0.1796	0.7426	698	0	0	2	2	4.2131	2019	1	2.1066
1192	sitanggang r.s.	-0.5036	0.0176	699	0	0	1	0	0	2019	0	0
1193	sitorus p.m.	0.0812	0.2295	700	0	0	1	0	0	2019	0	0
1194	sjafrizal t.	-0.7719	0.3968	701	0	0	1	0	0	2019	0	0
1195	slamet t.i.	-0.8545	0.3302	702	0	0	1	0	0	2019	0	0
1196	slavia a.p.	0.8135	-0.4858	703	0	0	1	0	0	2019	0	0
1197	soegijono b.	0.7482	0.4466	704	0	0	1	0	0	2019	0	0
1198	soesanto r.p.	0.3977	-0.3786	705	0	0	4	0	0	2019	0	0
1199	sofyan n.a.	0.9293	-0.1828	706	0	0	1	0	0	2019	0	0
1200	solihati s.r.	0.1866	-0.015	2	4	7	1	3	6.3197	2019	3	6.3197
1201	solin m.m.	-0.0687	0.9449	707	0	0	1	0	0	2019	0	0
1202	sthevanie f.	-0.6553	-0.2424	708	0	0	3	2	4.2131	2019	0.6667	1.4044
1203	subasita n.	-0.7963	-0.4477	709	0	0	2	2	4.2131	2019	1	2.1066
1204	suchendra d.r.	-0.1576	0.7441	710	0	0	1	2	4.2131	2019	2	4.2131
1205	sudiharto d.w.	-0.6943	-0.6446	711	0	0	5	1	2.1066	2019	0.2	0.4213
1206	sudirman i.	0.9264	0.1978	712	0	0	3	2	4.2131	2019	0.6667	1.4044
1207	sugandi g.	-0.4906	0.4207	713	0	0	1	0	0	2019	0	0
1208	sugesti e.s.	-0.1609	-0.7169	714	0	0	1	0	0	2019	0	0
1209	sugianto s.	0.4027	-0.5592	715	0	0	1	0	0	2019	0	0
1210	"sugianto, aryanto d."	-0.5679	-0.0095	716	0	0	1	0	0	2019	0	0
1211	sugiarto a.t.	0.6402	0.4136	717	0	0	1	0	0	2019	0	0
1212	sugiarto b.	-0.0078	-0.216	1	4	4	2	5	10.5328	2019	2.5	5.2664
1213	sugiyama j.	-0.0113	-0.2166	1	10	10	1	1	2.1066	2019	1	2.1066
1214	sugiyanto k.	-0.0127	-0.2191	1	4	4	1	3	6.3197	2019	3	6.3197
1215	sugondo h.	0.1186	-0.8613	718	0	0	1	2	4.2131	2019	2	4.2131
1216	suhandi k.m.	0.1204	-0.9393	719	0	0	1	0	0	2019	0	0
1217	"suhardi, bandung y."	-0.8059	-0.1283	720	0	0	1	0	0	2019	0	0
1218	suhardijanto t.	0.2585	-0.4013	721	0	0	1	0	0	2019	0	0
1219	suhari k.t.	0.3444	-0.4324	722	0	0	1	0	0	2019	0	0
1220	suhendi a.	0.3362	0.7385	723	0	0	2	0	0	2019	0	0
1221	suhendra m.a.	-0.2773	-0.8253	724	0	0	1	0	0	2019	0	0
1222	sujatmoko k.	0.3992	0.3975	725	0	0	5	4	8.4262	2019	0.8	1.6852
1223	sujiansyah d.a.	-0.8623	-0.39	726	0	0	1	0	0	2019	0	0
1224	sukarno p.	-0.2414	0.1191	3	6	9	8	9	18.959	2019	1.125	2.3699
1225	sukma dilaga d.f.	-0.9319	0.1683	727	0	0	1	0	0	2019	0	0
1226	sukmadilaga c.	0.2042	-0.9256	728	0	0	1	2	4.2131	2019	2	4.2131
1227	suksmono a.b.	-0.3175	-0.6351	729	0	0	2	0	0	2019	0	0
1228	sulhadi	0.631	-0.1263	730	0	0	1	0	0	2019	0	0
1229	"sulhadi, sugianto, astuti b."	0.7889	0.2062	731	0	0	1	0	0	2019	0	0
1230	"sulhadi, usriyah f."	0.4978	-0.4489	732	0	0	1	0	0	2019	0	0
1231	sulistian g.	0.3143	-0.6481	733	0	0	2	0	0	2019	0	0
1232	sulistijono i.a.	-0.5241	-0.7908	734	0	0	1	0	0	2019	0	0
1233	sulistyo b.	0.0965	-0.5086	735	0	0	1	0	0	2019	0	0
1234	sulistyo m.h.	-0.9168	0.0093	736	0	0	1	0	0	2019	0	0
1235	sumantri a.f.	-0.4107	-0.6799	737	0	0	1	1	2.1066	2019	1	2.1066
1236	sumaryo s.	0.6408	0.6987	738	0	0	5	1	2.1066	2019	0.2	0.4213
1237	sumaryono s.	0.8513	-0.1673	739	0	0	1	0	0	2019	0	0
1238	sumpono i.	0.9446	0.0879	740	0	0	1	0	0	2019	0	0
1239	sunaryo i.	0.9172	-0.2351	741	0	0	2	3	6.3197	2019	1.5	3.1598
1240	supadiyanto a.	-0.8581	0.3995	742	0	0	1	0	0	2019	0	0
1241	supriyatna t.b.	-0.5276	-0.2019	743	0	0	1	0	0	2019	0	0
1242	suputra m.	-0.6585	0.6805	744	0	0	1	0	0	2019	0	0
1243	suratman f.y.	-0.7806	-0.5372	745	0	0	2	0	0	2019	0	0
1244	surya devi a.a.p.b.	-0.437	0.6998	746	0	0	1	0	0	2019	0	0
1245	surya m.n.	-0.4382	-0.3817	747	0	0	2	1	2.1066	2019	0.5	1.0533
1246	suryadhini p.p.	-0.1465	0.9022	748	0	0	1	0	0	2019	0	0
1247	suryana a.	0.2322	-0.7936	749	0	0	1	0	0	2019	0	0
1248	suryana n.	-0.8386	-0.4436	750	0	0	1	1	2.1066	2019	1	2.1066
1249	suryanegara m.	-0.6333	-0.7057	751	0	0	1	0	0	2019	0	0
1250	suryani a.a.	-0.4879	0.722	752	0	0	3	1	2.1066	2019	0.3333	0.7022
1251	suryanto d.	-0.8456	-0.3416	753	0	0	1	0	0	2019	0	0
1252	suryawardani b.	-0.7308	-0.6033	754	0	0	1	0	0	2019	0	0
1253	susanti f.	0.4685	0.822	755	0	0	1	0	0	2019	0	0
1254	susanto a.	-0.8649	-0.3045	756	0	0	1	0	0	2019	0	0
1255	susanto e.	-0.0579	0.5341	757	0	0	2	0	0	2019	0	0
1256	susanty a.i.	0.8319	0.3638	758	0	0	1	0	0	2019	0	0
1257	susilowati s.	0.2465	0.5808	759	0	0	1	0	0	2019	0	0
1258	"susilowati, martha r.k."	0.2869	-0.4643	760	0	0	1	0	0	2019	0	0
1259	sussi	0.2038	0.9249	761	0	0	2	0	0	2019	0	0
1260	"sussi, fitriyanti n."	0.3735	-0.318	762	0	0	1	0	0	2019	0	0
1261	"sussi, negara r.m."	0.1565	0.8651	763	0	0	1	0	0	2019	0	0
1262	sutedi a.	-0.4072	-0.5697	764	0	0	1	0	0	2019	0	0
1263	suteja e.a.	-0.1815	-0.4866	765	0	0	1	0	0	2019	0	0
1264	sutoyo e.	-0.3832	-0.7314	766	0	0	12	5	10.5328	2019	0.4167	0.8777
1265	suwandi	-0.6325	-0.0345	767	0	0	1	0	0	2019	0	0
1266	"suwandi, agustian e."	0.3235	-0.3706	768	0	0	1	0	0	2019	0	0
1267	"suwandi, anggraini c.d."	-0.9489	0.0049	769	0	0	1	0	0	2019	0	0
1268	"suwandi, sutisna, othaman z."	0.3621	0.5231	770	0	0	1	0	0	2019	0	0
1269	suwardi i.s.	0.5022	-0.7158	771	0	0	1	0	0	2019	0	0
1270	suwastika n.a.	-0.2415	0.1211	3	3	3	4	9	18.959	2019	2.25	4.7398
1271	suya m.n.	-0.6089	0.4394	772	0	0	1	0	0	2019	0	0
1272	suyanto	0.5148	0.31	773	0	0	2	1	2.1066	2019	0.5	1.0533
1273	suyanto s.	0.2354	-0.2544	4	6	11	20	14	29.4918	2019	0.7	1.4746
1274	suzan l.	-0.6051	-0.2891	774	0	0	1	2	4.2131	2019	2	4.2131
1275	syachrul r.m.m.a.k.	-0.183	0.4649	775	0	0	1	0	0	2019	0	0
1276	syafiera t.	0.8428	-0.2155	776	0	0	1	0	0	2019	0	0
1277	syafiraliany l.	-0.6755	-0.6655	777	0	0	1	0	0	2019	0	0
1278	syahputra i.	-0.11	0.3527	778	0	0	1	1	2.1066	2019	1	2.1066
1279	syahrial f.h.	0.2603	0.4985	779	0	0	1	1	2.1066	2019	1	2.1066
1280	syahriszani r.	0.1004	-0.6335	7	3	3	1	0	0	2019	0	0
1281	syam s.s.	0.9017	0.1697	780	0	0	1	0	0	2019	0	0
1282	syambas n.r.	0.8756	0.2513	781	0	0	3	1	2.1066	2019	0.3333	0.7022
1283	syamranata t.	0.2995	-0.8635	782	0	0	1	0	0	2019	0	0
1284	syarifuddin s.	-0.7573	-0.0481	783	0	0	5	1	2.1066	2019	0.2	0.4213
1285	syihabuddin b.	-0.6813	0.6131	784	0	0	11	2	4.2131	2019	0.1818	0.383
1286	syukur a.m.	-0.1553	0.8018	785	0	0	1	0	0	2019	0	0
1287	takami a.	-0.7647	-0.5595	786	0	0	1	2	4.2131	2019	2	4.2131
1288	tama v.o.	-0.5801	-0.1504	787	0	0	1	2	4.2131	2019	2	4.2131
1289	tamara m.n.	-0.247	0.4927	788	0	0	1	1	2.1066	2019	1	2.1066
1290	tanaka h.	0.3764	0.8689	789	0	0	1	0	0	2019	0	0
1291	tanaka r.	0.3282	0.8876	790	0	0	1	0	0	2019	0	0
1292	taqyudin m.i.	0.8905	0.325	791	0	0	1	0	0	2019	0	0
1293	tarigan h.	0.8501	-0.413	792	0	0	1	4	8.4262	2019	4	8.4262
1294	tarwidi d.	-0.6166	0.7129	793	0	0	2	3	6.3197	2019	1.5	3.1598
1295	tasmara f.	-0.4536	0.2324	794	0	0	1	0	0	2019	0	0
1296	tawaqal g.	0.3407	-0.585	795	0	0	1	0	0	2019	0	0
1297	teguh kurniawan m.	-0.0289	-0.9134	796	0	0	1	0	0	2019	0	0
1298	telnoni p.a.	-0.2471	0.5645	797	0	0	1	0	0	2019	0	0
1299	thea nisaa'andi s.	0.5116	0.7539	798	0	0	1	0	0	2019	0	0
1300	tobing m.r.r.	-0.8473	0.4239	799	0	0	1	0	0	2019	0	0
1301	triadi m.b.	-0.2101	0.7904	800	0	0	1	0	0	2019	0	0
1302	triartono z.	0.5072	-0.1109	801	0	0	2	0	0	2019	0	0
1303	trihanondo d.	0.0668	0.7499	802	0	0	2	0	0	2019	0	0
1304	trilaksono b.r.	-0.3688	0.4786	803	0	0	2	3	6.3197	2019	1.5	3.1598
1305	tripiawan w.	-0.0941	0.941	804	0	0	7	7	14.7459	2019	1	2.1066
1306	trisetyarso a.	0.9415	-0.1025	805	0	0	1	0	0	2019	0	0
1307	trisnawan i.k.n.	-0.3255	0.8109	806	0	0	2	0	0	2019	0	0
1308	tritoasmoro i.i.	0.9444	-0.0753	807	0	0	1	0	0	2019	0	0
1309	triyoso k.	0.6597	0.1818	808	0	0	1	0	0	2019	0	0
1310	tulloh r.	-0.3199	-0.8922	809	0	0	2	0	0	2019	0	0
1311	turmudzi m.	-0.6388	0.5939	810	0	0	1	1	2.1066	2019	1	2.1066
1312	turnip a.	-0.5373	-0.4541	811	0	0	2	0	0	2019	0	0
1313	turnip m.	0.4918	0.1233	812	0	0	1	0	0	2019	0	0
1314	ullah a.	-0.9051	-0.1086	813	0	0	1	1	2.1066	2019	1	2.1066
1315	ulumudin g.i.	-0.4134	-0.7736	814	0	0	1	1	2.1066	2019	1	2.1066
1316	ulya a.h.	-0.4609	0.7922	815	0	0	1	0	0	2019	0	0
1317	ulya n.	0.894	-0.3161	816	0	0	1	0	0	2019	0	0
1318	umar hediyanto y.k.s.	0.5636	0.6024	817	0	0	1	0	0	2019	0	0
1319	umar m.a.	-0.1957	-0.8844	818	0	0	1	1	2.1066	2019	1	2.1066
1320	umar r.	-0.6768	0.6617	819	0	0	1	0	0	2019	0	0
1321	usman k.	-0.7574	0.2968	820	0	0	3	1	2.1066	2019	0.3333	0.7022
1322	usman u.k.	0.5971	0.1964	821	0	0	3	0	0	2019	0	0
1323	utama d.q.	0.6657	0.0731	822	0	0	1	0	0	2019	0	0
1324	utama n.i.	0.3366	-0.886	823	0	0	2	8	16.8525	2019	4	8.4262
1325	utami d.p.	-0.7296	-0.327	824	0	0	1	0	0	2019	0	0
1326	utomo m.r.a.	0.4212	0.1132	825	0	0	1	0	0	2019	0	0
1327	varelo j.	0.0845	-0.8239	826	0	0	1	0	0	2019	0	0
1328	verdiansyah o.	0.6994	-0.6379	827	0	0	1	3	6.3197	2019	3	6.3197
1329	viady a.s.	-0.2635	0.6269	828	0	0	1	0	0	2019	0	0
1330	vidyaningtyas h.	0.0715	0.533	829	0	0	1	0	0	2019	0	0
1331	vinsensius sigit w.p.	0.3426	0.6725	830	0	0	1	0	0	2019	0	0
1332	vira c.	0.9463	-0.0485	831	0	0	1	0	0	2019	0	0
1333	virgono a.	-0.6935	0.4498	832	0	0	1	0	0	2019	0	0
1334	virra k.	0.5124	0.7954	833	0	0	1	0	0	2019	0	0
1335	vonia e.	0.2026	0.2094	834	0	0	1	0	0	2019	0	0
1336	wael c.	-0.7972	-0.0083	835	0	0	1	0	0	2019	0	0
1337	wael c.b.a.	-0.8173	0.4048	836	0	0	1	0	0	2019	0	0
1338	wahid n.a.	0.9129	0.0023	837	0	0	1	0	0	2019	0	0
1339	wahida f.w.	0.7779	0.5406	838	0	0	1	0	0	2019	0	0
1340	wahidah i.	-0.6519	0.0946	839	0	0	2	0	0	2019	0	0
1341	wahvu y.	0.2951	0.6277	840	0	0	1	0	0	2019	0	0
1342	wahyu y.	-0.6643	-0.474	841	0	0	7	0	0	2019	0	0
1343	wahyuddin s.	-0.4121	-0.3135	842	0	0	1	0	0	2019	0	0
1344	wahyudi b.a.	0.4885	-0.7645	843	0	0	2	0	0	2019	0	0
1345	wangsa d.w.	-0.8347	0.4471	844	0	0	1	0	0	2019	0	0
1346	wardana a.a.	-0.9294	-0.1819	845	0	0	3	1	2.1066	2019	0.3333	0.7022
1347	wardani a.e.	0.5992	-0.7352	846	0	0	1	0	0	2019	0	0
1348	wardhani i.r.	-0.5567	-0.6095	847	0	0	1	0	0	2019	0	0
1349	wardono p.	-0.555	0.3988	848	0	0	1	0	0	2019	0	0
1350	wardoyo r.	-0.0135	-0.2148	1	4	4	2	5	10.5328	2019	2.5	5.2664
1351	warrdana a.a.	-0.233	0.8368	849	0	0	1	0	0	2019	0	0
1352	warsahemas t.	-0.4957	0.7661	850	0	0	1	1	2.1066	2019	1	2.1066
1353	washizaki h.	-0.2946	-0.3897	851	0	0	2	1	2.1066	2019	0.5	1.0533
1354	wasisto i.	-0.5931	-0.2208	852	0	0	2	0	0	2019	0	0
1355	watanabe i.	0.3887	-0.8646	853	0	0	1	0	0	2019	0	0
1356	wenzao l.	0.7548	-0.5738	854	0	0	1	0	0	2019	0	0
1357	wibawa i.p.d.	-0.5722	0.7159	855	0	0	5	3	6.3197	2019	0.6	1.2639
1358	wibisono g.	0.5136	-0.5114	856	0	0	1	0	0	2019	0	0
1359	wibowo e.	-0.1453	0.9367	857	0	0	3	0	0	2019	0	0
1360	wibowo m.s.	-0.4518	-0.835	858	0	0	1	0	0	2019	0	0
1361	wibowo s.a.	-0.4829	-0.3248	859	0	0	3	1	2.1066	2019	0.3333	0.7022
1362	wibowo t.a.	-0.2742	0.9062	860	0	0	2	1	2.1066	2019	0.5	1.0533
1363	wicaksono b.a.	-0.1171	-0.7636	861	0	0	1	0	0	2019	0	0
1364	widhi prabowo v.s.	0.2322	0.7811	862	0	0	1	4	8.4262	2019	4	8.4262
1365	widhiono s.a.	0.119	0.7095	863	0	0	1	0	0	2019	0	0
1366	widiawan a.k.	-0.3043	0.3627	864	0	0	1	0	0	2019	0	0
1367	widjajarto a.	0.4305	0.7491	865	0	0	2	0	0	2019	0	0
1368	widodo a.	-0.7018	0.1388	866	0	0	1	0	0	2019	0	0
1369	widowati s.	-0.9466	0.0336	867	0	0	3	0	0	2019	0	0
1370	widyanesti s.	-0.1982	0.9261	868	0	0	1	0	0	2019	0	0
1371	widyatama p.z.	-0.2143	-0.6087	869	0	0	1	0	0	2019	0	0
1372	wijanto h.	0.9336	0.1696	870	0	0	7	1	2.1066	2019	0.1429	0.3009
1373	wijaya a.t.	-0.4389	-0.1045	871	0	0	1	0	0	2019	0	0
1374	wijaya d.r.	-0.2242	-0.534	872	0	0	3	15	31.5984	2019	5	10.5328
1375	wijaya r.s.	0.5043	-0.1839	873	0	0	1	0	0	2019	0	0
1376	wijaya y.s.	0.076	0.3785	874	0	0	1	0	0	2019	0	0
1377	wijayanto a.	-0.8476	-0.2143	875	0	0	1	1	2.1066	2019	1	2.1066
1378	wijayanto i.	0.1879	-0.0117	2	10	18	15	12	25.2787	2019	0.8	1.6852
1379	wijayanto p.w.	-0.6902	0.5741	876	0	0	2	0	0	2019	0	0
1380	wijayanto y.n.	-0.2495	0.9134	877	0	0	2	0	0	2019	0	0
1381	wijiutomo c.w.	-0.5197	-0.6899	878	0	0	2	0	0	2019	0	0
1382	"willy, setiawan e.b."	0.756	-0.0814	879	0	0	1	0	0	2019	0	0
1383	wimpy b.	-0.8134	0.312	880	0	0	1	0	0	2019	0	0
1384	winarno a.	0.9453	0.0601	881	0	0	1	0	0	2019	0	0
1385	winarsih s.	-0.2032	-0.288	882	0	0	1	0	0	2019	0	0
1386	winduratna b.	0.1849	-0.0137	2	6	6	1	2	4.2131	2019	2	4.2131
1387	wintaka d.c.	0.9466	-0.0212	883	0	0	1	1	2.1066	2019	1	2.1066
1388	wirabudi a.a.	-0.6928	0.5205	884	0	0	1	0	0	2019	0	0
1389	wirachantika w.	-0.1138	0.4269	885	0	0	1	0	0	2019	0	0
1390	wiraditya m.y.	-0.4417	-0.0313	886	0	0	1	1	2.1066	2019	1	2.1066
1391	wiratmadja i.i.	0.8589	0.2865	887	0	0	7	3	6.3197	2019	0.4286	0.9028
1392	wisesty u.n.	0.2342	-0.2554	4	2	2	4	6	12.6393	2019	1.5	3.1598
1393	wismiana e.	0.4449	-0.0821	888	0	0	1	0	0	2019	0	0
1394	witarsyah d.	0.3142	0.1422	889	0	0	3	0	0	2019	0	0
1395	witarsyah j.d.	-0.49	0.4864	890	0	0	1	1	2.1066	2019	1	2.1066
1396	witjaksono r.w.	-0.7968	0.2076	891	0	0	5	0	0	2019	0	0
1397	witjaksono w.	0.3424	-0.7562	892	0	0	2	0	0	2019	0	0
1398	wiyono	0.8007	-0.3466	893	0	0	1	1	2.1066	2019	1	2.1066
1399	woldegiorgis b.h.	0.6707	0.2705	10	2	4	2	3	6.3197	2019	1.5	3.1598
1400	wulandari c.d.r.	0.2318	-0.9191	894	0	0	1	1	2.1066	2019	1	2.1066
1401	wulandari s.	-0.2366	0.3404	895	0	0	1	0	0	2019	0	0
1402	yabuki a.	-0.5135	0.7962	896	0	0	2	6	12.6393	2019	3	6.3197
1403	yahaya n.	0.7462	0.5825	897	0	0	1	1	2.1066	2019	1	2.1066
1404	yahya m.s.	-0.3464	-0.6876	898	0	0	1	0	0	2019	0	0
1405	yamada k.	0.531	0.5525	899	0	0	1	0	0	2019	0	0
1406	yamada y.	0.1318	0.5685	900	0	0	4	1	2.1066	2019	0.25	0.5266
1407	yani m.	-0.6531	-0.6411	901	0	0	1	1	2.1066	2019	1	2.1066
1408	yanto i.t.r.	0.3852	-0.2535	902	0	0	1	3	6.3197	2019	3	6.3197
1409	yanuar ridwan a.	0.5201	0.7034	903	0	0	2	0	0	2019	0	0
1410	yasirandi r.	-0.2412	0.1196	3	6	10	4	2	4.2131	2019	0.5	1.0533
1411	yatari putri n.a.	0.6347	-0.533	904	0	0	1	4	8.4262	2019	4	8.4262
1412	yeu y.h.	0.9342	-0.1561	905	0	0	1	0	0	2019	0	0
1413	yogi o.	-0.1859	-0.8333	906	0	0	1	0	0	2019	0	0
1414	yoshikawa d.	-0.9455	-0.0471	907	0	0	1	1	2.1066	2019	1	2.1066
1415	yoshino a.	-0.5927	0.1249	908	0	0	1	2	4.2131	2019	2	4.2131
1416	yovita l.v.	0.5686	-0.1535	909	0	0	4	1	2.1066	2019	0.25	0.5266
1417	yudiana w.a.	-0.9086	0.0935	910	0	0	1	0	0	2019	0	0
1418	yudokusumo l.	0.8155	0.3143	911	0	0	1	0	0	2019	0	0
1419	yuliani s.y.	0.6962	0.6419	912	0	0	1	0	0	2019	0	0
1420	yulianti f.	-0.6669	0.0187	913	0	0	2	0	0	2019	0	0
1421	yulianto a.	0.0674	-0.9454	914	0	0	1	7	14.7459	2019	7	14.7459
1422	yulianto a.d.	-0.4363	0.3096	915	0	0	1	0	0	2019	0	0
1423	yulianto f.a.	0.322	0.2169	916	0	0	1	0	0	2019	0	0
1424	yuliawati l.	0.3649	0.8331	917	0	0	1	2	4.2131	2019	2	4.2131
1425	yunan u.	-0.1152	-0.0635	918	0	0	1	0	0	2019	0	0
1426	yuningsih y.	0.7627	-0.0221	919	0	0	1	0	0	2019	0	0
1427	yunita t.	-0.1647	0.6791	920	0	0	2	0	0	2019	0	0
1428	yunus m.	0.0069	0.6407	921	0	0	1	0	0	2019	0	0
1429	yustianto p.	0.3449	-0.517	922	0	0	1	0	0	2019	0	0
1430	yusuf a.m.	-0.5785	0.7499	923	0	0	1	0	0	2019	0	0
1431	yusup f.a.	0.1913	-0.701	924	0	0	1	0	0	2019	0	0
1432	yusza reditya m.	-0.5449	0.5273	925	0	0	1	0	0	2019	0	0
1433	yuwono k.a.	0.6821	-0.5514	926	0	0	1	0	0	2019	0	0
1434	yuwono s.	-0.7824	-0.3954	927	0	0	1	0	0	2019	0	0
1435	zafran a.	-0.3645	0.401	928	0	0	1	0	0	2019	0	0
1436	zahiraha s.g.	0.5748	0.6981	929	0	0	1	0	0	2019	0	0
1437	zahra r.t.	-0.28	0.7048	930	0	0	1	0	0	2019	0	0
1438	zainuddin s.	-0.6448	-0.1727	931	0	0	1	3	6.3197	2019	3	6.3197
1439	zakaria z.	0.5768	-0.2927	932	0	0	1	1	2.1066	2019	1	2.1066
1440	zakia i.	-0.2103	0.2622	933	0	0	2	0	0	2019	0	0
1441	zakirah d.	0.4473	-0.227	934	0	0	1	0	0	2019	0	0
1442	zaky d.	0.2029	0.8893	935	0	0	1	0	0	2019	0	0
1443	zamzami i.f.	0.7843	-0.5324	936	0	0	1	0	0	2019	0	0
1444	zamzuri h.	-0.9366	0.1421	937	0	0	1	0	0	2019	0	0
1445	zativita f.i.	-0.5955	0.5647	938	0	0	1	1	2.1066	2019	1	2.1066
1446	zein h.	0.375	-0.1866	939	0	0	1	3	6.3197	2019	3	6.3197
1447	zohro'iyah h.	0.5875	-0.3587	940	0	0	1	0	0	2019	0	0
1448	zucker k.	0.009	0.4968	941	0	0	1	0	0	2019	0	0
1449	zulaika e.	-0.3087	0.4452	942	0	0	1	9	18.959	2019	9	18.959
1450	zulaikha mohd afandi n.	-0.8738	-0.3663	943	0	0	1	0	0	2019	0	0
1451	zulfira f.z.	0.1303	0.8334	944	0	0	1	0	0	2019	0	0
