3	305	1
3	2236	1
3	3777	1
12	1023	1
12	1483	10
12	1558	2
12	1916	11
12	2998	4
12	3777	4
12	4171	1
12	4218	2
12	4376	1
15	398	1
15	863	1
15	954	1
15	1758	1
15	2480	1
15	2976	1
15	3142	1
15	3469	1
19	1086	1
19	1163	1
19	1729	1
19	2093	1
19	3713	1
19	4341	1
19	4387	1
33	2147	2
33	3378	2
33	3614	2
78	795	1
78	1181	1
78	1197	1
78	1287	1
78	2476	1
78	2744	1
78	3483	1
78	4428	1
99	102	1
99	153	1
99	205	1
99	733	1
99	786	1
99	1283	1
99	2771	1
99	3265	1
102	153	1
102	205	1
102	544	1
102	646	1
102	661	1
102	733	2
102	786	2
102	1283	2
102	1556	3
102	1687	1
102	2021	1
102	2332	1
102	2404	1
102	2771	2
102	2844	1
102	3228	1
102	3239	2
102	3265	1
102	3266	1
102	3416	1
102	3490	2
102	3725	1
102	4199	2
102	4635	1
102	4719	1
102	4789	1
111	113	1
111	1473	1
111	2241	1
111	2766	1
111	3193	1
111	3422	1
111	3955	1
111	4271	1
111	4372	1
111	4464	1
112	113	5
112	1473	1
112	2241	1
112	2766	1
112	3193	5
112	3422	5
112	3955	5
112	4271	5
112	4372	5
112	4464	5
113	268	1
113	358	1
113	443	1
113	1078	1
113	1610	1
113	1901	1
113	1984	2
113	2389	1
113	2924	1
113	3166	1
113	3188	1
113	3193	10
113	3218	1
113	3303	1
113	3358	1
113	3419	1
113	3421	1
113	3422	10
113	3481	1
113	3560	1
113	3608	1
113	3824	1
113	3955	1
113	4077	1
113	4261	2
113	4271	10
113	4370	1
113	4372	9
113	4464	1
113	4571	1
113	4773	1
136	963	2
136	1122	2
136	1347	2
136	1446	1
136	2276	1
136	2798	2
136	3465	2
136	3724	2
136	4058	1
136	4161	2
144	599	1
144	1309	1
144	1549	1
144	1689	1
144	2003	1
144	2942	1
144	3391	1
144	4416	1
153	646	1
153	733	1
153	786	1
153	1283	1
153	2771	1
157	1283	1
157	3177	1
157	3685	1
157	4635	1
157	4713	1
158	1283	1
158	3177	1
158	3685	1
158	4635	1
158	4713	1
159	369	1
159	514	1
159	1185	1
159	2171	1
159	4408	1
159	4459	1
164	165	2
164	282	2
164	655	1
164	932	1
164	1303	1
164	1415	1
164	1759	1
164	1792	2
164	1797	1
164	2034	1
165	282	3
165	932	2
165	1414	2
165	1698	1
165	1792	3
165	1798	1
165	2034	1
165	4658	1
172	248	1
172	1972	1
172	2256	1
172	2458	1
172	2574	1
172	2684	1
172	3617	1
172	3622	1
172	3698	1
194	327	1
194	1440	1
194	1548	1
194	2468	1
194	2597	1
194	3189	1
205	646	1
205	733	1
205	786	1
205	1283	1
205	2771	1
213	395	1
213	954	2
213	1878	2
213	4133	1
215	601	1
215	870	1
215	2221	1
215	2645	1
215	3580	1
221	1772	1
221	1980	1
221	3534	1
226	1553	1
226	2166	1
226	2710	1
226	3142	1
226	3507	1
236	865	2
236	1465	1
236	1755	1
236	1756	1
236	2420	1
236	2833	1
236	2834	1
236	3161	1
248	524	1
248	1972	2
248	2256	2
248	2458	2
248	2574	2
248	2684	2
248	3617	2
248	3622	1
248	3698	2
256	628	1
256	1139	1
256	2044	1
256	4224	1
264	2147	1
264	3378	1
264	3614	1
268	3193	1
268	3422	1
268	3955	1
268	4271	1
268	4372	1
268	4464	1
277	628	1
277	1139	1
277	2044	1
277	4224	1
282	655	1
282	932	3
282	1303	1
282	1414	2
282	1415	1
282	1698	1
282	1759	1
282	1790	1
282	1792	6
282	1797	1
282	1798	1
282	2034	2
282	4658	1
290	2770	1
290	3488	1
290	4635	1
305	2237	1
305	3919	1
305	4222	1
309	724	4
309	1314	8
309	1437	8
309	1486	1
309	1587	1
309	1880	1
309	2956	3
309	3474	2
309	4075	7
309	4391	2
309	4546	8
309	4792	1
313	628	1
313	1139	1
313	2044	1
313	4224	1
314	911	2
314	1345	1
314	1606	1
314	3310	1
314	3910	3
314	4409	2
314	4598	1
325	402	1
325	510	1
325	1283	1
325	2011	1
325	3177	1
325	4400	1
327	2286	1
327	2467	1
327	2596	1
327	3056	1
327	3189	1
349	1515	1
349	2277	1
349	3060	1
349	3524	1
349	3777	1
355	414	1
355	575	1
355	1193	1
355	2133	1
355	2722	1
355	3656	1
358	3193	1
358	3422	1
358	3955	1
358	4271	1
358	4372	1
358	4464	1
359	616	1
359	1388	1
359	1515	1
359	3060	1
359	3777	1
359	4134	1
367	677	1
367	1374	1
367	3338	1
367	3433	1
367	3446	1
369	514	1
369	1185	2
369	1633	1
369	2171	1
369	2685	1
369	4408	2
369	4459	2
370	445	1
370	954	1
370	3018	1
370	3036	1
370	3937	1
370	4131	1
370	4735	1
395	954	1
395	1878	1
398	863	2
398	954	1
398	1758	1
398	2480	1
398	2976	1
398	3006	1
398	3142	2
398	3469	2
398	4362	1
402	510	1
402	1283	2
402	1608	1
402	1727	1
402	2011	1
402	2150	1
402	2395	1
402	3177	1
402	3414	1
402	4400	1
402	4721	1
414	517	1
414	1338	1
414	1372	1
414	1883	1
414	3384	1
414	3787	1
414	3868	1
415	904	1
415	1147	1
415	1324	1
415	1580	1
415	2137	1
415	2197	1
415	2757	1
415	3119	1
415	4038	2
415	4040	1
415	4143	1
443	762	1
443	1982	1
443	3608	1
445	954	2
445	1075	1
445	2108	1
445	2140	1
445	3018	2
445	3036	3
445	3652	1
445	3937	2
445	4131	2
445	4354	1
445	4546	1
445	4735	3
454	859	1
454	1352	1
454	2940	1
455	1086	1
455	1163	1
455	1729	1
455	2093	1
455	3713	1
455	4341	1
455	4387	1
488	804	1
488	904	2
488	1336	1
488	1469	1
488	1991	1
488	2468	2
488	2597	2
488	2827	1
488	3046	1
488	3234	2
488	3283	1
488	4076	1
488	4553	1
506	2147	1
506	3378	1
506	3614	1
510	1283	2
510	1608	1
510	1727	1
510	2150	1
510	2395	1
510	3177	1
510	3414	1
510	3685	1
510	4635	1
510	4713	1
510	4721	1
514	1185	1
514	1633	1
514	2685	1
514	4408	1
514	4459	1
517	2133	1
524	1972	1
524	2256	1
524	2458	1
524	2574	1
524	2684	1
524	3617	1
524	3622	1
524	3698	1
544	1556	1
544	1687	1
544	3490	1
575	1055	1
575	2582	1
575	3801	1
575	4688	1
585	871	1
585	1306	1
585	1408	1
585	4281	1
586	818	1
588	974	1
588	1398	1
588	3036	1
588	3747	1
593	601	1
593	870	1
593	2221	1
593	2645	1
593	3580	1
599	2942	1
599	3391	1
599	4093	1
601	981	1
602	1029	2
602	1110	2
602	1522	2
602	2159	2
602	2813	2
602	4434	2
612	881	1
612	1176	1
612	2970	1
616	1871	1
616	3749	1
628	1139	4
628	1483	1
628	1878	1
628	1906	1
628	1916	1
628	2044	7
628	2528	1
628	2544	1
628	2695	1
628	2980	1
628	3028	1
628	4171	1
628	4224	4
646	733	1
646	786	1
646	1283	1
646	2771	1
646	3265	1
655	932	1
655	1414	1
655	1792	1
661	2021	1
661	3266	1
661	3416	1
661	4199	1
661	4789	1
665	2005	1
665	2109	1
665	4703	1
668	2729	1
668	3998	1
677	1238	1
677	1374	1
677	3244	1
677	3433	1
677	3446	2
703	1421	1
703	1609	1
703	1611	2
703	1640	1
703	2157	2
703	2328	2
703	2330	2
703	2739	1
703	3851	2
703	4235	1
712	2147	1
712	3378	1
712	3614	1
723	1086	1
723	1163	1
723	1729	1
723	2093	1
723	3713	1
723	4341	1
723	4387	1
724	1314	5
724	1437	5
724	2956	2
724	3474	1
724	4075	5
724	4391	1
724	4546	5
724	4792	1
729	1878	2
729	1975	1
729	2148	1
729	2149	1
729	2490	1
729	4032	2
733	786	2
733	1283	2
733	2771	2
733	3265	1
745	1086	1
745	1163	1
745	1729	1
745	2093	1
745	3713	1
745	4341	1
745	4387	1
750	2005	1
750	2109	1
750	4703	1
751	1072	1
751	1569	1
751	2544	1
751	3776	1
751	4674	1
758	2147	1
758	3378	1
758	3614	1
762	1078	1
762	1901	1
762	2389	1
762	3608	1
786	1283	2
786	2771	2
786	3265	1
794	2147	2
794	3378	2
794	3614	2
795	1181	1
795	1197	1
795	1287	1
795	2476	1
795	2744	1
795	3483	1
795	3595	1
795	4428	1
802	1718	1
802	2210	1
802	3435	1
802	4614	1
803	1086	1
803	1163	1
803	1729	1
803	2093	1
803	3713	1
803	4341	1
803	4387	1
804	904	7
804	921	1
804	1245	1
804	1336	3
804	1340	1
804	1469	4
804	1706	1
804	1991	1
804	2468	6
804	2597	7
804	2757	1
804	2827	2
804	3046	2
804	3234	6
804	3283	2
804	3291	1
804	3876	1
804	4076	3
804	4553	1
818	3796	1
818	4415	1
832	1086	1
832	1163	1
832	1729	1
832	2093	1
832	3713	1
832	4341	1
832	4387	1
851	979	1
851	2690	1
851	4686	1
853	2819	1
853	3059	1
853	4071	1
859	1352	1
859	2603	1
859	3639	1
859	4328	1
859	4746	1
863	954	1
863	1758	1
863	2480	1
863	2976	1
863	3006	1
863	3142	2
863	3469	2
863	4362	1
865	1465	1
865	1755	1
865	1756	1
865	2420	1
865	2833	1
865	2834	1
865	3161	1
870	981	1
871	1306	1
871	1408	1
871	1840	1
871	3037	1
871	3184	1
871	4128	1
871	4281	3
871	4456	1
871	4629	1
881	1710	1
881	2876	1
881	2879	1
881	2970	1
881	3185	1
887	4314	1
887	4679	1
896	911	3
896	1345	1
896	1606	1
896	3310	1
896	3910	4
896	4409	3
896	4598	1
904	921	1
904	1147	1
904	1245	1
904	1324	1
904	1336	5
904	1340	2
904	1435	2
904	1469	7
904	1580	1
904	1706	1
904	1991	2
904	2137	1
904	2197	1
904	2301	2
904	2468	9
904	2597	12
904	2757	2
904	2827	4
904	2868	2
904	3046	2
904	3119	1
904	3149	1
904	3234	9
904	3283	2
904	3291	2
904	3761	1
904	3876	2
904	4038	3
904	4040	1
904	4076	5
904	4143	1
904	4264	2
904	4553	2
911	1836	3
911	3908	1
911	3909	1
911	3910	2
911	4409	2
921	1336	1
921	1469	1
921	2468	1
921	2597	1
921	3234	1
921	3291	1
932	1303	1
932	1414	1
932	1415	1
932	1759	1
932	1792	3
932	1797	1
932	2034	1
933	2119	1
933	2786	1
941	1772	1
941	1980	1
941	3534	1
944	2120	1
944	3446	1
944	3841	1
944	3912	1
944	4183	1
944	4281	1
953	1072	1
953	1569	1
953	2544	1
953	3776	1
953	4674	1
954	1075	1
954	1553	1
954	1878	2
954	2108	1
954	2140	1
954	2166	1
954	2710	1
954	3006	1
954	3036	1
954	3142	2
954	3469	1
954	3507	1
954	3652	1
954	4133	1
954	4354	1
954	4362	1
954	4546	1
954	4735	1
963	1122	2
963	1347	2
963	1446	1
963	2276	1
963	2798	2
963	3465	2
963	3724	2
963	4058	1
963	4161	2
974	1398	1
974	3036	1
979	2690	1
981	2221	1
981	2645	1
981	3580	1
1023	1483	3
1023	1558	1
1023	1916	3
1023	2998	1
1023	3777	1
1023	4171	1
1023	4218	2
1029	1110	2
1029	1522	2
1029	2159	2
1029	2813	2
1029	4434	2
1055	1193	1
1055	2722	1
1055	3656	1
1072	1101	1
1072	1569	1
1072	2544	2
1072	3510	1
1072	3775	1
1072	3776	1
1072	4674	1
1075	3018	1
1075	3036	1
1075	3937	1
1075	4131	1
1075	4735	1
1078	1982	1
1078	3608	1
1086	1163	1
1086	1660	1
1086	1729	2
1086	2093	2
1086	2257	1
1086	3237	1
1086	3699	1
1086	3713	2
1086	3809	1
1086	4341	2
1086	4387	2
1086	4623	1
1101	1569	1
1101	2544	1
1101	3776	1
1101	4674	1
1109	3088	1
1110	1522	2
1110	2159	2
1110	2813	2
1110	4434	2
1122	1347	2
1122	1446	1
1122	2276	1
1122	2798	2
1122	3465	2
1122	3724	2
1122	4058	1
1122	4161	2
1139	1906	1
1139	2044	2
1139	2528	1
1139	3028	1
1147	3149	1
1147	4038	1
1163	1660	1
1163	1729	1
1163	2093	1
1163	2257	1
1163	3237	1
1163	3699	1
1163	3713	1
1163	3809	1
1163	4341	1
1163	4387	1
1163	4623	1
1176	1710	1
1176	2876	1
1176	2879	1
1176	2970	1
1176	3185	1
1181	1197	1
1181	1287	1
1181	2476	1
1181	2744	1
1181	3595	1
1185	1633	1
1185	2171	1
1185	2685	1
1185	4408	2
1185	4459	2
1193	2582	1
1193	3801	1
1193	4688	1
1197	1574	1
1197	2004	1
1197	4419	1
1197	4428	1
1207	2005	1
1207	2109	1
1207	4703	1
1238	1374	1
1238	2120	1
1238	3338	1
1238	3433	1
1238	3446	2
1238	3841	1
1238	3912	1
1238	4183	1
1238	4281	1
1245	1336	1
1245	1469	1
1245	1991	1
1245	2468	1
1245	2597	1
1245	2827	1
1245	3234	1
1245	4076	1
1245	4553	1
1283	1608	1
1283	1727	1
1283	2011	2
1283	2150	1
1283	2395	1
1283	2771	2
1283	3177	4
1283	3265	1
1283	3414	1
1283	3470	1
1283	3685	2
1283	4400	3
1283	4584	1
1283	4635	2
1283	4713	2
1283	4721	1
1287	1574	1
1287	2004	1
1287	4419	1
1287	4428	1
1294	1515	1
1294	2378	2
1294	3060	1
1294	3793	4
1294	4160	1
1294	4450	4
1303	1414	1
1303	1792	1
1306	4128	1
1306	4281	1
1309	2942	1
1309	3391	1
1309	4093	1
1314	1437	10
1314	1486	2
1314	1587	2
1314	1880	2
1314	2956	3
1314	3474	2
1314	4075	8
1314	4391	2
1314	4546	10
1314	4792	1
1324	3149	1
1324	4038	1
1336	1340	1
1336	1469	3
1336	1706	1
1336	2468	4
1336	2597	5
1336	2757	1
1336	2827	1
1336	3046	1
1336	3234	4
1336	3283	1
1336	3291	1
1336	3876	1
1336	4076	2
1338	2133	1
1340	1469	1
1340	1991	1
1340	2468	2
1340	2597	2
1340	2827	1
1340	3046	1
1340	3234	2
1340	3283	1
1340	4076	1
1340	4553	1
1345	1836	1
1345	3909	1
1345	4409	1
1346	1772	1
1346	1980	1
1346	3534	1
1347	1446	1
1347	2276	1
1347	2798	2
1347	3465	2
1347	3724	2
1347	4058	1
1347	4161	2
1352	2603	1
1352	2940	1
1352	3639	1
1352	4328	1
1352	4746	1
1364	1515	1
1364	2277	1
1364	3060	1
1364	3524	1
1364	3777	1
1372	2133	1
1374	3244	1
1374	3338	1
1374	3433	2
1374	3446	3
1384	2119	1
1384	2786	1
1384	3088	1
1388	1871	1
1388	3749	1
1398	3036	2
1398	3747	1
1408	4128	1
1408	4281	1
1414	1415	1
1414	1759	1
1414	1792	2
1414	1797	1
1414	2034	1
1415	1792	1
1421	1611	1
1421	2157	1
1421	2328	1
1421	2330	1
1421	3851	1
1435	2301	2
1435	2597	2
1435	2868	2
1435	3761	1
1435	4264	2
1437	1486	2
1437	1587	2
1437	1880	2
1437	2956	3
1437	3474	2
1437	4075	8
1437	4391	2
1437	4546	10
1437	4792	1
1440	2286	1
1440	2467	1
1440	2596	1
1440	3056	1
1440	3189	1
1446	2276	1
1446	2798	1
1446	3465	1
1446	3724	1
1446	4161	1
1462	2251	1
1462	3653	1
1465	1756	1
1465	2420	1
1465	2834	1
1469	1706	1
1469	1991	1
1469	2468	6
1469	2597	7
1469	2757	1
1469	2827	2
1469	3046	2
1469	3234	6
1469	3283	2
1469	3291	1
1469	3876	1
1469	4076	3
1469	4553	1
1473	3166	1
1473	3188	1
1473	3193	1
1473	3419	1
1473	3421	1
1473	3422	1
1473	4261	1
1473	4271	2
1473	4370	1
1473	4372	1
1483	1558	10
1483	1916	35
1483	2044	1
1483	2544	1
1483	2998	15
1483	3458	1
1483	3777	13
1483	4171	7
1483	4218	8
1483	4376	4
1486	3474	1
1486	4075	2
1486	4546	2
1500	2819	1
1500	3059	1
1500	4071	1
1515	1871	1
1515	2419	1
1515	3749	1
1515	3777	1
1515	3793	1
1515	4450	1
1515	4484	1
1522	2159	2
1522	2813	2
1522	4434	2
1548	2286	1
1548	2467	1
1548	2596	1
1548	3056	1
1548	3189	1
1549	2942	1
1549	3391	1
1549	4093	1
1553	2166	1
1553	2710	2
1553	3142	2
1553	3507	2
1553	4362	1
1553	4472	1
1556	1687	1
1556	2332	1
1556	3228	1
1556	3239	1
1556	3490	2
1556	4635	1
1556	4719	1
1558	1916	11
1558	2998	4
1558	3777	4
1558	4171	1
1558	4218	2
1558	4376	1
1569	2544	1
1569	3510	1
1569	3775	1
1574	2476	1
1574	2744	1
1580	3149	1
1580	4038	1
1587	3474	1
1587	4075	2
1587	4546	2
1606	1836	1
1606	3909	1
1606	4409	1
1608	2011	1
1608	3177	1
1608	4400	1
1609	1611	1
1609	2157	1
1609	2328	1
1609	2330	1
1609	3851	1
1610	3193	1
1610	3422	1
1610	3955	1
1610	4271	1
1610	4372	1
1610	4464	1
1611	1640	1
1611	2157	2
1611	2328	2
1611	2330	2
1611	2739	1
1611	3851	2
1611	4235	1
1633	2171	1
1633	4408	1
1633	4459	1
1638	3635	1
1638	3810	1
1638	4055	1
1640	2157	1
1640	2328	1
1640	2330	1
1640	3851	1
1660	1729	1
1660	2093	1
1660	3713	1
1660	4341	1
1660	4387	1
1687	2332	1
1687	3490	1
1687	4635	1
1687	4719	1
1689	2942	1
1689	3391	1
1689	4093	1
1698	1790	1
1698	1792	1
1706	2468	1
1706	2597	1
1706	3234	1
1706	3291	1
1710	2970	1
1716	2664	2
1716	4472	2
1718	2210	1
1718	4614	1
1727	2011	1
1727	3177	1
1727	4400	1
1729	2093	2
1729	2257	1
1729	3237	1
1729	3699	1
1729	3713	2
1729	3809	1
1729	4341	2
1729	4387	2
1729	4623	1
1736	1737	2
1736	1822	1
1736	1833	1
1736	2121	1
1736	2288	2
1736	2451	1
1736	2459	1
1736	2683	2
1736	3692	1
1736	4156	1
1736	4159	1
1736	4437	1
1736	4618	2
1737	1822	1
1737	1833	1
1737	2121	1
1737	2288	2
1737	2451	1
1737	2459	1
1737	2683	2
1737	3692	1
1737	4156	1
1737	4159	1
1737	4437	1
1737	4618	2
1752	3635	1
1752	3810	1
1752	4055	1
1755	1756	1
1755	2420	1
1755	2834	1
1756	2833	1
1756	3161	1
1758	3006	1
1758	3142	1
1758	3469	1
1758	4362	1
1759	1792	1
1772	2271	1
1772	3256	1
1772	4486	1
1790	1792	1
1790	1798	1
1790	2034	1
1790	4658	1
1792	1797	1
1792	1798	1
1792	2034	2
1792	4658	1
1822	2288	1
1822	2459	1
1822	2683	1
1822	4159	1
1822	4618	1
1833	2288	1
1833	2459	1
1833	2683	1
1833	4159	1
1833	4618	1
1836	3310	1
1836	3910	4
1836	4409	3
1836	4598	1
1840	3184	1
1840	4456	1
1840	4629	1
1871	3060	1
1871	3777	1
1871	4134	1
1878	1975	1
1878	2044	1
1878	2148	1
1878	2149	1
1878	2490	1
1878	4032	2
1878	4133	1
1880	3474	1
1880	4075	2
1880	4546	2
1883	2133	1
1901	1982	1
1901	3608	1
1906	2044	1
1906	4224	1
1916	2044	1
1916	2544	1
1916	2998	16
1916	3458	1
1916	3777	14
1916	4171	8
1916	4218	10
1916	4376	4
1958	4228	1
1972	2256	2
1972	2458	2
1972	2574	2
1972	2684	2
1972	3617	2
1972	3622	1
1972	3698	2
1975	2148	1
1975	2490	1
1975	4032	1
1980	2271	1
1980	3256	1
1980	4486	1
1982	2389	1
1982	3608	1
1984	3193	2
1984	3422	2
1984	3955	2
1984	4271	2
1984	4372	2
1984	4464	2
1987	3774	2
1987	4602	2
1991	2468	1
1991	2597	2
1991	2757	1
1991	2827	1
1991	3234	1
1991	3876	1
1991	4076	1
2003	2942	1
2003	3391	1
2003	4093	1
2004	2476	1
2004	2744	1
2005	2109	1
2005	3361	1
2005	4703	1
2011	2150	1
2011	2395	1
2011	3177	1
2011	3414	1
2011	3685	1
2011	4635	1
2011	4713	1
2011	4721	1
2021	2404	1
2021	2844	1
2021	3725	1
2044	2528	1
2044	2544	1
2044	2695	1
2044	2980	1
2044	3028	1
2044	4171	1
2044	4224	2
2093	2257	1
2093	3237	1
2093	3699	1
2093	3713	2
2093	3809	1
2093	4341	2
2093	4387	2
2093	4623	1
2107	4314	1
2107	4679	1
2108	3018	1
2108	3036	1
2108	3937	1
2108	4131	1
2108	4735	1
2109	3361	1
2119	3258	1
2119	3323	1
2119	3336	1
2120	3446	2
2120	3536	1
2120	3841	2
2120	3912	1
2120	4080	1
2120	4183	1
2120	4281	1
2121	2288	1
2121	2459	1
2121	2683	1
2121	4159	1
2121	4618	1
2133	3384	1
2133	3787	1
2133	3868	1
2137	3149	1
2137	4038	1
2139	2251	1
2139	3653	1
2140	3018	1
2140	3036	1
2140	3937	1
2140	4131	1
2140	4735	1
2147	3078	1
2147	3378	1
2147	3614	2
2148	2149	1
2148	4032	1
2149	2490	1
2149	4032	1
2150	3177	1
2150	4400	1
2157	2328	2
2157	2330	2
2157	2739	1
2157	3851	2
2157	4235	1
2159	2813	2
2159	4434	2
2166	2710	1
2166	3142	1
2166	3507	1
2166	4362	1
2166	4472	1
2171	2685	1
2171	4408	1
2171	4459	1
2197	3149	1
2197	4038	1
2210	3435	1
2236	2237	1
2236	3919	1
2236	4222	1
2237	3777	1
2241	3166	1
2241	3188	1
2241	3193	1
2241	3419	1
2241	3421	1
2241	3422	1
2241	4261	1
2241	4271	2
2241	4370	1
2241	4372	1
2251	3590	1
2251	3653	1
2251	3696	1
2251	3821	1
2256	2458	2
2256	2574	2
2256	2684	2
2256	3617	2
2256	3622	1
2256	3698	2
2257	3713	1
2257	4341	1
2257	4387	1
2259	2587	1
2259	2729	1
2259	2887	1
2259	4333	1
2271	3534	1
2276	2798	1
2276	3465	1
2276	3724	1
2276	4058	1
2276	4161	1
2277	2419	1
2277	3777	1
2277	4484	1
2286	2468	1
2286	2597	1
2286	3189	1
2288	2451	1
2288	2459	1
2288	2683	2
2288	3692	1
2288	4156	1
2288	4159	1
2288	4437	1
2288	4618	2
2301	2597	2
2301	2868	2
2301	3761	1
2301	4264	2
2328	2330	2
2328	2739	1
2328	3851	2
2328	4235	1
2330	2739	1
2330	3851	2
2330	4235	1
2332	3490	1
2378	3793	1
2378	4160	1
2378	4450	1
2389	3608	1
2395	3177	1
2395	4400	1
2404	3266	1
2404	3416	1
2404	4199	1
2404	4789	1
2419	3060	1
2419	3524	1
2419	3777	1
2420	2833	1
2420	3161	1
2441	4314	1
2441	4679	1
2451	2459	1
2451	2683	1
2451	4159	1
2451	4618	1
2458	2574	2
2458	2684	2
2458	3617	2
2458	3622	1
2458	3698	2
2459	2683	1
2459	3692	1
2459	4156	1
2459	4437	1
2459	4618	1
2467	2468	1
2467	2597	1
2467	3189	1
2468	2596	1
2468	2597	9
2468	2757	1
2468	2827	3
2468	3046	2
2468	3056	1
2468	3189	1
2468	3234	8
2468	3283	2
2468	3291	2
2468	3876	2
2468	4076	4
2468	4553	1
2476	4419	1
2476	4428	1
2480	3006	1
2480	3142	1
2480	3469	1
2480	4362	1
2490	4032	1
2528	4224	1
2544	3458	1
2544	3510	1
2544	3775	1
2544	3776	1
2544	3777	1
2544	4376	1
2544	4674	1
2574	2684	2
2574	3617	2
2574	3622	1
2574	3698	2
2582	2722	1
2582	3656	1
2587	2729	1
2587	3153	1
2587	3319	1
2587	3411	1
2587	3998	1
2596	2597	1
2596	3189	1
2597	2757	1
2597	2827	4
2597	2868	2
2597	3046	2
2597	3056	1
2597	3189	1
2597	3234	9
2597	3283	2
2597	3291	2
2597	3761	1
2597	3876	2
2597	4076	5
2597	4264	2
2597	4553	2
2603	2940	1
2664	4472	2
2683	3692	1
2683	4156	1
2683	4159	1
2683	4437	1
2683	4618	2
2684	3617	2
2684	3622	1
2684	3698	2
2685	4408	1
2685	4459	1
2690	4686	1
2710	3142	2
2710	3507	2
2710	4362	1
2710	4472	1
2722	3801	1
2722	4688	1
2729	2887	1
2729	3153	1
2729	3319	1
2729	3411	1
2729	3998	1
2729	4333	1
2739	3851	1
2744	4419	1
2744	4428	1
2757	2827	1
2757	3149	1
2757	3234	1
2757	4038	1
2757	4076	1
2757	4553	1
2766	3166	1
2766	3188	1
2766	3193	1
2766	3419	1
2766	3421	1
2766	3422	1
2766	4261	1
2766	4271	2
2766	4370	1
2766	4372	1
2770	3488	1
2770	4013	1
2770	4635	1
2771	3265	1
2786	3258	1
2786	3323	1
2786	3336	1
2798	3465	2
2798	3724	2
2798	4058	1
2798	4161	2
2813	4434	2
2819	3059	1
2819	3331	2
2819	3915	1
2819	3921	1
2819	4071	3
2819	4711	1
2827	3046	1
2827	3234	3
2827	3283	1
2827	3876	1
2827	4076	2
2827	4553	1
2833	2834	1
2834	3161	1
2844	3266	1
2844	3416	1
2844	4199	1
2844	4789	1
2868	3761	1
2868	4264	2
2876	2970	1
2879	2970	1
2887	3153	1
2887	3319	1
2887	3411	1
2887	3998	1
2924	3193	1
2924	3422	1
2924	3955	1
2924	4271	1
2924	4372	1
2924	4464	1
2940	3639	1
2940	4328	1
2940	4746	1
2942	3391	2
2942	4093	1
2942	4416	1
2956	4075	3
2956	4391	1
2956	4546	3
2956	4792	1
2970	3185	1
2976	3006	1
2976	3142	1
2976	3469	1
2976	4362	1
2998	3777	5
2998	4171	2
2998	4218	3
2998	4376	1
3006	3142	1
3006	3469	1
3018	3036	1
3018	3652	1
3018	4354	1
3018	4546	1
3018	4735	1
3028	4224	1
3036	3652	1
3036	3747	1
3036	3937	1
3036	4131	1
3036	4354	1
3036	4546	1
3036	4735	2
3037	3184	1
3037	4456	1
3037	4629	1
3046	3234	2
3046	3291	1
3046	3876	1
3046	4076	1
3056	3189	1
3059	3331	2
3059	3915	1
3059	3921	1
3059	4071	4
3059	4711	1
3060	3749	1
3060	3777	1
3060	4160	1
3060	4484	1
3078	3378	1
3078	3614	1
3119	3149	1
3119	4038	1
3142	3469	2
3142	3507	2
3142	4362	2
3142	4472	1
3149	4038	2
3149	4040	1
3149	4143	1
3153	4333	1
3166	3193	1
3166	3422	1
3166	3955	1
3166	4271	1
3166	4372	1
3166	4464	1
3177	3414	1
3177	3470	1
3177	3685	1
3177	4400	2
3177	4584	1
3177	4635	1
3177	4713	1
3177	4721	1
3184	4281	1
3188	3193	1
3188	3422	1
3188	3955	1
3188	4271	1
3188	4372	1
3188	4464	1
3193	3218	1
3193	3303	1
3193	3358	1
3193	3419	1
3193	3421	1
3193	3422	18
3193	3481	1
3193	3560	1
3193	3824	1
3193	3955	9
3193	4077	1
3193	4261	2
3193	4271	18
3193	4370	1
3193	4372	17
3193	4464	9
3193	4571	1
3193	4773	1
3218	3422	1
3218	3955	1
3218	4271	1
3218	4372	1
3218	4464	1
3228	3239	1
3228	4199	1
3234	3283	2
3234	3291	2
3234	3876	2
3234	4076	4
3234	4553	1
3237	3713	1
3237	4341	1
3237	4387	1
3239	4199	1
3244	3338	1
3244	3433	1
3244	3446	1
3256	3534	1
3266	3725	1
3283	3291	1
3283	3876	1
3283	4076	1
3291	4076	1
3303	3422	1
3303	3955	1
3303	4271	1
3303	4372	1
3303	4464	1
3310	3909	1
3310	4409	1
3319	4333	1
3331	4071	2
3338	3433	1
3338	3446	2
3358	3422	1
3358	3955	1
3358	4271	1
3358	4372	1
3358	4464	1
3361	4703	1
3378	3614	1
3391	4093	1
3391	4416	1
3411	4333	1
3414	4400	1
3416	3725	1
3419	3422	1
3419	3955	1
3419	4271	1
3419	4372	1
3419	4464	1
3421	3422	1
3421	3955	1
3421	4271	1
3421	4372	1
3421	4464	1
3422	3481	1
3422	3560	1
3422	3824	1
3422	3955	9
3422	4077	1
3422	4261	2
3422	4271	18
3422	4370	1
3422	4372	17
3422	4464	9
3422	4571	1
3422	4773	1
3433	3446	3
3435	4614	1
3446	3536	1
3446	3841	2
3446	3912	1
3446	4080	1
3446	4183	1
3446	4281	1
3458	4171	1
3465	3724	2
3465	4058	1
3465	4161	2
3469	4362	1
3470	3685	1
3470	4635	1
3470	4713	1
3474	4075	1
3474	4546	2
3481	3955	1
3481	4271	1
3481	4372	1
3481	4464	1
3483	3595	1
3488	4013	1
3488	4635	2
3490	4635	1
3490	4719	1
3507	4362	1
3507	4472	1
3510	3776	1
3510	4674	1
3524	3777	1
3524	4484	1
3534	4486	1
3536	3841	1
3536	3912	1
3536	4183	1
3536	4281	1
3560	3955	1
3560	4271	1
3560	4372	1
3560	4464	1
3590	3653	1
3595	4428	1
3617	3622	1
3617	3698	2
3622	3698	1
3635	3805	1
3635	3810	1
3635	4055	2
3635	4504	1
3652	3937	1
3652	4131	1
3652	4735	1
3653	3696	1
3653	3821	1
3656	3801	1
3656	4688	1
3685	4400	2
3685	4584	1
3692	4159	1
3692	4618	1
3699	3713	1
3699	4341	1
3699	4387	1
3713	3809	1
3713	4341	2
3713	4387	2
3713	4623	1
3724	4058	1
3724	4161	2
3725	4199	1
3725	4789	1
3749	3777	1
3749	4134	1
3761	4264	1
3774	4602	2
3775	3776	1
3775	4674	1
3777	3919	1
3777	4171	4
3777	4218	5
3777	4222	1
3777	4376	1
3777	4484	1
3793	4450	4
3805	3810	1
3805	4055	1
3809	4341	1
3809	4387	1
3810	4055	1
3810	4504	1
3824	3955	1
3824	4271	1
3824	4372	1
3824	4464	1
3841	3912	1
3841	4080	1
3841	4183	1
3841	4281	1
3851	4235	1
3876	4076	1
3876	4553	1
3908	3910	1
3908	4409	1
3909	3910	2
3909	4409	1
3909	4598	1
3910	4409	5
3912	4080	1
3915	4071	1
3921	4071	1
3937	4354	1
3937	4546	1
3937	4735	1
3955	4077	1
3955	4261	2
3955	4271	9
3955	4370	1
3955	4372	8
3955	4571	1
3955	4773	1
3998	4333	1
4013	4635	1
4038	4040	1
4038	4143	1
4055	4504	1
4058	4161	1
4071	4711	1
4075	4391	2
4075	4546	8
4075	4792	1
4076	4553	1
4077	4271	1
4077	4372	1
4077	4464	1
4080	4183	1
4080	4281	1
4093	4416	1
4128	4281	1
4131	4354	1
4131	4546	1
4131	4735	1
4156	4159	1
4156	4618	1
4159	4437	1
4159	4618	1
4171	4376	2
4218	4376	2
4261	4271	2
4261	4372	2
4261	4464	2
4271	4370	1
4271	4372	17
4271	4464	9
4271	4571	1
4271	4773	1
4281	4456	1
4281	4629	1
4341	4387	2
4341	4623	1
4354	4735	1
4370	4372	1
4370	4464	1
4372	4464	8
4372	4571	1
4372	4773	1
4387	4623	1
4391	4546	2
4391	4792	1
4400	4635	2
4400	4713	2
4400	4721	1
4408	4459	2
4409	4598	1
4437	4618	1
4464	4571	1
4464	4773	1
4546	4735	1
4546	4792	1
4584	4635	1
4584	4713	1
