id	label	x	y	cluster	weight<Links>	weight<Total link strength>	weight<Documents>	weight<Citations>	weight<Norm. citations>	score<Avg. pub. year>	score<Avg. citations>	score<Avg. norm. citations>
16	abidin z.	-0.7785	0.5239	31	4	5	7	2	2.3554	2019.1429	0.2857	0.3365
22	abuzahra m.a.	0.1957	-0.9054	18	3	3	1	1	1.3554	2019	1	1.3554
51	adrianto h.a.	-0.4207	-0.811	3	14	14	1	1	1.3554	2019	1	1.3554
59	affandi r.	-0.8458	0.3287	1	5	5	4	3	4.0662	2019	0.75	1.0166
92	aidi m.n.	-0.4107	-0.8075	3	3	6	5	2	2.7108	2019	0.4	0.5422
102	akbar m.r.	0.7736	-0.3998	16	8	9	1	0	0	2019	0	0
108	akiyama t.	0.555	-0.751	21	7	12	2	2	2.7108	2019	1	1.3554
135	alikodra h.s.	-0.2341	-0.5885	33	3	6	5	1	1.3554	2019	0.2	0.2711
136	alimuddin a.	0.5094	-0.555	34	3	6	7	6	8.1324	2019	0.8571	1.1618
149	amandita f.y.	0.8549	-0.175	11	8	8	1	3	4.0662	2019	3	4.0662
157	ammer c.	0.8674	-0.1331	9	15	20	2	7	9.4878	2019	3.5	4.7439
163	andarwulan n.	0.5747	0.1234	28	4	8	9	16	21.6865	2019	1.7778	2.4096
166	andina y.	-0.8453	0.3294	1	5	5	1	0	0	2019	0	0
175	anggraini n.p.	-0.803	-0.1609	6	4	4	3	0	0	2019	0	0
186	anshari g.	0.2825	0.8454	2	3	3	1	2	2.7108	2019	2	2.7108
187	anshori m.f.	0.7727	-0.4014	16	5	5	1	4	5.4216	2019	4	5.4216
194	anwar e.	0.8244	0.4432	20	7	9	5	14	18.9757	2019	2.8	3.7951
201	aoki k.j.	0.6877	0.6085	8	13	13	1	8	10.8432	2019	8	10.8432
215	apriyanto a.	0.7936	-0.3621	5	14	23	3	2	2.7108	2019	0.6667	0.9036
219	arafat d.	-0.8031	-0.1608	6	4	4	6	0	0	2019	0	0
223	archer-nicholls s.	-0.4214	-0.8107	3	3	3	1	5	6.777	2019	5	6.777
228	ardiansyah m.	0.9368	0.0516	22	3	3	4	3	4.0662	2019	0.75	1.0166
231	ardie s.w.	0.7835	-0.3818	16	11	13	7	7	9.4878	2019	1	1.3554
240	arief h.	-0.6627	0.6384	12	6	6	1	0	0	2019	0	0
247	arifanti v.b.	0.2683	0.8531	17	7	7	1	18	24.3973	2019	18	24.3973
261	ariyanto d.	-0.7635	-0.125	10	9	16	5	7	9.4878	2019	1.4	1.8976
262	ariyanto e.f.	-0.8562	-0.2142	7	10	10	1	0	0	2019	0	0
269	arnold s.r.	-0.4205	-0.8112	3	15	15	2	6	8.1324	2019	3	4.0662
275	artanti n.	0.4997	0.7497	13	6	6	1	0	0	2019	0	0
276	artika i.m.	0.6838	-0.609	4	8	8	4	7	9.4878	2019	1.75	2.372
288	asih nawangsih a.	-0.8396	0.3381	1	7	9	1	1	1.3554	2019	1	1.3554
298	astuti r.i.	-0.8308	0.3489	1	2	2	5	7	9.4878	2019	1.4	1.8976
299	aswidinnoor h.	0.7727	-0.4013	16	5	5	4	3	4.0662	2019	0.75	1.0166
300	athaillah z.a.	0.4998	0.7495	13	6	6	1	0	0	2019	0	0
304	atmaja h.	-0.8557	-0.2147	7	15	19	2	1	1.3554	2019	0.5	0.6777
332	bachtiar i.	-0.8043	-0.1572	6	4	4	1	4	5.4216	2019	4	5.4216
334	bado k.j.h.	0.8544	-0.1745	11	7	7	1	1	1.3554	2019	1	1.3554
350	ban-tokuda t.	-0.7507	-0.114	10	4	8	2	1	1.3554	2019	0.5	0.6777
361	bashari m.h.	-0.8554	-0.2144	7	15	19	2	1	1.3554	2019	0.5	0.6777
367	basuki i.	0.2812	0.8482	2	3	3	1	2	2.7108	2019	2	2.7108
371	batubara i.	-0.8306	0.3495	1	2	2	8	12	16.2648	2019	1.5	2.0331
374	bavykin d.v.	0.6875	0.6082	8	14	22	3	11	14.9094	2019	3.6667	4.9698
383	bengen d.g.	-0.7633	-0.1247	10	7	12	14	16	21.6865	2019	1.1429	1.549
392	bintang m.	0.8021	-0.3744	5	3	3	7	4	5.4216	2019	0.5714	0.7745
398	bodewes r.	0.6833	-0.6083	4	8	8	1	4	5.4216	2019	4	5.4216
402	boer r.	0.9367	0.0517	22	3	3	7	18	24.3973	2019	2.5714	3.4853
405	boone kauffman j.	0.2817	0.8497	2	3	3	1	4	5.4216	2019	4	5.4216
407	boswell j.a.	0.6869	0.6074	8	9	11	1	7	9.4878	2019	7	9.4878
408	bourgeau-chavez l.	0.2826	0.8466	2	3	3	1	5	6.777	2019	5	6.777
410	bramandito a.	-0.8029	-0.1606	6	4	4	1	0	0	2019	0	0
412	brambach f.	0.855	-0.1753	11	7	7	1	1	1.3554	2019	1	1.3554
436	budiman l.f.	0.7938	-0.3622	5	14	23	2	2	2.7108	2019	1	1.3554
449	buwono i.d.	0.5098	-0.5553	34	3	6	2	1	1.3554	2019	0.5	0.6777
452	cahyadinata i.	-0.653	-0.6856	37	2	4	3	5	6.777	2019	1.6667	2.259
460	cameron c.	0.2681	0.8535	17	5	5	1	8	10.8432	2019	8	10.8432
472	cartealy i.c.	0.793	-0.3624	5	4	4	1	1	1.3554	2019	1	1.3554
481	chen j.	0.6871	0.6087	8	13	13	1	8	10.8432	2019	8	10.8432
483	chimner r.	0.2816	0.846	2	3	3	1	5	6.777	2019	5	6.777
492	clendenning j.n.	0.268	0.8534	17	5	5	1	8	10.8432	2019	8	10.8432
496	colijn f.	-0.8032	-0.1606	6	11	11	1	2	2.7108	2019	2	2.7108
498	conibear l.	-0.4209	-0.8103	3	3	3	1	5	6.777	2019	5	6.777
506	craven d.	0.868	-0.1321	9	12	12	1	5	6.777	2019	5	6.777
511	da silva m.a.	0.6883	0.6094	8	9	11	1	7	9.4878	2019	7	9.4878
513	daffa d.m.	-0.8565	-0.2147	7	10	10	1	0	0	2019	0	0
516	damar a.	-0.8037	-0.1596	6	16	16	10	4	5.4216	2019	0.4	0.5422
555	del aguila pasquel j.	0.2815	0.8467	2	3	3	1	5	6.777	2019	5	6.777
556	del castillo torres d.	0.2832	0.8474	2	3	3	1	5	6.777	2019	5	6.777
570	devi a.f.	0.4997	0.7498	13	6	6	1	0	0	2019	0	0
576	dewi f.n.a.	0.5746	0.1233	28	4	8	3	11	14.9094	2019	3.6667	4.9698
578	dewi i.s.	0.7734	-0.3999	16	9	12	4	5	6.777	2019	1.25	1.6943
595	diana r.	0.2679	0.8535	17	7	7	2	18	24.3973	2019	9	12.1986
604	dinarti d.	0.793	-0.3619	5	4	4	1	1	1.3554	2019	1	1.3554
612	diyantoro d.	0.683	-0.609	4	8	8	1	4	5.4216	2019	4	5.4216
613	"diyantoro, pribadi e.s."	0.6842	-0.6084	4	14	14	1	0	0	2019	0	0
624	dolorosa m.t.	0.8241	0.4436	20	3	3	2	5	6.777	2019	2.5	3.3885
632	duteurtre g.	0.437	-0.6616	35	3	4	2	1	1.3554	2019	0.5	0.6777
644	edler k.j.	0.6869	0.6084	8	9	11	1	7	9.4878	2019	7	9.4878
656	efransjah	-0.2341	-0.5887	33	3	6	2	1	1.3554	2019	0.5	0.6777
658	ehbrecht m.	0.8676	-0.1316	9	12	12	2	10	13.554	2019	5	6.777
681	erkelenz j.	0.8682	-0.1318	9	12	12	1	5	6.777	2019	5	6.777
716	fahrudin a.	-0.6529	-0.6855	37	2	4	14	10	13.554	2019	0.7143	0.9681
757	fatma y.s.	-0.8452	0.3293	1	5	5	2	0	0	2019	0	0
758	fatmawati u.	-0.8394	0.3384	1	7	9	1	1	1.3554	2019	1	1.3554
782	fendiyanto m.h.	-0.9198	0.1399	19	7	8	3	1	1.3554	2019	0.3333	0.4518
789	fijrina h.n.	-0.8396	0.338	1	8	8	1	2	2.7108	2019	2	2.7108
791	finkeldey r.	0.8551	-0.1746	11	8	8	1	3	4.0662	2019	3	4.0662
793	firdaus a.y.	-0.6631	0.6385	12	8	8	1	3	4.0662	2019	3	4.0662
800	firoz khan m.	-0.4218	-0.8116	3	3	3	1	5	6.777	2019	5	6.777
803	fitriah n.	0.5885	-0.0128	36	3	5	2	1	1.3554	2019	0.5	0.6777
813	fletcher p.j.	0.6874	0.6076	8	14	22	2	10	13.554	2019	5	6.777
816	friess d.a.	0.2685	0.8536	17	5	5	1	8	10.8432	2019	8	10.8432
829	gailing o.	0.8548	-0.1748	11	7	7	1	1	1.3554	2019	1	1.3554
844	gesell a.e.	0.6878	0.6077	8	9	11	1	7	9.4878	2019	7	9.4878
849	ghulamahdi m.	0.7729	-0.4012	16	5	5	2	2	2.7108	2019	1	1.3554
859	giriwono p.e.	0.5747	0.1234	28	4	8	4	13	17.6203	2019	3.25	4.4051
864	gopakumar d.a.	-0.025	-0.9235	14	11	16	5	21	28.4635	2019	4.2	5.6927
877	gunawan a.	0.1956	-0.9055	18	9	9	4	3	4.0662	2019	0.75	1.0166
880	gunawan h.	-0.7643	-0.1257	10	4	8	2	2	2.7108	2019	1	1.3554
894	gérard a.	0.867	-0.1321	9	10	10	1	2	2.7108	2019	2	2.7108
917	hadriyanto d.	0.2684	0.8536	17	7	7	1	18	24.3973	2019	18	24.3973
926	hakim f.	-0.6625	0.6382	12	6	6	1	0	0	2019	0	0
933	halim h.r.	0.8269	-0.2587	15	6	12	1	0	0	2019	0	0
943	hamim	-0.7646	-0.1257	10	4	4	3	1	1.3554	2019	0.3333	0.4518
944	hamim h.	-0.7649	-0.1256	10	4	4	5	3	4.0662	2019	0.6	0.8132
956	hanarida i.	-0.9201	0.1394	19	4	4	2	0	0	2019	0	0
964	handharyani e.	0.4106	-0.8397	24	3	3	3	3	4.0662	2019	1	1.3554
977	hapsari budisulistiorini s.	-0.42	-0.8111	3	3	3	1	5	6.777	2019	5	6.777
978	hapsari d.p.	0.827	-0.2594	15	6	12	1	0	0	2019	0	0
1001	harito c.	0.6877	0.6085	8	14	22	3	11	14.9094	2019	3.6667	4.9698
1008	"hariyadi, mahulette a.s."	-0.1471	-0.9269	29	3	3	1	0	0	2019	0	0
1009	"hariyadi, yahya s."	-0.147	-0.9269	29	3	3	2	6	8.1324	2019	3	4.0662
1018	hartana a.	0.7941	-0.3621	5	6	8	2	1	1.3554	2019	0.5	0.6777
1035	haryati silviana s.	0.9368	0.0516	22	4	4	1	0	0	2019	0	0
1037	hasan m.	-0.0246	-0.923	14	11	16	4	19	25.7527	2019	4.75	6.4382
1052	hastini t.	0.773	-0.4009	16	5	5	1	2	2.7108	2019	2	2.7108
1056	hastuti y.p.	-0.8454	0.3292	1	7	8	4	2	2.7108	2019	0.5	0.6777
1067	hazwan c.m.	-0.0246	-0.9229	14	9	9	1	1	1.3554	2019	1	1.3554
1076	hendrayani n.	0.6842	-0.6093	4	8	8	1	4	5.4216	2019	4	5.4216
1083	herawati d.	0.5746	0.1234	28	4	8	3	11	14.9094	2019	3.6667	4.9698
1088	hergoualc’h k.	0.2837	0.8461	2	3	3	1	5	6.777	2019	5	6.777
1093	herliansyah r.	-0.6625	0.6376	12	8	8	1	3	4.0662	2019	3	4.0662
1103	hermawan d.	-0.0248	-0.9226	14	11	16	8	24	32.5297	2019	3	4.0662
1113	hero saharjo b.	0.9366	0.0519	22	4	4	1	0	0	2019	0	0
1119	hesse k.-j.	-0.8032	-0.1607	6	11	11	1	2	2.7108	2019	2	2.7108
1131	hidayat t.	0.8245	0.4433	20	3	3	6	11	14.9094	2019	1.8333	2.4849
1140	hikmat a.	-0.5508	0.7547	23	4	4	4	0	0	2019	0	0
1153	hirayama h.	0.5549	-0.751	21	7	12	2	2	2.7108	2019	1	1.3554
1168	hribljan j.	0.2804	0.8474	2	3	3	1	5	6.777	2019	5	6.777
1174	huda f.	-0.8562	-0.215	7	11	11	1	1	1.3554	2019	1	1.3554
1192	hutley l.b.	0.2681	0.8534	17	5	5	1	8	10.8432	2019	8	10.8432
1193	hölscher d.	0.8676	-0.1329	9	15	20	4	14	18.9757	2019	3.5	4.7439
1233	imran z.	-0.8043	-0.1569	6	3	3	5	3	4.0662	2019	0.6	0.8132
1240	indasari i.	0.6844	-0.6079	4	8	8	1	4	5.4216	2019	4	5.4216
1252	inoue e.	0.8288	-0.254	15	11	24	4	7	9.4878	2019	1.75	2.372
1254	inounu i.	0.1956	-0.9055	18	3	3	1	1	1.3554	2019	1	1.3554
1259	irawan b.	0.8673	-0.1327	9	15	20	6	18	24.3973	2019	3	4.0662
1290	iskandar i.	0.5098	-0.5552	34	3	6	2	1	1.3554	2019	0.5	0.6777
1323	jafarzadeh s.	-0.0259	-0.9231	14	9	9	1	10	13.554	2019	10	13.554
1328	jakaria j.	0.1955	-0.9061	18	3	3	4	5	6.777	2019	1.25	1.6943
1342	jayanegara a.	-0.7553	-0.118	10	8	16	25	26	35.2405	2019	1.04	1.4096
1368	junaedi a.	0.8276	-0.2594	15	6	12	2	0	0	2019	0	0
1371	june t.	0.2811	0.8458	2	3	3	5	3	4.0662	2019	0.6	0.8132
1373	junianto j.	0.5094	-0.555	34	3	6	2	1	1.3554	2019	0.5	0.6777
1404	karlinasari l.	0.0278	0.9319	26	2	2	8	11	14.9094	2019	1.375	1.8637
1408	karo-karo d.	0.6841	-0.6091	4	17	20	2	4	5.4216	2019	2	2.7108
1415	kartodihardjo h.	-0.5507	0.7547	23	3	3	6	5	6.777	2019	0.8333	1.1295
1417	kartono a.p.	-0.2341	-0.5887	33	3	6	3	2	2.7108	2019	0.6667	0.9036
1422	kashiwagi t.	0.5747	0.1234	28	4	8	3	11	14.9094	2019	3.6667	4.9698
1432	kauffman j.b.	0.2693	0.8531	17	9	10	2	20	27.1081	2019	10	13.554
1446	khalil h.p.s.a.	-0.0249	-0.9226	14	11	16	4	21	28.4635	2019	5.25	7.1159
1459	khumaida n.	0.802	-0.3742	5	3	3	9	3	4.0662	2019	0.3333	0.4518
1462	kiely l.	-0.4204	-0.8113	3	3	3	1	5	6.777	2019	5	6.777
1465	kimura s.	0.5548	-0.751	21	7	7	1	0	0	2019	0	0
1474	knote c.	-0.4202	-0.8113	3	3	3	1	5	6.777	2019	5	6.777
1476	koch g.	0.6846	-0.6086	4	17	20	2	4	5.4216	2019	2	2.7108
1485	kolka r.	0.2817	0.8479	2	22	29	2	10	13.554	2019	5	6.777
1496	kondo m.	-0.7505	-0.114	10	4	8	3	10	13.554	2019	3.3333	4.518
1502	krashevska v.	0.8678	-0.1314	9	10	10	1	0	0	2019	0	0
1504	kreft h.	0.861	-0.1541	11	27	33	5	16	21.6865	2019	3.2	4.3373
1519	krutovsky k.v.	0.8546	-0.1745	11	7	7	1	1	1.3554	2019	1	1.3554
1520	kudrin a.a.	0.8681	-0.1323	9	10	10	1	0	0	2019	0	0
1529	kurnianto s.	0.283	0.8493	2	3	3	1	4	5.4216	2019	4	5.4216
1530	kurniasih s.w.	0.6837	-0.6082	4	14	14	1	0	0	2019	0	0
1546	kusmana c.	-0.5505	0.755	23	4	4	23	5	6.777	2019	0.2174	0.2947
1554	kusuma l.	0.9094	0.1878	25	4	4	1	1	1.3554	2019	1	1.3554
1556	kusuma w.a.	0.4997	0.7498	13	7	7	9	4	5.4216	2019	0.4444	0.6024
1570	kuswanda w.	-0.6627	0.6376	12	6	6	1	0	0	2019	0	0
1572	kuwata m.	-0.4212	-0.8109	3	3	3	1	5	6.777	2019	5	6.777
1582	lai t.k.	-0.0245	-0.9229	14	9	9	1	10	13.554	2019	10	13.554
1607	lestari a.	0.499	0.7495	13	6	6	1	0	0	2019	0	0
1622	lilleskov e.	0.282	0.8475	2	22	29	2	10	13.554	2019	5	6.777
1627	lioe h.n.	0.4997	0.7495	13	11	11	7	13	17.6203	2019	1.8571	2.5172
1636	listyarini k.	0.1958	-0.9051	18	3	3	2	2	2.7108	2019	1	1.3554
1647	lowe d.	-0.4209	-0.8116	3	3	3	1	5	6.777	2019	5	6.777
1651	lubis s.w.	0.9095	0.1879	25	5	11	4	3	4.0662	2019	0.75	1.0166
1670	machfud	0.0278	0.9319	26	2	2	2	1	1.3554	2019	0.5	0.6777
1678	madduppa h.	-0.8043	-0.1578	6	7	7	13	6	8.1324	2019	0.4615	0.6256
1680	made artika i.	0.8016	-0.3738	5	4	4	1	2	2.7108	2019	2	2.7108
1687	maharany f.	0.8242	0.4434	20	3	3	1	1	1.3554	2019	1	1.3554
1698	mahulette a.s.	-0.1473	-0.9269	29	3	3	2	6	8.1324	2019	3	4.0662
1730	mar'atusholikha v.	0.0277	0.9319	26	4	4	1	0	0	2019	0	0
1738	margaretha m.k.	-0.803	-0.1603	6	4	4	1	0	0	2019	0	0
1739	mariastuti h.d.	-0.84	0.3379	1	8	8	1	2	2.7108	2019	2	2.7108
1747	marken f.	0.6883	0.6083	8	14	33	4	19	25.7527	2019	4.75	6.4382
1773	maskromo i.	0.7937	-0.3628	5	6	8	1	1	1.3554	2019	1	1.3554
1777	massiri s.d.	-0.5508	0.7546	23	3	3	1	4	5.4216	2019	4	5.4216
1785	matangaran j.r.	0.3939	0.6338	30	4	8	6	3	4.0662	2019	0.5	0.6777
1788	matra d.d.	0.8282	-0.2561	15	11	40	9	10	13.554	2019	1.1111	1.506
1790	matsui h.	-0.7508	-0.1141	10	4	8	2	1	1.3554	2019	0.5	0.6777
1791	matsumoto y.	0.555	-0.7511	21	7	12	2	2	2.7108	2019	1	1.3554
1799	maulana s.i.	-0.4107	-0.8076	3	3	6	3	2	2.7108	2019	0.6667	0.9036
1810	mawarti m.n.	0.9099	0.1877	25	5	7	1	0	0	2019	0	0
1818	mccullough k.	0.2808	0.8467	2	3	3	1	5	6.777	2019	5	6.777
1829	meiyanto e.	-0.8563	-0.2144	7	11	11	1	1	1.3554	2019	1	1.3554
1837	meryandini a.	-0.8395	0.3385	1	7	9	6	5	6.777	2019	0.8333	1.1295
1838	messad s.	0.4369	-0.6619	35	3	3	1	0	0	2019	0	0
1841	miftahudin	-0.9198	0.1396	19	6	6	2	1	1.3554	2019	0.5	0.6777
1842	miftahudin m.	-0.9198	0.1395	19	4	4	2	0	0	2019	0	0
1847	minsaris l.o.a.	-0.8042	-0.1569	6	3	3	1	1	1.3554	2019	1	1.3554
1856	mohamed a.r.	-0.0253	-0.9231	14	9	9	1	1	1.3554	2019	1	1.3554
1868	moulin c.-h.	0.4369	-0.6619	35	3	3	1	1	1.3554	2019	1	1.3554
1869	moura c.c.m.	0.8552	-0.1749	11	7	7	1	1	1.3554	2019	1	1.3554
1885	muhammad f.r.	0.9094	0.1878	25	5	9	3	1	1.3554	2019	0.3333	0.4518
1904	muljono d.h.	0.6845	-0.6085	4	17	20	2	4	5.4216	2019	2	2.7108
1923	munyaneza j.p.	0.1956	-0.905	18	8	8	1	0	0	2019	0	0
1928	murdiyarso d.	0.2791	0.8491	2	30	43	10	54	73.1918	2019	5.4	7.3192
1959	muzdalifah d.	0.4992	0.7496	13	6	6	1	0	0	2019	0	0
1987	narendra b.h.	0.0277	0.9322	26	2	2	2	1	1.3554	2019	0.5	0.6777
2001	natawijaya a.	0.8206	-0.2799	15	17	40	5	7	9.4878	2019	1.4	1.8976
2014	nawangsih a.a.	-0.8396	0.3382	1	10	15	2	7	9.4878	2019	3.5	4.7439
2015	nawawi d.s.	0.5549	-0.751	21	7	12	4	5	6.777	2019	1.25	1.6943
2036	ningsih s.s.	-0.7651	-0.1257	10	4	8	2	2	2.7108	2019	1	1.3554
2038	nirmala k.	-0.8458	0.3287	1	5	5	6	3	4.0662	2019	0.5	0.6777
2049	noor ch f.i.t.r.i.	-0.6623	0.6382	12	6	6	1	0	0	2019	0	0
2051	noor r.r.	0.1954	-0.9053	18	8	8	1	0	0	2019	0	0
2086	nugrahani a.d.	-0.8561	-0.2149	7	10	10	1	0	0	2019	0	0
2090	nugroho b.	-0.5509	0.7545	23	3	3	4	4	5.4216	2019	1	1.3554
2107	nurcholis w.	0.8016	-0.3743	5	5	5	7	4	5.4216	2019	0.5714	0.7745
2123	nurhidayah n.	-0.2889	0.8939	27	4	4	1	2	2.7108	2019	2	2.7108
2132	"nurjanah, arifianti a.e."	0.8243	0.4433	20	6	7	1	3	4.0662	2019	3	4.0662
2137	"nurjanah, purwaningsih s."	0.8243	0.4433	20	3	3	2	5	6.777	2019	2.5	3.3885
2139	"nurjanah, suwandi r."	0.8241	0.4434	20	3	3	1	1	1.3554	2019	1	1.3554
2157	nurochman d.	0.3939	0.6339	30	4	8	2	1	1.3554	2019	0.5	0.6777
2214	owolabi f.a.t.	-0.0256	-0.923	14	11	16	3	11	14.9094	2019	3.6667	4.9698
2240	pancoro a.	0.7936	-0.3623	5	13	15	1	0	0	2019	0	0
2241	pancoro a.d.i.	0.7945	-0.3623	5	10	10	1	2	2.7108	2019	2	2.7108
2305	peterson b.	-0.8031	-0.1613	6	4	4	1	1	1.3554	2019	1	1.3554
2306	peterson j.	0.2842	0.8477	2	3	3	1	2	2.7108	2019	2	2.7108
2307	peterson j.t.	0.2838	0.8471	2	3	3	1	4	5.4216	2019	4	5.4216
2315	poerwanto r.	0.8283	-0.2557	15	11	32	8	10	13.554	2019	1.25	1.6943
2316	poetri o.n.	0.4104	-0.8395	24	5	6	4	4	5.4216	2019	1	1.3554
2340	prajaputra v.	-0.7785	0.5238	31	4	5	3	1	1.3554	2019	0.3333	0.4518
2352	pramukti f.w.	0.1958	-0.9048	18	3	3	1	1	1.3554	2019	1	1.3554
2357	prartono t.	-0.7708	-0.1312	10	11	16	7	6	8.1324	2019	0.8571	1.1618
2361	prasetiyono b.w.h.e.	-0.2888	0.8939	27	3	3	1	0	0	2019	0	0
2369	prasetyo l.b.	-0.4107	-0.8076	3	3	6	19	15	20.3311	2019	0.7895	1.0701
2374	prastya m.e.	-0.8305	0.3495	1	2	2	1	4	5.4216	2019	4	5.4216
2387	pratomo w.	0.6853	-0.6088	4	8	8	1	4	5.4216	2019	4	5.4216
2401	pribadi e.s.	0.685	-0.6079	4	8	8	1	4	5.4216	2019	4	5.4216
2411	priyanto j.a.	-0.84	0.3378	1	8	8	2	4	5.4216	2019	2	2.7108
2437	purwandoko p.b.	0.1277	-0.6281	38	2	4	2	2	2.7108	2019	1	1.3554
2449	purwoko b.s.	0.7732	-0.4004	16	9	12	7	5	6.777	2019	0.7143	0.9681
2450	purwoko d.	0.7925	-0.362	5	4	4	1	1	1.3554	2019	1	1.3554
2457	puspitasari d.	-0.7644	-0.1259	10	4	8	2	2	2.7108	2019	1	1.3554
2463	putra b.r.	0.6881	0.6082	8	14	33	4	19	25.7527	2019	4.75	6.4382
2489	putri t.	-0.856	-0.2145	7	15	19	2	1	1.3554	2019	0.5	0.6777
2493	putro h.r.	-0.6627	0.638	12	6	6	1	0	0	2019	0	0
2499	qomaliyah e.n.	0.8017	-0.374	5	4	4	1	2	2.7108	2019	2	2.7108
2500	qomarilla n.	-0.8557	-0.2146	7	15	19	2	1	1.3554	2019	0.5	0.6777
2523	raharja n.i.	-0.8307	0.3494	1	4	4	1	0	0	2019	0	0
2530	rahayu s.	0.8552	-0.1748	11	8	8	2	3	4.0662	2019	1.5	2.0331
2544	rahman d.a.	-0.6628	0.6384	12	12	12	2	3	4.0662	2019	1.5	2.0331
2551	rahmat u.m.	-0.6629	0.6385	12	8	8	1	3	4.0662	2019	3	4.0662
2572	ramadhan w.s.	-0.8557	-0.2147	7	10	10	1	0	0	2019	0	0
2592	reddington c.l.	-0.4205	-0.8115	3	3	3	1	5	6.777	2019	5	6.777
2596	rembold k.	0.8551	-0.1746	11	8	8	2	8	10.8432	2019	4	5.4216
2600	retnani e.b.	-0.2886	0.8939	27	4	4	1	2	2.7108	2019	2	2.7108
2609	rianti p.	-0.6627	0.6381	12	8	8	2	7	9.4878	2019	3.5	4.7439
2628	rinaldi d.	-0.6626	0.6384	12	6	6	2	0	0	2019	0	0
2637	ritonga a.w.	0.8287	-0.2554	15	11	32	4	6	8.1324	2019	1.5	2.0331
2643	rizal h.	-0.7784	0.5233	31	3	3	1	0	0	2019	0	0
2644	rizal s.	-0.0252	-0.9231	14	11	16	5	21	28.4635	2019	4.2	5.6927
2696	rusmana i.	-0.8425	0.3338	1	14	14	8	9	12.1986	2019	1.125	1.5248
2702	rustini a.	0.2825	0.8496	2	3	3	1	7	9.4878	2019	7	9.4878
2735	saharjo b.h.	0.9369	0.0515	22	3	3	7	4	5.4216	2019	0.5714	0.7745
2765	samodro m.r.	-0.8561	-0.2153	7	10	10	1	0	0	2019	0	0
2781	santosa g.	0.3939	0.6338	30	4	8	2	1	1.3554	2019	0.5	0.6777
2810	saragi-sasmito m.f.	0.2812	0.8489	2	3	6	2	9	12.1986	2019	4.5	6.0993
2818	sari d.m.	0.8242	0.4435	20	6	7	1	3	4.0662	2019	3	4.0662
2829	sari r.k.	0.3939	0.6338	30	4	8	4	4	5.4216	2019	1	1.3554
2842	sarwono k.a.	-0.7503	-0.114	10	4	8	2	1	1.3554	2019	0.5	0.6777
2845	sasmito s.d.	0.2701	0.8525	17	7	8	2	10	13.554	2019	5	6.777
2852	satrija f.	-0.2891	0.894	27	5	5	5	2	2.7108	2019	0.4	0.5422
2853	satrio r.d.	-0.9198	0.1399	19	7	8	3	1	1.3554	2019	0.3333	0.4518
2857	scheu s.	0.8688	-0.1319	9	10	10	7	11	14.9094	2019	1.5714	2.1299
2858	schmitt j.m.f.	0.6872	0.6093	8	9	11	1	7	9.4878	2019	7	9.4878
2866	seidel d.	0.8675	-0.1315	9	12	12	2	10	13.554	2019	5	6.777
2869	selker j.	0.2835	0.849	2	3	3	1	4	5.4216	2019	4	5.4216
2870	sembada p.	0.437	-0.6616	35	3	4	2	1	1.3554	2019	0.5	0.6777
2873	seminar k.b.	0.1273	-0.6278	38	2	4	8	3	4.0662	2019	0.375	0.5083
2896	setiawan s.	0.9095	0.1878	25	5	11	4	3	4.0662	2019	0.75	1.0166
2902	setiawaty r.	0.4104	-0.8395	24	5	5	1	1	1.3554	2019	1	1.3554
2904	setiyono a.	0.4105	-0.8397	24	3	3	3	6	8.1324	2019	2	2.7108
2919	shabrina h.	0.8269	-0.2596	15	6	12	2	0	0	2019	0	0
2920	shabrina s.	-0.8557	-0.2139	7	11	11	1	1	1.3554	2019	1	1.3554
2926	sherman k.	-0.8035	-0.1607	6	4	4	1	1	1.3554	2019	1	1.3554
2960	siregar i.z.	0.8498	-0.191	11	18	25	11	7	9.4878	2019	0.6364	0.8625
2963	siregar r.	-0.6628	0.6379	12	6	6	1	0	0	2019	0	0
2965	siregar u.j.	0.8274	-0.2593	15	6	12	10	3	4.0662	2019	0.3	0.4066
3000	"sobir, widodo w.d."	0.8283	-0.2553	15	11	32	3	5	6.777	2019	1.6667	2.259
3009	soejoedono r.d.	0.4105	-0.8397	24	5	6	6	4	5.4216	2019	0.6667	0.9036
3012	soekmadi r.	-0.5508	0.7547	23	3	3	1	4	5.4216	2019	4	5.4216
3044	spracklen d.v.	-0.4213	-0.8108	3	3	3	2	7	9.4878	2019	3.5	4.7439
3045	spracklen1 d.v.	-0.4205	-0.8114	3	14	14	1	1	1.3554	2019	1	1.3554
3046	squires a.m.	0.6885	0.6085	8	9	11	1	7	9.4878	2019	7	9.4878
3047	sri aprilia n.a.	-0.0253	-0.9236	14	9	9	3	10	13.554	2019	3.3333	4.518
3048	sri aprilla n.a.	-0.0252	-0.9231	14	9	9	1	1	1.3554	2019	1	1.3554
3055	stegeman j.a.	0.6842	-0.6086	4	17	20	2	4	5.4216	2019	2	2.7108
3064	subhan b.	-0.8467	-0.2046	7	19	23	13	6	8.1324	2019	0.4615	0.6256
3072	sudarsono	0.7936	-0.3623	5	13	15	1	0	0	2019	0	0
3073	sudarsono s.	0.7946	-0.3627	5	10	20	5	4	5.4216	2019	0.8	1.0843
3079	sudirman f.x.	0.6844	-0.6086	4	14	14	1	0	0	2019	0	0
3081	sudji i.r.	-0.8568	-0.2148	7	11	11	1	1	1.3554	2019	1	1.3554
3085	sugama a.	0.6851	-0.6095	4	8	8	1	4	5.4216	2019	4	5.4216
3091	sugiyanta	0.7734	-0.4003	16	8	9	2	1	1.3554	2019	0.5	0.6777
3099	suharjito d.	0.3941	0.6337	30	4	8	3	2	2.7108	2019	0.6667	0.9036
3104	suharsono s.	-0.92	0.1398	19	4	4	3	0	0	2019	0	0
3105	"suharsono, damar a."	-0.8043	-0.1574	6	4	4	1	4	5.4216	2019	4	5.4216
3107	"suharsono, nugroho s."	0.5887	-0.0131	36	3	5	2	1	1.3554	2019	0.5	0.6777
3109	"suharsono, tjahjoleksono a."	-0.9202	0.1397	19	6	6	2	1	1.3554	2019	0.5	0.6777
3112	suhartono m.t.	0.4994	0.7497	13	7	7	5	5	6.777	2019	1	1.3554
3126	"sukardi, chandra t."	-0.0686	-0.3005	39	0	0	1	0	0	2019	0	0
3127	"sukardi, sunarti t.c."	-0.0857	-0.1544	40	0	0	1	0	0	2019	0	0
3128	sukarman s.	-0.2039	-0.4562	41	0	0	1	0	0	2019	0	0
3129	sukarno n.	0.5634	0.5532	42	0	0	1	0	0	2019	0	0
3130	"sukarno, budijanto s."	0.304	0.6416	43	0	0	1	0	0	2019	0	0
3131	sukartono s.	-0.4662	0.1756	44	0	0	1	0	0	2019	0	0
3132	sukaryo s.g.	0.4098	-0.2573	45	0	0	1	0	0	2019	0	0
3133	sukasih e.	-0.1717	0.9333	46	0	0	1	0	0	2019	0	0
3134	sukenda s.	0.0947	0.7471	47	0	0	2	0	0	2019	0	0
3135	"sukirman, indasari i."	0.6845	-0.6086	4	14	14	1	0	0	2019	0	0
3136	sukma d.	0.0513	-0.3586	48	0	0	4	1	1.3554	2019	0.25	0.3389
3137	sukmantoro y.w.	-0.2341	-0.5888	33	3	6	2	1	1.3554	2019	0.5	0.6777
3138	sukoco a.	-0.1508	0.5883	49	0	0	1	0	0	2019	0	0
3139	sukoco h.	0.2333	-0.8065	50	0	0	1	0	0	2019	0	0
3140	sukria h.a.	-0.0418	0.6617	51	0	0	2	2	2.7108	2019	1	1.3554
3141	sukusno p.	0.1452	-0.157	52	0	0	1	0	0	2019	0	0
3142	sulaeman a.	0.5749	-0.1411	53	0	0	2	1	1.3554	2019	0.5	0.6777
3143	sulaeman t.n.	-0.8532	-0.4145	54	0	0	1	1	1.3554	2019	1	1.3554
3144	sulaiman a.	0.7035	0.1425	55	0	0	2	0	0	2019	0	0
3145	sulaiman a.a.	0.4761	-0.8188	56	0	0	2	0	0	2019	0	0
3146	sulaksono a.	0.6679	0.2374	57	0	0	1	0	0	2019	0	0
3147	sulassih s.	0.1655	-0.2965	58	0	0	1	0	0	2019	0	0
3148	sulastri h.	-0.5609	-0.7634	59	0	0	1	0	0	2019	0	0
3149	sulistiani e.	0.6739	0.457	60	0	0	1	0	0	2019	0	0
3150	sulistianto e.	0.7706	0.1871	61	0	0	1	0	0	2019	0	0
3151	sulistiawati s.	-0.6362	-0.3743	62	0	0	1	0	0	2019	0	0
3152	"sulistijorini, triadiati"	0.5511	-0.2263	63	0	0	1	2	2.7108	2019	2	2.7108
3153	sulistio e.m.a.	-0.3302	0.4449	64	0	0	1	0	0	2019	0	0
3154	sulistiono	-0.7498	-0.5166	65	0	0	1	0	0	2019	0	0
3155	sulistiono a.	-0.0885	-0.668	66	0	0	1	0	0	2019	0	0
3156	"sulistiono, kurnia r."	-0.6531	-0.6857	37	2	4	3	5	6.777	2019	1.6667	2.259
3157	"sulistiono, taryono"	-0.1851	-0.8662	67	0	0	1	0	0	2019	0	0
3158	sulistiyani s.	0.8104	0.1303	68	0	0	1	0	0	2019	0	0
3159	sulistiyani t.r.	-0.2621	0.2457	69	0	0	1	0	0	2019	0	0
3160	sulistyaningsih y.c.	0.4739	-0.7888	70	0	0	1	0	0	2019	0	0
3161	sulistyowati d.	0.5587	0.2479	71	0	0	1	0	0	2019	0	0
3162	suliyanti m.m.	0.366	-0.1534	72	0	0	1	0	0	2019	0	0
3163	sullivan c.a.	-0.1278	0.9035	73	0	0	1	2	2.7108	2019	2	2.7108
3164	sulvianti i.d.	-0.1385	0.1911	74	0	0	1	1	1.3554	2019	1	1.3554
3165	suman a.	-0.2596	-0.5026	75	0	0	1	0	0	2019	0	0
3166	sumanto i.r.	-0.2921	0.7814	76	0	0	1	0	0	2019	0	0
3167	sumantri c.	0.1955	-0.9053	18	3	3	5	2	2.7108	2019	0.4	0.5422
3168	sumantri h.	-0.3055	-0.4654	77	0	0	1	0	0	2019	0	0
3169	sumardi i.	-0.7555	-0.5753	78	0	0	2	1	1.3554	2019	0.5	0.6777
3170	sumardjo s.	0.3307	-0.88	32	2	2	3	4	5.4216	2019	1.3333	1.8072
3171	"sumardjo, firmansyah a."	0.7579	0.1332	79	0	0	1	0	0	2019	0	0
3172	"sumardjo, sadono d."	-0.5194	0.3853	80	0	0	1	0	0	2019	0	0
3173	"sumardjo, satria a."	0.1862	0.0651	81	0	0	1	0	0	2019	0	0
3174	"sumardjo, syahyuti, tjitropranoto p."	0.3303	-0.8797	32	4	4	1	0	0	2019	0	0
3175	sumarni c.	0.3468	-0.6197	82	0	0	1	0	0	2019	0	0
3176	sumarti t.	-0.6511	0.3765	83	0	0	1	1	1.3554	2019	1	1.3554
3177	sumarto s.	0.0247	0.6504	84	0	0	1	0	0	2019	0	0
3178	sumarwan u.	-0.1038	-0.0149	85	0	0	1	0	0	2019	0	0
3179	sumaryada t.	-0.4179	0.0676	86	0	0	12	7	9.4878	2019	0.5833	0.7907
3180	sumawinata b.	-0.0566	-0.4411	87	0	0	3	0	0	2019	0	0
3181	sumertajaya i.m.	0.0667	0.2631	88	0	0	1	0	0	2019	0	0
3182	"sumiati, retnani y."	0.1456	-0.7259	89	0	0	1	0	0	2019	0	0
3183	sumon k.a.	-0.3687	0.5064	90	0	0	1	2	2.7108	2019	2	2.7108
3184	sunarminto t.	-0.5219	-0.6986	91	0	0	2	0	0	2019	0	0
3185	sunarso s.	-0.2889	0.8939	27	3	3	1	0	0	2019	0	0
3186	sunarti e.	0.8626	0.0645	92	0	0	2	2	2.7108	2019	1	1.3554
3187	sunarti r.n.	-0.6976	0.1171	93	0	0	1	1	1.3554	2019	1	1.3554
3188	sunarti t.	-0.1173	0.9411	94	0	0	1	0	0	2019	0	0
3189	sunarti t.c.	0.0637	-0.0097	95	0	0	5	1	1.3554	2019	0.2	0.2711
3190	sundari n.p.a.e.	0.0785	0.5231	96	0	0	1	0	0	2019	0	0
3191	sundari s.	-0.1443	0.9376	97	0	0	1	2	2.7108	2019	2	2.7108
3192	sundawati l.	0.8681	-0.1318	9	15	20	2	7	9.4878	2019	3.5	4.7439
3193	suniarti d.f.	0.3838	0.4062	98	0	0	1	0	0	2019	0	0
3194	sunkar a.	-0.8147	0.4822	99	0	0	4	0	0	2019	0	0
3195	supadminingsih f.n.	0.5948	0.6771	100	0	0	1	2	2.7108	2019	2	2.7108
3196	suparno o.	-0.563	-0.7134	101	0	0	4	0	0	2019	0	0
3197	suparto i.h.	0.4707	0.5089	102	0	0	2	0	0	2019	0	0
3198	"supartono, tambun r."	0.1134	0.1975	103	0	0	1	0	0	2019	0	0
3199	"supartopo, aswidinnoor h."	0.297	-0.7133	104	0	0	1	0	0	2019	0	0
3200	supena e.d.j.	-0.5346	-0.7381	105	0	0	1	0	0	2019	0	0
3201	supianto a.a.	-0.4904	0.5128	106	0	0	1	0	0	2019	0	0
3202	"supijatno, lubis i."	0.2774	-0.4991	107	0	0	1	0	0	2019	0	0
3203	"supramana1, herliyana e.n."	-0.7544	0.5819	108	0	0	1	1	1.3554	2019	1	1.3554
3204	suprayogi a.	-0.0956	0.1241	109	0	0	1	0	0	2019	0	0
3205	suprayudi m.a.	0.1571	0.6621	110	0	0	5	2	2.7108	2019	0.4	0.5422
3206	supriadi d.	0.2406	-0.4296	111	0	0	1	1	1.3554	2019	1	1.3554
3207	supriadi s.	-0.7293	0.1823	112	0	0	3	0	0	2019	0	0
3208	"supriadi, wuri m.a."	-0.4107	-0.3219	113	0	0	1	0	0	2019	0	0
3209	supriana t.	-0.5415	-0.2671	114	0	0	1	1	1.3554	2019	1	1.3554
3210	supriatna i.	0.4761	0.4113	115	0	0	1	2	2.7108	2019	2	2.7108
3211	supriatno s.	0.7313	0.2237	116	0	0	1	0	0	2019	0	0
3212	suprihati e.	0.0737	-0.5505	117	0	0	1	1	1.3554	2019	1	1.3554
3213	"suprihatin, hardjomijojo h."	-0.0279	-0.3638	118	0	0	1	1	1.3554	2019	1	1.3554
3214	"suprihatin, tarigan s.d."	-0.0805	0.8699	119	0	0	1	1	1.3554	2019	1	1.3554
3215	"suprihatin, wiloso e.i."	0.1003	0.339	120	0	0	3	0	0	2019	0	0
3216	suprihatini a.j.	0.9281	0.1193	121	0	0	1	0	0	2019	0	0
3217	supriyanto	0.0613	-0.7921	122	0	0	1	0	0	2019	0	0
3218	"supriyanto, haneda n.f."	-0.2141	-0.7578	123	0	0	1	0	0	2019	0	0
3219	"supriyanto, noguchi r."	0.5241	-0.465	124	0	0	1	6	8.1324	2019	6	8.1324
3220	"supriyanto, purnomo h."	-0.7881	0.1761	125	0	0	1	0	0	2019	0	0
3221	"supriyanto, theilade i."	0.6767	0.1846	126	0	0	1	1	1.3554	2019	1	1.3554
3222	supriyatno s.	-0.7982	0.1042	127	0	0	1	0	0	2019	0	0
3223	supriyo p.t.	-0.4623	0.4403	128	0	0	1	0	0	2019	0	0
3224	supriyono e.	-0.8458	0.3288	1	5	5	6	1	1.3554	2019	0.1667	0.2259
3225	"supriyono, takano a."	0.0693	-0.9412	129	0	0	1	4	5.4216	2019	4	5.4216
3226	supryiono e.	-0.4177	-0.5162	130	0	0	1	0	0	2019	0	0
3227	suptijah p.	-0.1878	0.6465	131	0	0	2	3	4.0662	2019	1.5	2.0331
3228	suradi k.	-0.4903	0.3278	132	0	0	1	0	0	2019	0	0
3229	surbakati h.	0.7778	0.5417	133	0	0	1	0	0	2019	0	0
3230	surbakti s.r.	-0.0424	0.8298	134	0	0	1	0	0	2019	0	0
3231	suriatno r.	-0.4327	-0.5881	135	0	0	1	0	0	2019	0	0
3232	surya h.	-0.3678	0.8213	136	0	0	1	0	0	2019	0	0
3233	suryadarma p.	0.3508	-0.7338	137	0	0	1	0	0	2019	0	0
3234	"suryahadi, sofyan a."	-0.2868	0.7281	138	0	0	1	0	0	2019	0	0
3235	suryajaya s.	0.0375	-0.2218	139	0	0	1	1	1.3554	2019	1	1.3554
3236	suryaman g.k.	0.4106	-0.8397	24	3	3	1	2	2.7108	2019	2	2.7108
3237	suryana j.	-0.2056	-0.1207	140	0	0	1	2	2.7108	2019	2	2.7108
3238	suryanda a.	0.0847	-0.717	141	0	0	1	0	0	2019	0	0
3239	suryandari d.a.	-0.1954	-0.2588	142	0	0	1	0	0	2019	0	0
3240	suryani	-0.1841	-0.0219	143	0	0	1	0	0	2019	0	0
3241	suryani a.	-0.8222	-0.4611	144	0	0	1	0	0	2019	0	0
3242	suryani a.e.	0.1533	0.409	145	0	0	1	1	1.3554	2019	1	1.3554
3243	suryani i.	0.674	-0.0033	146	0	0	1	1	1.3554	2019	1	1.3554
3244	"suryani, desriani"	-0.2324	0.3871	147	0	0	1	0	0	2019	0	0
3245	suryaningtyas d.t.	-0.2599	-0.9137	148	0	0	3	0	0	2019	0	0
3246	suryanti r.	0.3305	-0.8799	32	4	4	2	1	1.3554	2019	0.5	0.6777
3247	suryaputra i.g.n.a.	-0.5296	0.124	149	0	0	1	1	1.3554	2019	1	1.3554
3248	suryo w.	-0.2209	0.1876	150	0	0	1	0	0	2019	0	0
3249	suryobroto b.	-0.2686	-0.7761	151	0	0	6	9	12.1986	2019	1.5	2.0331
3250	suryono m.	0.2904	-0.6353	152	0	0	1	0	0	2019	0	0
3251	susanah s.	0.1938	-0.7665	153	0	0	1	0	0	2019	0	0
3252	susanti r.	-0.8548	0.1911	154	0	0	2	1	1.3554	2019	0.5	0.6777
3253	susanti w.i.	-0.0437	-0.224	155	0	0	1	1	1.3554	2019	1	1.3554
3254	susanto a.	-0.3957	0.4357	156	0	0	3	6	8.1324	2019	2	2.7108
3255	susanto d.	-0.8478	0.0826	157	0	0	1	1	1.3554	2019	1	1.3554
3256	susanto ginting a.	-0.0577	-0.8102	158	0	0	1	0	0	2019	0	0
3257	susanto h.a.	0.2559	0.6213	159	0	0	1	0	0	2019	0	0
3258	susanto s.	0.7124	0.4822	160	0	0	2	0	0	2019	0	0
3259	suseno h.b.	-0.1481	0.8057	161	0	0	1	0	0	2019	0	0
3260	susilawati d.m.	-0.7233	-0.6148	162	0	0	1	1	1.3554	2019	1	1.3554
3261	susilo a.w.	0.2863	-0.7696	163	0	0	1	0	0	2019	0	0
3262	susilohadi	0.5802	-0.4683	164	0	0	1	0	0	2019	0	0
3263	susilohadi s.	0.5363	-0.2762	165	0	0	1	1	1.3554	2019	1	1.3554
3264	susilowati a.	-0.2858	-0.6849	166	0	0	3	1	1.3554	2019	0.3333	0.4518
3265	susilowati i.	-0.0757	0.392	167	0	0	1	1	1.3554	2019	1	1.3554
3266	susparini n.t.	-0.0986	-0.7268	168	0	0	1	0	0	2019	0	0
3267	sutandi a.	-0.0851	0.5806	169	0	0	2	0	0	2019	0	0
3268	sutejo a.	0.6312	0.7026	170	0	0	1	0	0	2019	0	0
3269	sutikno s.	0.9366	0.0519	22	4	4	2	0	0	2019	0	0
3270	"sutikno, ulum m.f."	-0.4678	0.628	171	0	0	1	0	0	2019	0	0
3271	sutisna d.	-0.3141	0.8207	172	0	0	1	0	0	2019	0	0
3272	sutisna d.h.	-0.932	0.0197	173	0	0	1	0	0	2019	0	0
3273	sutjahjo s.h.	-0.5084	0.0156	174	0	0	3	0	0	2019	0	0
3274	sutomo v.a.	-0.4925	0.678	175	0	0	1	0	0	2019	0	0
3275	sutopo	-0.225	0.919	176	0	0	1	0	0	2019	0	0
3276	"sutoyo, karunia t.u."	-0.4735	-0.63	177	0	0	1	0	0	2019	0	0
3277	"sutoyo, rau m.i."	-0.3746	-0.4787	178	0	0	1	0	0	2019	0	0
3278	sutrisna m.g.	0.7841	0.2459	179	0	0	1	0	0	2019	0	0
3279	sutrisno d.	0.1468	-0.0076	180	0	0	4	2	2.7108	2019	0.5	0.6777
3280	sutrisno s.	0.1269	-0.3641	181	0	0	2	0	0	2019	0	0
3281	"sutrisno, darmawati e."	0.2229	0.4214	182	0	0	1	0	0	2019	0	0
3282	"sutrisno, sugiyanta"	0.1273	-0.6278	38	2	4	2	2	2.7108	2019	1	1.3554
3283	"sutrisno, widyotomo s."	0.058	-0.842	183	0	0	1	0	0	2019	0	0
3284	"sutrisno, yuliani s."	-0.0331	0.95	184	0	0	1	0	0	2019	0	0
3285	suwandhi i.	0.033	-0.6212	185	0	0	1	0	0	2019	0	0
3286	suwandi r.	0.2906	0.4465	186	0	0	1	0	0	2019	0	0
3287	suwanto a.	0.4084	0.0437	187	0	0	1	1	1.3554	2019	1	1.3554
3288	suwardi	-0.4966	-0.3165	188	0	0	1	0	0	2019	0	0
3289	"suwardi, cholili s.n."	-0.7152	0.5406	189	0	0	1	0	0	2019	0	0
3290	"suwardi, darmawan"	-0.0353	0.8817	190	0	0	1	0	0	2019	0	0
3291	"suwardi, darmawan, sumawinata b."	-0.361	0.5684	191	0	0	1	0	0	2019	0	0
3292	"suwardi, djajakirana g."	-0.1219	-0.5845	192	0	0	1	0	0	2019	0	0
3293	"suwardi, dyah t.s."	0.5511	0.6214	193	0	0	1	0	0	2019	0	0
3294	suwarno	0.1075	0.0586	194	0	0	1	0	0	2019	0	0
3295	suwarno w.b.	0.7734	-0.4001	16	9	15	9	14	18.9757	2019	1.5556	2.1084
3296	"suwarno, miftahudin"	0.5887	-0.0132	36	3	5	2	1	1.3554	2019	0.5	0.6777
3297	"suwarto, riyanto a."	-0.4803	0.8159	195	0	0	1	0	0	2019	0	0
3298	suwedi n.	0.1498	0.1338	196	0	0	2	0	0	2019	0	0
3299	suyanto a.	-0.4676	0.7206	197	0	0	1	0	0	2019	0	0
3300	suyatma n.e.	0.3129	-0.4371	198	0	0	5	1	1.3554	2019	0.2	0.2711
3301	suyatman s.	-0.5301	-0.4336	199	0	0	1	1	1.3554	2019	1	1.3554
3302	suyuthi m.a.	-0.0244	0.5972	200	0	0	1	0	0	2019	0	0
3303	suzuki m.	0.3157	0.3859	201	0	0	1	1	1.3554	2019	1	1.3554
3304	suzuki s.	-0.6619	0.087	202	0	0	1	0	0	2019	0	0
3305	suzuki t.	-0.0135	0.1254	203	0	0	1	5	6.777	2019	5	6.777
3306	suzuki-hashido n.	-0.7402	0.5689	204	0	0	1	1	1.3554	2019	1	1.3554
3307	swandi m.k.	-0.3156	-0.8935	205	0	0	1	0	0	2019	0	0
3308	syafei l.s.	-0.102	-0.3802	206	0	0	2	0	0	2019	0	0
3309	syafii w.	0.5543	-0.7513	21	7	12	6	6	8.1324	2019	1	1.3554
3310	syafitri u.d.	-0.657	-0.6269	207	0	0	5	0	0	2019	0	0
3311	syafutra h.	0.9072	0.2847	208	0	0	4	3	4.0662	2019	0.75	1.0166
3312	syah d.	0.4997	0.7496	13	7	7	1	4	5.4216	2019	4	5.4216
3313	syaharani l.	-0.6621	0.3291	209	0	0	1	1	1.3554	2019	1	1.3554
3314	syahidah t.	-0.7037	-0.6372	210	0	0	1	0	0	2019	0	0
3315	syahreza s.	0.5931	0.7065	211	0	0	1	0	0	2019	0	0
3316	syahri c.i.	0.5978	0.7376	212	0	0	1	0	0	2019	0	0
3317	syahruddin e.	0.0893	0.9448	213	0	0	1	0	0	2019	0	0
3318	syahyuti s.	0.3302	-0.8796	32	2	2	1	1	1.3554	2019	1	1.3554
3319	syaiful s.	0.2222	-0.1616	214	0	0	2	2	2.7108	2019	1	1.3554
3320	syam m.	0.468	0.1816	215	0	0	1	0	0	2019	0	0
3321	syamsir e.	0.5131	-0.6781	216	0	0	1	1	1.3554	2019	1	1.3554
3322	syamsu k.	0.5	0.3049	217	0	0	5	9	12.1986	2019	1.8	2.4397
3323	"syamsu, darwis d."	-0.1431	-0.8567	218	0	0	1	0	0	2019	0	0
3324	syamsudin d.l.	-0.6403	-0.4397	219	0	0	1	0	0	2019	0	0
3325	syamsudin f.	0.1822	-0.0899	220	0	0	1	0	0	2019	0	0
3326	syamsudin m.	-0.6628	0.6377	12	8	8	1	3	4.0662	2019	3	4.0662
3327	syarief r.	0.3842	-0.4471	221	0	0	2	0	0	2019	0	0
3328	syarif i.	-0.7432	0.1175	222	0	0	1	0	0	2019	0	0
3329	syartinilia s.	0.3567	0.4693	223	0	0	1	0	0	2019	0	0
3330	"syartinilia, wahyuni s."	-0.3785	-0.6482	224	0	0	1	0	0	2019	0	0
3331	syaufina l.	-0.4124	-0.8083	3	6	9	3	7	9.4878	2019	2.3333	3.1626
3332	syaukat y.	0.8552	0.1186	225	0	0	4	0	0	2019	0	0
3333	syazali m.	-0.5099	-0.5851	226	0	0	1	7	9.4878	2019	7	9.4878
3334	syifa k.	0.706	0.03	227	0	0	1	0	0	2019	0	0
3335	syukur m.	0.7989	-0.3698	5	9	11	10	3	4.0662	2019	0.3	0.4066
3336	tachibana s.	0.4992	0.7496	13	7	7	1	4	5.4216	2019	4	5.4216
3337	tahir a.	-0.8078	-0.4891	228	0	0	1	0	0	2019	0	0
3338	tahya a.m.	-0.0871	0.913	229	0	0	1	0	0	2019	0	0
3339	taillardat p.	0.268	0.8534	17	5	5	1	8	10.8432	2019	8	10.8432
3340	tajuddin t.	0.7925	-0.3618	5	4	4	1	1	1.3554	2019	1	1.3554
3341	takano t.	-0.7311	-0.5526	230	0	0	1	0	0	2019	0	0
3342	takase y.	0.8642	0.3027	231	0	0	1	0	0	2019	0	0
3343	takeuchi r.	-0.5783	0.4633	232	0	0	1	0	0	2019	0	0
3344	takeuchi t.	-0.2528	-0.4024	233	0	0	1	0	0	2019	0	0
3345	taki a.c.	-0.7852	-0.4599	234	0	0	1	10	13.554	2019	10	13.554
3346	talib latif m.	-0.4211	-0.8116	3	3	3	1	5	6.777	2019	5	6.777
3347	tamai a.	0.5544	-0.7512	21	7	7	1	2	2.7108	2019	2	2.7108
3348	tamam b.	0.4997	0.7495	13	7	7	1	4	5.4216	2019	4	5.4216
3349	tambaip t.	-0.5986	-0.6904	235	0	0	1	0	0	2019	0	0
3350	tambengi c.f.j.	-0.4868	-0.1657	236	0	0	1	0	0	2019	0	0
3351	tambunan a.h.	-0.1903	0.4555	237	0	0	4	1	1.3554	2019	0.25	0.3389
3352	tambunan m.	0.6762	0.3532	238	0	0	1	0	0	2019	0	0
3353	tampubolon b.i.	-0.9446	0.069	239	0	0	2	0	0	2019	0	0
3354	tampubolon p.a.r.p.	-0.5021	0.8041	240	0	0	1	0	0	2019	0	0
3355	tamura k.	-0.4728	-0.0397	241	0	0	1	0	0	2019	0	0
3356	tan c.p.	0.5671	0.6586	242	0	0	1	3	4.0662	2019	3	4.0662
3357	tanaka c.	0.3457	-0.6819	243	0	0	1	4	5.4216	2019	4	5.4216
3358	tanaka j.	0.8946	0.2617	244	0	0	2	4	5.4216	2019	2	2.7108
3359	tangkawattana s.	-0.5359	-0.4998	245	0	0	1	0	0	2019	0	0
3360	tanihara f.	0.4762	0.8285	246	0	0	3	8	10.8432	2019	2.6667	3.6144
3361	tanjung d.	-0.1788	0.7457	247	0	0	1	0	0	2019	0	0
3362	tanjung w.f.	-0.5445	0.2997	248	0	0	1	0	0	2019	0	0
3363	tanziha i.	0.1778	0.598	249	0	0	1	0	0	2019	0	0
3364	taqi f.m.	0.7423	0.378	250	0	0	1	0	0	2019	0	0
3365	tarigan s.d.	-0.3318	-0.6773	251	0	0	3	0	0	2019	0	0
3366	tarman k.	0.8792	0.3572	252	0	0	5	0	0	2019	0	0
3367	tartila t.s.	-0.8566	-0.2153	7	11	11	1	1	1.3554	2019	1	1.3554
3368	taryono	-0.6484	-0.554	253	0	0	1	0	0	2019	0	0
3369	taryono t.	-0.4091	0.2301	254	0	0	2	1	1.3554	2019	0.5	0.6777
3370	tasomara r.	0.0456	0.8373	255	0	0	1	0	0	2019	0	0
3371	tatewaki t.	0.42	-0.394	256	0	0	1	0	0	2019	0	0
3372	taufik a.	0.3021	-0.029	257	0	0	1	1	1.3554	2019	1	1.3554
3373	taufik i.	-0.2626	-0.8853	258	0	0	1	0	0	2019	0	0
3374	taufik m.	-0.5054	-0.1966	259	0	0	5	8	10.8432	2019	1.6	2.1686
3375	taurusman a.a.	-0.4892	0.5725	260	0	0	1	0	0	2019	0	0
3376	tayebwa d.s.	-0.1998	0.8043	261	0	0	1	5	6.777	2019	5	6.777
3377	tazliqoh a.z.	-0.1179	0.7553	262	0	0	1	0	0	2019	0	0
3378	tedjo d.p.	0.3671	0.3332	263	0	0	1	0	0	2019	0	0
3379	teniwut w.a.	0.0265	-0.7478	264	0	0	1	14	18.9757	2019	14	18.9757
3380	terai y.	-0.2338	-0.9192	265	0	0	1	1	1.3554	2019	1	1.3554
3381	terao y.	0.2528	0.037	266	0	0	2	0	0	2019	0	0
3382	tetty k.	-0.2188	-0.3292	267	0	0	1	0	0	2019	0	0
3383	teuscher m.	0.8674	-0.1316	9	10	10	1	2	2.7108	2019	2	2.7108
3384	thenawidjaja m.	-0.6186	-0.7172	268	0	0	1	1	1.3554	2019	1	1.3554
3385	thesiana l.	0.339	0.0303	269	0	0	2	0	0	2019	0	0
3386	thoha a.s.	0.9368	0.0516	22	3	3	1	3	4.0662	2019	3	4.0662
3387	thohari a.m.	-0.7802	0.4703	270	0	0	1	0	0	2019	0	0
3388	thomas a.	-0.3377	0.2261	271	0	0	1	0	0	2019	0	0
3389	thomas s.	-0.2809	-0.8429	272	0	0	1	0	0	2019	0	0
3390	thoriq s.p.	-0.8105	-0.4157	273	0	0	1	0	0	2019	0	0
3391	tiara e.s.	0.1165	-0.9417	274	0	0	1	0	0	2019	0	0
3392	tiarni i.	0.91	0.1877	25	4	4	1	1	1.3554	2019	1	1.3554
3393	tiesnamurti b.	-0.9497	0.0031	275	0	0	1	0	0	2019	0	0
3394	tineke m.	-0.4435	0.3762	276	0	0	1	0	0	2019	0	0
3395	titik sumarti m.s.	0.0512	-0.4886	277	0	0	1	0	0	2019	0	0
3396	tjahjoleksono a.	-0.9202	0.1398	19	4	4	2	0	0	2019	0	0
3397	tjahjono b.	-0.4405	0.8042	278	0	0	5	2	2.7108	2019	0.4	0.5422
3398	tjahjono r.e.p.	-0.7343	0.4599	279	0	0	1	0	0	2019	0	0
3399	tjitropranoto p.	0.3306	-0.8799	32	2	2	3	1	1.3554	2019	0.3333	0.4518
3400	tjitrosoedirdjo s.s.	0.8553	-0.1749	11	7	7	1	1	1.3554	2019	1	1.3554
3401	tjong m.	-0.2832	-0.1474	280	0	0	1	0	0	2019	0	0
3402	togibasa o.	-0.4591	-0.426	281	0	0	2	0	0	2019	0	0
3403	toharmat t.	0.6549	0.3023	282	0	0	2	0	0	2019	0	0
3404	tohir d.	0.4531	0.8351	283	0	0	1	0	0	2019	0	0
3405	tojo s.	0.6187	0.7215	284	0	0	1	0	0	2019	0	0
3406	toonen r.j.	-0.6828	-0.6524	285	0	0	1	1	1.3554	2019	1	1.3554
3407	tosens t.	-0.2554	0.6404	286	0	0	1	14	18.9757	2019	14	18.9757
3408	tosh d.g.	-0.2996	-0.8746	287	0	0	1	1	1.3554	2019	1	1.3554
3409	tosi a.j.	-0.1165	0.4532	288	0	0	1	0	0	2019	0	0
3410	"toyip, ghulamahdi m."	-0.4859	-0.6764	289	0	0	1	0	0	2019	0	0
3411	treml e.	-0.61	0.7221	290	0	0	1	1	1.3554	2019	1	1.3554
3412	tri asmira d.	-0.8406	-0.394	291	0	0	1	0	0	2019	0	0
3413	tri wahyudi a.	-0.8394	0.3378	1	7	9	1	1	1.3554	2019	1	1.3554
3414	triadiati t.	0.468	0.0725	292	0	0	3	0	0	2019	0	0
3415	"triadiati, sulistijorini"	-0.2022	-0.8155	293	0	0	2	0	0	2019	0	0
3416	triandiza t.	0.232	0.5584	294	0	0	1	0	0	2019	0	0
3417	trianita k.	-0.5786	-0.6047	295	0	0	1	0	0	2019	0	0
3418	tridesianti s.	-0.8457	0.3289	1	7	8	2	1	1.3554	2019	0.5	0.6777
3419	trihandoyo a.	-0.2321	-0.8607	296	0	0	1	0	0	2019	0	0
3420	trijatmiko k.r.	-0.2212	0.0432	297	0	0	2	0	0	2019	0	0
3421	trijunianto a.	-0.5994	-0.7335	298	0	0	1	0	0	2019	0	0
3422	trikoesoemaningtyas	-0.3729	0.0245	299	0	0	2	0	0	2019	0	0
3423	trilaksani w.	0.7445	0.4741	300	0	0	1	0	0	2019	0	0
3424	trilaksono w.	-0.5932	0.3377	301	0	0	1	1	1.3554	2019	1	1.3554
3425	trisasongko b.h.	-0.9218	0.08	302	0	0	1	4	5.4216	2019	4	5.4216
3426	triscowati d.w.	-0.7103	0.4975	303	0	0	1	0	0	2019	0	0
3427	trisdiani d.u.	0.9425	0.1359	304	0	0	1	0	0	2019	0	0
3428	trisminingsih r.	-0.0211	-0.0118	305	0	0	1	0	0	2019	0	0
3429	trisunaryanti w.	0.2975	-0.1659	306	0	0	1	0	0	2019	0	0
3430	trivadila	0.4805	-0.1471	307	0	0	1	0	0	2019	0	0
3431	triwidodo h.	-0.2177	0.5823	308	0	0	1	0	0	2019	0	0
3432	triwijaya r.h.	-0.3309	-0.6175	309	0	0	1	0	0	2019	0	0
3433	triyono t.	0.6039	-0.0964	310	0	0	2	1	1.3554	2019	0.5	0.6777
3434	tsalsabila a.	0.3489	0.2571	311	0	0	1	1	1.3554	2019	1	1.3554
3435	tsauqi a.k.	0.0072	-0.2907	312	0	0	1	0	0	2019	0	0
3436	tscharntke t.	-0.1234	0.8556	313	0	0	3	10	13.554	2019	3.3333	4.518
3437	tsuji y.	0.5569	0.4126	314	0	0	4	5	6.777	2019	1.25	1.6943
3438	tuheteru e.j.	-0.2268	0.6985	315	0	0	1	3	4.0662	2019	3	4.0662
3439	tuheteru f.d.	-0.6918	-0.6064	316	0	0	1	3	4.0662	2019	3	4.0662
3440	tuinenburg o.a.	-0.1427	0.0524	317	0	0	1	2	2.7108	2019	2	2.7108
3441	tumanggor l.	-0.8289	0.1669	318	0	0	1	0	0	2019	0	0
3442	tumbelaka l.i.t.a.	0.3009	0.1707	319	0	0	1	0	0	2019	0	0
3443	tung t.-h.	-0.0904	0.9451	320	0	0	1	0	0	2019	0	0
3444	tung y.-t.	-0.2894	-0.9046	321	0	0	1	0	0	2019	0	0
3445	tunggadewi t.i.	0.3128	-0.5657	322	0	0	1	2	2.7108	2019	2	2.7108
3446	tupamahu a.	0.2406	-0.7445	323	0	0	1	0	0	2019	0	0
3447	turhadi t.	0.1145	0.9263	324	0	0	1	0	0	2019	0	0
3448	turjaman m.	-0.2768	-0.7325	325	0	0	2	1	1.3554	2019	0.5	0.6777
3449	"turmudi, saharjo b.h."	-0.5563	-0.5551	326	0	0	1	0	0	2019	0	0
3450	turnip d.m.s.	-0.9087	0.0469	327	0	0	1	0	0	2019	0	0
3451	turyanti a.	0.1003	-0.8656	328	0	0	1	0	0	2019	0	0
3452	tuvshintulga b.	0.1026	-0.915	329	0	0	1	5	6.777	2019	5	6.777
3453	tyas a.	0.058	0.7024	330	0	0	1	0	0	2019	0	0
3454	ubaidillah a.	0.4099	0.524	331	0	0	1	1	1.3554	2019	1	1.3554
3455	uchiyama s.	-0.9509	-0.0175	332	0	0	1	0	0	2019	0	0
3456	uddin m.j.	0.1957	-0.9051	18	3	3	2	2	2.7108	2019	1	1.3554
3457	udin f.	0.247	0.3568	333	0	0	2	0	0	2019	0	0
3458	udin l.z.	0.4992	0.7498	13	6	6	1	0	0	2019	0	0
3459	ugur m.r.	-0.5329	-0.3712	334	0	0	1	10	13.554	2019	10	13.554
3460	uju	0.3528	-0.7814	335	0	0	1	0	0	2019	0	0
3461	"uju, prasetyaningsih e."	-0.2517	0.816	336	0	0	1	0	0	2019	0	0
3462	"uju, tarman k."	0.0155	-0.4246	337	0	0	1	0	0	2019	0	0
3463	ul-husna a.	0.1225	0.701	338	0	0	1	4	5.4216	2019	4	5.4216
3464	ulina e.s.	-0.1563	0.3888	339	0	0	1	3	4.0662	2019	3	4.0662
3465	ullah w.	0.1191	0.9432	340	0	0	1	1	1.3554	2019	1	1.3554
3466	ullyartha h.	-0.2339	-0.199	341	0	0	1	0	0	2019	0	0
3467	ulum m.f.	-0.7013	-0.4767	342	0	0	2	4	5.4216	2019	2	2.7108
3468	uluputty m.r.	0.5249	-0.0996	343	0	0	1	1	1.3554	2019	1	1.3554
3469	umam r.	-0.0261	-0.6485	344	0	0	4	6	8.1324	2019	1.5	2.0331
3470	untari r.	-0.1758	0.1207	345	0	0	1	0	0	2019	0	0
3471	uphoff n.	-0.1558	-0.1757	346	0	0	1	0	0	2019	0	0
3472	usman h.a.	-0.8563	-0.214	7	10	10	1	0	0	2019	0	0
3473	usmiati s.	-0.2053	-0.9263	347	0	0	1	0	0	2019	0	0
3474	usuki h.	0.4722	-0.2877	348	0	0	1	0	0	2019	0	0
3475	utama n.a.	-0.6294	0.4278	349	0	0	1	3	4.0662	2019	3	4.0662
3476	utama q.d.	0.8285	0.1736	350	0	0	1	5	6.777	2019	5	6.777
3477	utama s.e.p.	-0.6018	0.5284	351	0	0	1	0	0	2019	0	0
3478	utami a.r.	0.1601	0.5313	352	0	0	1	2	2.7108	2019	2	2.7108
3479	utami atmoko s.s.	-0.5334	0.6578	353	0	0	1	0	0	2019	0	0
3480	utami d.f.r.	0.8183	0.3256	354	0	0	1	0	0	2019	0	0
3481	utami d.w.	0.5379	0.5042	355	0	0	1	0	0	2019	0	0
3482	utami f.n.h.	-0.4332	0.8451	356	0	0	1	1	1.3554	2019	1	1.3554
3483	utomo a.r.h.	-0.4195	0.3047	357	0	0	1	0	0	2019	0	0
3484	utomo b.a.	0.077	0.4092	358	0	0	1	0	0	2019	0	0
3485	utomo n.b.p.	-0.2264	-0.6971	359	0	0	1	1	1.3554	2019	1	1.3554
3486	utomo t.h.a.	0.4247	-0.188	360	0	0	1	3	4.0662	2019	3	4.0662
3487	utteridge t.m.a.	0.7275	0.0809	361	0	0	1	0	0	2019	0	0
3488	utzinger j.	-0.2865	-0.3296	362	0	0	2	0	0	2019	0	0
3489	van der ent r.j.	-0.7863	-0.5319	363	0	0	1	2	2.7108	2019	2	2.7108
3490	van lanen h.a.j.	0.4977	-0.8056	364	0	0	2	7	9.4878	2019	3.5	4.7439
3491	van middelaar c.e.	-0.3967	0.7795	365	0	0	1	0	0	2019	0	0
3492	veldhuizen a.a.	-0.6918	-0.5692	366	0	0	1	4	5.4216	2019	4	5.4216
3493	vellinga t.v.	0.297	0.3071	367	0	0	1	0	0	2019	0	0
3494	vidal m.c.	0.0076	-0.8068	368	0	0	1	1	1.3554	2019	1	1.3554
3495	"villiandra, paramastri y.a."	0.5848	-0.5059	369	0	0	1	1	1.3554	2019	1	1.3554
3496	viruly l.	0.1267	0.4706	370	0	0	2	1	1.3554	2019	0.5	0.6777
3497	vitner y.	-0.8031	-0.161	6	11	11	1	2	2.7108	2019	2	2.7108
3498	voorrips r.e.	0.6739	0.0781	371	0	0	1	4	5.4216	2019	4	5.4216
3499	vornam b.	0.8547	-0.1747	11	8	8	1	3	4.0662	2019	3	4.0662
3500	vosman b.	0.348	-0.0827	372	0	0	1	4	5.4216	2019	4	5.4216
3501	wachjar a.	-0.147	-0.9269	29	4	4	5	6	8.1324	2019	1.2	1.6265
3502	wafdan r.	-0.0126	0.258	373	0	0	1	3	4.0662	2019	3	4.0662
3503	wagey t.	-0.8031	-0.1606	6	4	4	1	1	1.3554	2019	1	1.3554
3504	wahab i.	-0.4658	0.1055	374	0	0	1	0	0	2019	0	0
3505	wahiddin d.	0.0815	0.8798	375	0	0	1	0	0	2019	0	0
3506	wahju r.i.	-0.2809	0.3128	376	0	0	1	2	2.7108	2019	2	2.7108
3507	wahjuni s.	-0.6863	0.4567	377	0	0	2	0	0	2019	0	0
3508	wahyono e.	-0.3479	0.7258	378	0	0	1	0	0	2019	0	0
3509	wahyono t.	0.4134	-0.5115	379	0	0	2	0	0	2019	0	0
3510	wahyu y.	0.8271	0.2793	380	0	0	3	2	2.7108	2019	0.6667	0.9036
3511	wahyudi a.	0.7767	0.5147	381	0	0	1	2	2.7108	2019	2	2.7108
3512	wahyudi a.t.	-0.8377	0.341	1	12	17	7	14	18.9757	2019	2	2.7108
3513	wahyudi a.t.r.i.	0.6212	-0.7162	382	0	0	1	0	0	2019	0	0
3514	wahyudi i.	0.8911	0.1134	383	0	0	5	5	6.777	2019	1	1.3554
3515	wahyudi s.t.	-0.049	0.7641	384	0	0	4	1	1.3554	2019	0.25	0.3389
3516	wahyudianto b.	0.6091	0.3589	385	0	0	1	7	9.4878	2019	7	9.4878
3517	wahyudin y.	0.6684	0.4023	386	0	0	4	2	2.7108	2019	0.5	0.6777
3518	wahyuni d.s.	-0.3968	-0.4148	387	0	0	1	0	0	2019	0	0
3519	wahyuni n.f.	0.4702	-0.3499	388	0	0	1	0	0	2019	0	0
3520	wahyuni s.	-0.2888	0.8939	27	3	3	3	8	10.8432	2019	2.6667	3.6144
3521	wahyuni w.	-0.1424	-0.3175	389	0	0	1	0	0	2019	0	0
3522	wahyuni w.t.	0.6875	0.6087	8	14	22	5	11	14.9094	2019	2.2	2.9819
3523	wahyuni y.	-0.579	0.25	390	0	0	1	4	5.4216	2019	4	5.4216
3524	wai k.t.	-0.427	-0.6526	391	0	0	1	0	0	2019	0	0
3525	waite m.	0.197	0.205	392	0	0	1	14	18.9757	2019	14	18.9757
3526	waite p.-a.	-0.8957	-0.3498	393	0	0	1	0	0	2019	0	0
3527	wakabayashi h.	0.0017	0.3965	394	0	0	1	2	2.7108	2019	2	2.7108
3528	walsh f.c.	0.6883	0.608	8	14	22	3	11	14.9094	2019	3.6667	4.9698
3529	walujo e.b.	-0.5663	0.0498	395	0	0	1	0	0	2019	0	0
3530	wang w.-q.	0.033	0.7594	396	0	0	1	1	1.3554	2019	1	1.3554
3531	wang x.	-0.3036	0.1685	397	0	0	1	4	5.4216	2019	4	5.4216
3532	wanniatie v.	0.79	0.3571	398	0	0	1	0	0	2019	0	0
3533	wardah s.	0.5561	-0.4222	399	0	0	1	0	0	2019	0	0
3534	wardani i.k.	0.4292	0.1306	400	0	0	1	0	0	2019	0	0
3535	wardani r.k.	0.0755	-0.8957	401	0	0	1	0	0	2019	0	0
3536	wardani w.v.	0.7323	0.3344	402	0	0	1	0	0	2019	0	0
3537	wardiatno y.	-0.7632	-0.1247	10	7	12	9	14	18.9757	2019	1.5556	2.1084
3538	wardinal w.	-0.3784	-0.5775	403	0	0	1	1	1.3554	2019	1	1.3554
3539	wardoyo e.	0.5704	0.7748	404	0	0	1	0	0	2019	0	0
3540	"warji, purwanti n."	0.0691	-0.1485	405	0	0	1	0	0	2019	0	0
3541	warnasih s.	-0.3799	0.8677	406	0	0	1	0	0	2019	0	0
3542	warren c.	0.0347	-0.6852	407	0	0	1	2	2.7108	2019	2	2.7108
3543	warsiki e.	0.5894	0.4972	408	0	0	5	11	14.9094	2019	2.2	2.9819
3544	"wartono, wiyono s."	0.0856	0.8406	409	0	0	1	0	0	2019	0	0
3545	"waryanto, nugroho h."	0.8967	0.309	410	0	0	1	0	0	2019	0	0
3546	wasis b.	0.8625	0.3761	411	0	0	4	1	1.3554	2019	0.25	0.3389
3547	waspodo r.s.b.	-0.3761	-0.137	412	0	0	3	0	0	2019	0	0
3548	watanabe k.	-0.4311	0.5037	413	0	0	1	3	4.0662	2019	3	4.0662
3549	watanabe m.m.	-0.5356	0.035	414	0	0	1	6	8.1324	2019	6	8.1324
3550	watanabe t.	0.4662	0.5714	415	0	0	2	1	1.3554	2019	0.5	0.6777
3551	wati r.	0.2738	0.2309	416	0	0	1	0	0	2019	0	0
3552	wattimena r.c.	-0.5064	-0.2421	417	0	0	2	0	0	2019	0	0
3553	wawan h.	-0.5753	0.1689	418	0	0	1	0	0	2019	0	0
3554	wayan mangku i.	-0.212	-0.897	419	0	0	1	0	0	2019	0	0
3555	wayson c.	0.2831	0.8484	2	3	3	1	5	6.777	2019	5	6.777
3556	welly m.	0.1056	-0.0779	420	0	0	1	1	1.3554	2019	1	1.3554
3557	"weniarti, nurhidayat n."	-0.6334	0.4853	421	0	0	1	0	0	2019	0	0
3558	wening r.h.	-0.2629	0.4528	422	0	0	1	0	0	2019	0	0
3559	wheeler p.m.	0.2225	-0.6197	423	0	0	1	1	1.3554	2019	1	1.3554
3560	white a.t.	0.326	-0.3015	424	0	0	1	7	9.4878	2019	7	9.4878
3561	wibawa d.s.	0.3991	-0.0279	425	0	0	1	6	8.1324	2019	6	8.1324
3562	wibawa h.	0.6837	-0.6082	4	8	8	1	4	5.4216	2019	4	5.4216
3563	wibawan i.w.t.	0.0001	0.7993	426	0	0	6	0	0	2019	0	0
3564	wibisono k.	-0.7359	-0.5927	427	0	0	1	0	0	2019	0	0
3565	wibowo c.	-0.347	0.8511	428	0	0	1	0	0	2019	0	0
3566	wibowo m.h.	0.6845	-0.6075	4	8	8	2	4	5.4216	2019	2	2.7108
3567	wibowo p.a.	-0.7297	-0.425	429	0	0	1	0	0	2019	0	0
3568	wicaksono p.	-0.0817	0.7093	430	0	0	4	0	0	2019	0	0
3569	wicaksono r.z.	0.1658	-0.8039	431	0	0	1	4	5.4216	2019	4	5.4216
3570	widagdo i.b.	-0.5692	-0.3094	432	0	0	1	0	0	2019	0	0
3571	widanarni	0.3469	0.5324	433	0	0	1	0	0	2019	0	0
3572	widanarni w.	0.4595	-0.6033	434	0	0	4	7	9.4878	2019	1.75	2.372
3573	"widanarni, farida h."	-0.4282	0.568	435	0	0	1	0	0	2019	0	0
3574	"widanarni, putri f.n."	0.2721	-0.2367	436	0	0	1	0	0	2019	0	0
3575	"widanarni, sucipto a."	0.2669	-0.0971	437	0	0	1	5	6.777	2019	5	6.777
3576	"widanarni, wahyudi a.t."	-0.8309	0.349	1	4	4	1	0	0	2019	0	0
3577	widasari d.	0.174	0.3403	438	0	0	1	0	0	2019	0	0
3578	widayanti r.	0.4771	0.0054	439	0	0	1	0	0	2019	0	0
3579	widayat d.	0.7513	0.5158	440	0	0	1	0	0	2019	0	0
3580	widayati k.a.	-0.5682	0.6843	441	0	0	5	7	9.4878	2019	1.4	1.8976
3581	widhiani a.p.	0.4741	-0.057	442	0	0	1	0	0	2019	0	0
3582	widhiono i.	0.372	0.1849	443	0	0	1	0	0	2019	0	0
3583	widia l.	-0.143	-0.646	444	0	0	1	0	0	2019	0	0
3584	widiarti r.	0.5771	0.3106	445	0	0	1	0	0	2019	0	0
3585	widiastuti d.	-0.0569	-0.0824	446	0	0	1	0	0	2019	0	0
3586	widiastuti e.	-0.235	0.7587	447	0	0	1	0	0	2019	0	0
3587	widiatmaka	-0.7785	0.5238	31	4	4	3	1	1.3554	2019	0.3333	0.4518
3588	"widiatmaka, ardiansyah m."	-0.4062	0.7278	448	0	0	1	0	0	2019	0	0
3589	"widiatmaka, firmansyah i."	0.0277	0.9321	26	4	4	1	0	0	2019	0	0
3590	"widiatmaka, kusmana c."	0.0278	0.9318	26	2	2	2	1	1.3554	2019	0.5	0.6777
3591	"widiatmaka, lubis i."	-0.0325	-0.7117	449	0	0	1	1	1.3554	2019	1	1.3554
3592	"widiatmaka, marimin, nurwajedi"	0.2018	-0.3657	450	0	0	1	0	0	2019	0	0
3593	"widiatmaka, mulya s.p."	0.2493	-0.5638	451	0	0	1	2	2.7108	2019	2	2.7108
3594	"widiatmaka, munibah k."	0.4418	0.3625	452	0	0	1	0	0	2019	0	0
3595	"widiatmaka, pramudya b."	0.0993	0.9069	453	0	0	1	0	0	2019	0	0
3596	"widiatmaka, sabiham s."	0.7627	0.0459	454	0	0	1	0	0	2019	0	0
3597	"widiatmaka, setiawan y."	-0.1713	0.8578	455	0	0	1	0	0	2019	0	0
3598	"widiatmaka, sumantri c."	0.2788	0.5099	456	0	0	1	0	0	2019	0	0
3599	"widiatmaka, suryaningtyas d.t."	-0.7784	0.5233	31	3	3	1	0	0	2019	0	0
3600	widiawati y.	0.4888	-0.4121	457	0	0	1	0	0	2019	0	0
3601	widigdo b.	-0.0345	-0.767	458	0	0	1	0	0	2019	0	0
3602	widiyaningrum p.	0.6046	-0.6988	459	0	0	1	1	1.3554	2019	1	1.3554
3603	widiyantoro s.	-0.6266	0.2102	460	0	0	1	2	2.7108	2019	2	2.7108
3604	widiyati a.	-0.4855	-0.0084	461	0	0	1	1	1.3554	2019	1	1.3554
3605	widjaja h.	-0.6609	0.1609	462	0	0	1	0	0	2019	0	0
3606	widjojanto b.	-0.0357	0.4601	463	0	0	1	5	6.777	2019	5	6.777
3607	widodo c.e.	-0.6807	-0.3894	464	0	0	1	0	0	2019	0	0
3608	widodo p.	-0.3023	0.0604	465	0	0	3	1	1.3554	2019	0.3333	0.4518
3609	widodo s.	-0.477	-0.54	466	0	0	8	8	10.8432	2019	1	1.3554
3610	widodo s.j.	0.6272	0.4723	467	0	0	1	0	0	2019	0	0
3611	widodo w.d.	-0.1684	0.9014	468	0	0	1	1	1.3554	2019	1	1.3554
3612	"widodo, sobir"	-0.0542	0.1917	469	0	0	1	0	0	2019	0	0
3613	widyasaputra r.	-0.7742	-0.4217	470	0	0	1	1	1.3554	2019	1	1.3554
3614	widyastuti m.t.	-0.1551	0.5205	471	0	0	1	0	0	2019	0	0
3615	widyastuti p.	-0.3529	0.8806	472	0	0	1	0	0	2019	0	0
3616	widyastuti r.	0.8678	-0.1323	9	10	10	7	10	13.554	2019	1.4286	1.9363
3617	widyastuti r.d.	-0.4044	0.8587	473	0	0	1	0	0	2019	0	0
3618	widyastuti t.	-0.7478	-0.4781	474	0	0	1	2	2.7108	2019	2	2.7108
3619	widyastuti u.	0.5885	-0.0128	36	3	3	1	1	1.3554	2019	1	1.3554
3620	widyastuti y.	-0.3658	-0.0398	475	0	0	1	1	1.3554	2019	1	1.3554
3621	widyawati r.	0.5435	-0.1772	476	0	0	1	0	0	2019	0	0
3622	wiedinmyer c.	-0.4212	-0.8116	3	3	3	1	5	6.777	2019	5	6.777
3623	wientarsih i.	0.5356	-0.3262	477	0	0	1	1	1.3554	2019	1	1.3554
3624	wigati l.p.	-0.5793	-0.7487	478	0	0	1	0	0	2019	0	0
3625	wigena a.h.	0.209	0.486	479	0	0	4	0	0	2019	0	0
3626	wiharto m.	-0.0099	0.7175	480	0	0	1	0	0	2019	0	0
3627	wijanarko t.	0.4413	0.8148	481	0	0	1	0	0	2019	0	0
3628	wijanarto a.b.	-0.3476	0.7767	482	0	0	1	0	0	2019	0	0
3629	wijaya a.	0.2203	-0.0283	483	0	0	1	1	1.3554	2019	1	1.3554
3630	wijaya c.h.	-0.2288	0.5185	484	0	0	4	6	8.1324	2019	1.5	2.0331
3631	wijaya h.	0.164	-0.4354	485	0	0	1	0	0	2019	0	0
3632	wijaya i.p.g.	0.7737	0.298	486	0	0	2	3	4.0662	2019	1.5	2.0331
3633	wijaya m.	0.831	0.0688	487	0	0	1	0	0	2019	0	0
3634	wijaya s.h.	-0.5291	0.6138	488	0	0	2	0	0	2019	0	0
3635	wijayanie a.	-0.4697	-0.0996	489	0	0	1	0	0	2019	0	0
3636	wijayanti i.	0.4218	0.2343	490	0	0	1	0	0	2019	0	0
3637	wijayanti m.	0.0447	0.5837	491	0	0	1	0	0	2019	0	0
3638	wijayanti p.	-0.6903	-0.4299	492	0	0	1	0	0	2019	0	0
3639	wijayanti r.s.	0.3062	-0.8056	493	0	0	1	0	0	2019	0	0
3640	wijayanto a.k.	-0.1287	0.324	494	0	0	3	0	0	2019	0	0
3641	wijayanto a.w.	-0.1547	-0.5141	495	0	0	1	0	0	2019	0	0
3642	wijayanto n.	-0.3208	-0.0897	496	0	0	5	0	0	2019	0	0
3643	wikanendra g.b.	0.4541	-0.4641	497	0	0	1	0	0	2019	0	0
3644	wikantika k.	0.245	-0.3019	498	0	0	3	2	2.7108	2019	0.6667	0.9036
3645	wilantara p.	0.2671	-0.8303	499	0	0	1	0	0	2019	0	0
3646	wilkerson g.k.	0.8271	0.2202	500	0	0	1	0	0	2019	0	0
3647	williamson n.a.	-0.3035	0.6754	501	0	0	1	10	13.554	2019	10	13.554
3648	willingham a.l.	-0.7896	-0.5086	502	0	0	1	0	0	2019	0	0
3649	wiloso e.i.	-0.6771	0.2601	503	0	0	1	3	4.0662	2019	3	4.0662
3650	winanti d.d.t.	0.0094	0.8596	504	0	0	1	0	0	2019	0	0
3651	winarti c.	-0.2523	0.116	505	0	0	3	1	1.3554	2019	0.3333	0.4518
3652	winata b.	-0.5873	-0.408	506	0	0	2	0	0	2019	0	0
3653	windari h.a.s.	-0.5418	-0.7731	507	0	0	1	0	0	2019	0	0
3654	windarsih a.	-0.0597	-0.5932	508	0	0	2	2	2.7108	2019	1	1.3554
3655	windawati v.	0.3972	-0.3235	509	0	0	1	0	0	2019	0	0
3656	windham g.	0.3464	-0.5054	510	0	0	1	7	9.4878	2019	7	9.4878
3657	windyaswari a.s.	-0.8361	-0.4381	511	0	0	1	1	1.3554	2019	1	1.3554
3658	wirakartakusumah a.	-0.5227	0.2106	512	0	0	1	2	2.7108	2019	2	2.7108
3659	wiraswati s.m.	-0.8392	0.3388	1	9	9	1	5	6.777	2019	5	6.777
3660	wirawati c.u.	0.6151	0.2478	513	0	0	1	1	1.3554	2019	1	1.3554
3661	wirnas d.	-0.3054	0.3784	514	0	0	3	1	1.3554	2019	0.3333	0.4518
3662	wirrahma	0.0023	-0.5634	515	0	0	1	0	0	2019	0	0
3663	wiryawan b.	-0.688	0.4126	516	0	0	3	9	12.1986	2019	3	4.0662
3664	wiryawan k.g.	-0.7824	0.1358	517	0	0	8	10	13.554	2019	1.25	1.6943
3665	wisnugroho m.	0.2493	-0.6779	518	0	0	1	0	0	2019	0	0
3666	wistara i.n.j.	-0.3359	-0.5374	519	0	0	2	4	5.4216	2019	2	2.7108
3667	wistara n.j.	-0.6953	0.2146	520	0	0	4	8	10.8432	2019	2	2.7108
3668	wisudo s.h.	-0.5312	-0.6364	521	0	0	2	0	0	2019	0	0
3669	wittayarat m.	0.128	-0.5051	522	0	0	3	8	10.8432	2019	2.6667	3.6144
3670	wiweko b.	-0.9447	-0.2733	523	0	0	1	0	0	2019	0	0
3671	wiyati s.y.	0.2762	-0.8934	524	0	0	1	0	0	2019	0	0
3672	wiyono s.	0.0936	-0.4315	525	0	0	3	1	1.3554	2019	0.3333	0.4518
3673	woittiez l.s.	0.5087	0.6165	526	0	0	1	4	5.4216	2019	4	5.4216
3674	wong h.s.	-0.8836	0.0669	527	0	0	1	0	0	2019	0	0
3675	woo s.y.	-0.0049	0.5296	528	0	0	1	0	0	2019	0	0
3676	wouters a.p.	-0.2452	-0.0629	529	0	0	1	0	0	2019	0	0
3677	wouthuyzen s.	-0.2069	0.3196	530	0	0	1	0	0	2019	0	0
3678	wresdiyati t.	-0.0499	0.3242	531	0	0	1	1	1.3554	2019	1	1.3554
3679	wu h.-h.	-0.3722	0.3664	532	0	0	1	0	0	2019	0	0
3680	wubben e.f.m.	0.4678	-0.7464	533	0	0	1	1	1.3554	2019	1	1.3554
3681	wulandani d.	-0.0854	-0.523	534	0	0	3	0	0	2019	0	0
3682	wulandari a.s.	0.3005	0.5753	535	0	0	5	4	5.4216	2019	0.8	1.0843
3683	wulandari c.	-0.6332	0.285	536	0	0	2	3	4.0662	2019	1.5	2.0331
3684	wulandari n.	-0.4046	0.6229	537	0	0	1	0	0	2019	0	0
3685	wulandari r.	-0.1192	-0.2402	538	0	0	2	2	2.7108	2019	1	1.3554
3686	wulandari s.	0.207	-0.4921	539	0	0	2	0	0	2019	0	0
3687	wulandari w.	0.7231	0.4228	540	0	0	1	0	0	2019	0	0
3688	"wulandari, malada a."	-0.4787	0.7745	541	0	0	1	0	0	2019	0	0
3689	"wulandari, wahjuni s."	0.1953	-0.2304	542	0	0	2	4	5.4216	2019	2	2.7108
3690	"wulandari, yoshioka h."	0.2895	0.0964	543	0	0	1	5	6.777	2019	5	6.777
3691	wulansari d.	0.8614	0.2509	544	0	0	1	0	0	2019	0	0
3692	wösten j.h.m.	-0.6964	-0.5214	545	0	0	1	4	5.4216	2019	4	5.4216
3693	xiang q.	-0.1271	-0.4534	546	0	0	1	1	1.3554	2019	1	1.3554
3694	xu j.	-0.4753	-0.479	547	0	0	1	0	0	2019	0	0
3695	xuejun w.	0.0695	0.1247	548	0	0	1	1	1.3554	2019	1	1.3554
3696	xuenjun w.	-0.9	0.2113	549	0	0	1	0	0	2019	0	0
3697	yacob s.	-0.1541	-0.8063	550	0	0	1	0	0	2019	0	0
3698	yahya s.	-0.1474	-0.9268	29	3	3	1	0	0	2019	0	0
3699	yahya s.a.	-0.2097	0.8922	551	0	0	1	0	0	2019	0	0
3700	yalindua a.	-0.9222	0.2201	552	0	0	1	0	0	2019	0	0
3701	yamad y.	0.0243	-0.079	553	0	0	1	3	4.0662	2019	3	4.0662
3702	yamaguchi k.	-0.1573	-0.7499	554	0	0	1	0	0	2019	0	0
3703	yaman a.	-0.5225	0.4517	555	0	0	1	3	4.0662	2019	3	4.0662
3704	yamaoka k.	-0.3308	-0.2014	556	0	0	1	0	0	2019	0	0
3705	yamauchi k.	-0.1498	0.6945	557	0	0	2	4	5.4216	2019	2	2.7108
3706	yamin d.a.	-0.0958	0.2572	558	0	0	1	0	0	2019	0	0
3707	yan x.	0.7981	0.5123	559	0	0	1	1	1.3554	2019	1	1.3554
3708	yang s.-c.	-0.6139	0.1169	560	0	0	1	0	0	2019	0	0
3709	yani d.e.	-0.4584	0.8314	561	0	0	1	0	0	2019	0	0
3710	yani m.	0.8441	0.3511	562	0	0	4	1	1.3554	2019	0.25	0.3389
3711	yanti h.	-0.0908	0.8076	563	0	0	4	2	2.7108	2019	0.5	0.6777
3712	yanti r.n.	-0.4758	0.2571	564	0	0	1	0	0	2019	0	0
3713	yanti y.	-0.1769	-0.3908	565	0	0	2	0	0	2019	0	0
3714	yanto d.h.y.	-0.6462	-0.4962	566	0	0	2	1	1.3554	2019	0.5	0.6777
3715	yanuar a.	-0.9666	-0.0978	567	0	0	1	0	0	2019	0	0
3716	yanuar y.	0.038	0.4685	568	0	0	1	0	0	2019	0	0
3717	yanuarti r.	-0.0803	0.5157	569	0	0	1	4	5.4216	2019	4	5.4216
3718	yasril r.	0.5275	0.3594	570	0	0	1	0	0	2019	0	0
3719	yayi munara k.	0.7929	0.0772	571	0	0	1	0	0	2019	0	0
3720	yayusman l.	-0.8672	-0.3869	572	0	0	1	1	1.3554	2019	1	1.3554
3721	yazid m.	0.3625	0.1082	573	0	0	1	0	0	2019	0	0
3722	yeh c.-l.	-0.5653	-0.6641	574	0	0	1	0	0	2019	0	0
3723	yokota s.	0.0768	0.7924	575	0	0	3	3	4.0662	2019	1	1.3554
3724	yokoyama n.	-0.1787	0.2552	576	0	0	1	5	6.777	2019	5	6.777
3725	yokoyama t.	0.5539	-0.7513	21	7	12	2	2	2.7108	2019	1	1.3554
3726	yolanda a.m.	0.2199	0.2796	577	0	0	2	1	1.3554	2019	0.5	0.6777
3727	yong h.i.	-0.4704	-0.136	578	0	0	1	4	5.4216	2019	4	5.4216
3728	yonvitner	-0.3517	-0.3471	579	0	0	1	2	2.7108	2019	2	2.7108
3729	"yonvitner, yuliana e."	-0.9149	-0.3239	580	0	0	1	0	0	2019	0	0
3730	yopi y.	0.091	-0.9453	581	0	0	1	0	0	2019	0	0
3731	yoshida a.	-0.2858	0.5794	582	0	0	1	0	0	2019	0	0
3732	youlatos d.	-0.1992	0.9274	583	0	0	1	2	2.7108	2019	2	2.7108
3733	yovi e.y.	-0.6272	-0.5961	584	0	0	1	3	4.0662	2019	3	4.0662
3734	"yuanike, yulianda f."	0.516	0.5662	585	0	0	1	0	0	2019	0	0
3735	yudea c.	0.4861	-0.2222	586	0	0	1	0	0	2019	0	0
3736	yudha f.k.	-0.3723	0.6743	587	0	0	2	0	0	2019	0	0
3737	yudhani b.a.	0.1145	0.5868	588	0	0	1	0	0	2019	0	0
3738	yuhana m.	0.5648	-0.6679	589	0	0	5	7	9.4878	2019	1.4	1.8976
3739	yulia r.	-0.3555	-0.2685	590	0	0	1	0	0	2019	0	0
3740	yuliana e.	-0.4066	0.8275	591	0	0	2	2	2.7108	2019	1	1.3554
3741	yuliana n.d.	-0.2878	-0.008	592	0	0	1	0	0	2019	0	0
3742	yuliana p.	-0.9478	0.0396	593	0	0	2	0	0	2019	0	0
3743	yulianda f.	-0.7693	-0.5517	594	0	0	7	1	1.3554	2019	0.1429	0.1936
3744	yuliani s.	0.1435	0.2675	595	0	0	1	1	1.3554	2019	1	1.3554
3745	yulianto g.	0.1167	-0.8246	596	0	0	1	0	0	2019	0	0
3746	yulianto i.	-0.6669	0.518	597	0	0	7	2	2.7108	2019	0.2857	0.3873
3747	yulianto m.	0.1944	-0.6948	598	0	0	1	0	0	2019	0	0
3748	"yulianto, soekmadi r."	-0.5508	0.7546	23	4	4	1	0	0	2019	0	0
3749	yuliarto b.	0.227	0.1381	599	0	0	6	7	9.4878	2019	1.1667	1.5813
3750	yuliasih i.	0.3618	-0.8513	600	0	0	2	0	0	2019	0	0
3751	yuliawati a.	-0.5542	0.5719	601	0	0	1	0	0	2019	0	0
3752	"yullianida, santoso, nafisah, cruz c.v."	-0.2791	-0.2585	602	0	0	1	0	0	2019	0	0
3753	"yunandar, effendi h."	-0.3005	0.5164	603	0	0	1	0	0	2019	0	0
3754	yuni a.r.e.	0.2792	-0.3652	604	0	0	1	1	1.3554	2019	1	1.3554
3755	yuni c.	0.0273	0.3305	605	0	0	1	7	9.4878	2019	7	9.4878
3756	yuni s.m.	0.5387	-0.3752	606	0	0	1	3	4.0662	2019	3	4.0662
3757	yunianti a.d.	0.087	-0.2924	607	0	0	1	1	1.3554	2019	1	1.3554
3758	yunianto a.e.	-0.4583	-0.3661	608	0	0	1	0	0	2019	0	0
3759	yuniarto a.	-0.4331	0.678	609	0	0	1	0	0	2019	0	0
3760	yuniasih	0.8852	0.3326	610	0	0	1	0	0	2019	0	0
3761	yuniawati r.	0.5436	-0.6331	611	0	0	1	1	1.3554	2019	1	1.3554
3762	yunita r.	0.1153	-0.2251	612	0	0	1	0	0	2019	0	0
3763	yunitaningtyas k.	0.6094	0.4219	613	0	0	2	1	1.3554	2019	0.5	0.6777
3764	yunus f.	-0.3499	0.2955	614	0	0	1	0	0	2019	0	0
3765	yunus m.	-0.6014	0.0625	615	0	0	4	2	2.3554	2019.25	0.5	0.5889
3766	yusfiandayani r.	-0.102	-0.7832	616	0	0	5	2	2.7108	2019	0.4	0.5422
3767	yusianto r.	0.2103	0.6457	617	0	0	3	7	9.4878	2019	2.3333	3.1626
3768	yusoff f.m.	-0.1052	-0.8418	618	0	0	1	8	10.8432	2019	8	10.8432
3769	yusri s.	-0.327	-0.4077	619	0	0	1	0	0	2019	0	0
3770	"yusrizal, wiyono e.s."	0.093	0.6457	620	0	0	1	0	0	2019	0	0
3771	yusuf d.n.	0.3946	-0.7489	621	0	0	1	0	0	2019	0	0
3772	yusuf h.y.	-0.1704	-0.6954	622	0	0	1	0	0	2019	0	0
3773	yusuf m.a.	-0.0463	0.9212	623	0	0	3	0	0	2019	0	0
3774	yusuf s.	0.4989	0.2385	624	0	0	1	1	1.3554	2019	1	1.3554
3775	yusuf s.m.	0.3828	-0.5649	625	0	0	1	0	0	2019	0	0
3776	yuxing z.	0.7156	0.2813	626	0	0	2	1	1.3554	2019	0.5	0.6777
3777	zahid a.	-0.4445	0.7632	627	0	0	1	0	0	2019	0	0
3778	zahra w.a.	-0.3515	0.1114	628	0	0	1	0	0	2019	0	0
3779	zain m.	-0.0081	-0.1527	629	0	0	1	1	1.3554	2019	1	1.3554
3780	zainal a.g.	-0.0621	0.9473	630	0	0	1	0	0	2019	0	0
3781	zainal abidin c.m.r.	0.1133	-0.772	631	0	0	1	0	0	2019	0	0
3782	zaini j.	-0.0207	-0.5021	632	0	0	1	0	0	2019	0	0
3783	zaini l.h.	-0.9617	-0.0645	633	0	0	2	4	5.4216	2019	2	2.7108
3784	zainuddin m.	0.5154	0.4556	634	0	0	1	1	1.3554	2019	1	1.3554
3785	zainuddin n.	-0.397	0.1592	635	0	0	1	0	0	2019	0	0
3786	"zainuddin, haris a."	0.3467	-0.2316	636	0	0	1	0	0	2019	0	0
3787	zairin jr m.	-0.252	-0.8145	637	0	0	1	0	0	2019	0	0
3788	zairin m.	-0.3338	0.6233	638	0	0	4	0	0	2019	0	0
3789	zairin m.j.	0.0227	0.0564	639	0	0	1	0	0	2019	0	0
3790	zairion z.	-0.6022	-0.5318	640	0	0	1	0	0	2019	0	0
3791	"zairion, hakim a.a."	-0.4375	-0.2615	641	0	0	1	0	0	2019	0	0
3792	zaiton s.	0.4282	0.4585	642	0	0	1	8	10.8432	2019	8	10.8432
3793	zaman a.	-0.9567	-0.0395	643	0	0	1	1	1.3554	2019	1	1.3554
3794	zamani m.p.	0.4283	0.2982	644	0	0	1	0	0	2019	0	0
3795	zamani n.p.	-0.8044	-0.1569	6	4	4	7	10	13.554	2019	1.4286	1.9363
3796	zein m.s.a.	0.4374	-0.7643	645	0	0	1	4	5.4216	2019	4	5.4216
3797	zemp d.c.	0.867	-0.1321	9	15	20	3	12	16.2648	2019	4	5.4216
3798	zhizhin m.	-0.5983	-0.3464	646	0	0	1	6	8.1324	2019	6	8.1324
3799	zhou x.-n.	0.1808	-0.5509	647	0	0	2	0	0	2019	0	0
3800	zubaidah s.	-0.4399	-0.0687	648	0	0	1	0	0	2019	0	0
3801	zuhri m.	-0.1086	0.6449	649	0	0	1	0	0	2019	0	0
3802	zuhud e.a.m.	0.3493	-0.3753	650	0	0	1	1	1.3554	2019	1	1.3554
3803	zulbainarni n.	-0.4053	-0.2037	651	0	0	1	0	0	2019	0	0
3804	zulfahmi i.	0.4227	-0.1024	652	0	0	2	2	2.7108	2019	1	1.3554
3805	zulfikar a.	-0.589	-0.4716	653	0	0	1	0	0	2019	0	0
3806	zulfikar a.a.	0.9182	0.2499	654	0	0	2	0	0	2019	0	0
3807	zulfiningrum r.	-0.5485	0.5196	655	0	0	1	0	0	2019	0	0
3808	"zulhaerati, budiarti s."	-0.5788	0.3938	656	0	0	1	0	0	2019	0	0
3809	zulhendry d.w.	-0.1373	-0.0873	657	0	0	1	1	1.3554	2019	1	1.3554
3810	zulkarnain i.	0.0312	0.192	658	0	0	1	0	0	2019	0	0
3811	zulkarnain r.	-0.0614	0.0554	659	0	0	2	0	0	2019	0	0
3812	zuraida r.	-0.8784	-0.3702	660	0	0	1	2	2.7108	2019	2	2.7108
3813	"zuraida, mariya s."	-0.2187	0.8528	661	0	0	1	0	0	2019	0	0
3814	świder k.	-0.612	-0.645	662	0	0	1	0	0	2019	0	0
