id	label	x	y	cluster	weight<Links>	weight<Total link strength>	weight<Documents>	weight<Citations>	weight<Norm. citations>	score<Avg. pub. year>	score<Avg. citations>	score<Avg. norm. citations>
14	abdulmadjid s.n.	-0.2511	0.2297	3	24	48	2	9	9.4968	2019	4.5	4.7484
19	abdurrachman m.	-0.2317	-0.3308	10	7	7	3	3	3.1656	2019	1	1.0552
30	achiari h.	0.4865	-0.7758	6	6	6	3	25	26.38	2019	8.3333	8.7933
37	adhinugraha a.	-0.8978	-0.2559	26	4	4	1	0	0	2019	0	0
38	adhiutama a.	0.6979	-0.6346	37	2	4	2	5	5.276	2019	2.5	2.638
40	adi k.	-0.1682	0.2259	8	7	16	3	8	8.4416	2019	2.6667	2.8139
45	adiono t.	-0.7302	0.3733	27	6	24	38	29	30.6008	2019	0.7632	0.8053
57	adnyana i.k.	-0.8081	-0.4582	17	9	9	7	8	8.4416	2019	1.1429	1.2059
65	afifah k.	-0.7304	0.3732	27	6	10	1	3	3.1656	2019	3	3.1656
69	afini i.	0.1103	0.9125	9	6	6	2	4	4.2208	2019	2	2.1104
80	agusta m.k.	0.2861	0.2052	11	14	30	6	17	17.9384	2019	2.8333	2.9897
83	agustiadi t.	-0.6777	-0.6419	12	4	14	2	16	16.8832	2019	8	8.4416
111	aisha a.n.	-0.1979	-0.9042	19	5	5	3	2	2.1104	2019	0.6667	0.7035
125	akbar f.t.	0.286	0.2052	11	9	12	7	3	3.1656	2019	0.4286	0.4522
143	al-ghifary f.	-0.371	0.8653	32	5	6	1	4	4.2208	2019	4	4.2208
156	alfarafisa n.m.	0.1102	0.9122	9	11	12	1	3	3.1656	2019	3	3.1656
165	ali m.h.	-0.1669	0.2257	8	6	6	1	7	7.3864	2019	7	7.3864
167	aliah a.i.	-0.7319	0.5769	28	6	8	1	4	4.2208	2019	4	4.2208
172	aligita w.	-0.808	-0.4582	17	4	4	1	4	4.2208	2019	4	4.2208
175	aliwarga l.	0.909	-0.0709	4	9	16	1	0	0	2019	0	0
187	amal r.	0.8921	0.1942	5	18	20	5	27	28.4904	2019	5.4	5.6981
194	amalia r.	0.5325	0.7614	22	5	5	1	5	5.276	2019	5	5.276
215	amir m.f.	-0.2371	-0.3306	10	7	14	2	8	8.4416	2019	4	4.2208
222	anam c.	-0.1695	0.2258	8	10	34	9	22	23.2144	2019	2.4444	2.5794
271	anindya s.f.	-0.7301	0.3733	27	6	18	2	4	4.2208	2019	2	2.1104
272	"anindyajati, riani c."	-0.9057	0.2198	29	5	5	1	1	1.0552	2019	1	1.0552
274	anisah s.	0.9085	-0.0761	4	5	5	1	29	30.6008	2019	29	30.6008
304	aprilliani d.	-0.8082	-0.4582	17	4	4	1	4	4.2208	2019	4	4.2208
330	arida e.	0.6613	0.6172	2	24	48	4	16	16.8832	2019	4	4.2208
339	arif i.	-0.1699	0.2258	8	9	16	10	17	17.9384	2019	1.7	1.7938
370	ariztegui d.	-0.2213	-0.3838	1	13	19	2	13	13.7176	2019	6.5	6.8588
372	arman a.a.	-0.5174	-0.7791	14	7	8	3	9	9.4968	2019	3	3.1656
381	artarini a.	-0.8082	-0.458	17	4	4	1	4	4.2208	2019	4	4.2208
389	aryanti p.t.p.	0.9091	-0.0708	4	9	18	5	19	20.0488	2019	3.8	4.0098
391	aránguiz r.	0.4866	-0.7762	6	12	12	2	40	42.2081	2019	20	21.104
395	ashat a.	0.9111	-0.2252	35	2	2	2	6	6.3312	2019	3	3.1656
417	atarita f.r.	-0.2316	-0.3311	10	9	12	2	1	1.0552	2019	0.5	0.5276
424	aulia a.n.	-0.8856	0.0979	15	7	14	1	11	11.6072	2019	11	11.6072
428	aulia s.	0.0674	-0.9224	13	3	3	4	12	12.6624	2019	3	3.1656
433	austin c.c.	0.6597	0.6178	2	6	6	1	4	4.2208	2019	4	4.2208
479	backlin a.r.	0.6595	0.6167	2	6	6	1	4	4.2208	2019	4	4.2208
493	bando y.	0.3215	0.2266	7	13	18	4	33	34.8217	2019	8.25	8.7054
504	barlian a.	0.1102	0.9122	9	14	20	5	5	5.276	2019	1	1.0552
511	basri m.h.	0.6309	-0.3992	38	2	4	5	4	4.2208	2019	0.8	0.8442
517	bauer k.w.	-0.2243	-0.3849	1	13	19	2	13	13.7176	2019	6.5	6.8588
518	baur k.	0.7766	-0.5286	33	2	2	1	2	2.1104	2019	2	2.1104
519	bavykin d.v.	0.3036	0.2159	7	4	8	2	27	28.4904	2019	13.5	14.2452
522	bedford n.m.	0.8917	0.1941	5	18	20	2	20	21.104	2019	10	10.552
526	bella c.	0.9094	-0.0705	4	4	8	2	17	17.9384	2019	8.5	8.9692
527	benning l.g.	-0.2232	-0.3871	1	13	19	1	9	9.4968	2019	9	9.4968
539	bi k.	0.6604	0.6157	2	6	6	1	2	2.1104	2019	2	2.1104
541	bijaksana s.	-0.228	-0.3588	1	41	94	23	45	47.4841	2019	1.9565	2.0645
542	bilal m.	-0.2542	0.2288	3	21	21	2	8	8.4416	2019	4	4.2208
551	blom m.p.k.	0.6629	0.6175	2	6	6	1	4	4.2208	2019	4	4.2208
556	braden m.	-0.5449	-0.6528	16	9	18	1	5	5.276	2019	5	5.276
557	bragg j.g.	0.6629	0.6182	2	6	6	1	4	4.2208	2019	4	4.2208
564	brüning d.	-0.5448	-0.6529	16	9	18	1	5	5.276	2019	5	5.276
566	buchari b.	0.8066	0.4647	23	5	5	1	0	0	2019	0	0
574	budi w.s.	-0.1956	0.2267	8	30	43	4	18	18.9936	2019	4.5	4.7484
581	budiman b.a.	-0.8979	-0.2559	26	6	7	9	2	2.1104	2019	0.2222	0.2345
624	carretero m.a.	0.6598	0.6184	2	6	6	1	4	4.2208	2019	4	4.2208
643	charvia l.	-0.1492	0.2252	8	4	4	1	0	0	2019	0	0
653	chintya l.	-0.732	0.577	28	2	2	1	8	8.4416	2019	8	8.4416
678	crowe s.a.	-0.2219	-0.3835	1	13	19	2	13	13.7176	2019	6.5	6.8588
680	cui y.	0.8919	0.1936	5	10	10	1	11	11.6072	2019	11	11.6072
688	dahlan i.a.	-0.5173	-0.7792	14	4	4	2	0	0	2019	0	0
690	"dahlia, pratiwi d.s."	-0.8081	-0.4582	17	4	4	1	4	4.2208	2019	4	4.2208
695	daiyan r.	0.8919	0.1943	5	12	12	1	9	9.4968	2019	9	9.4968
706	darma y.	-0.1496	0.2253	8	5	11	9	17	17.9384	2019	1.8889	1.9932
765	dewi t.i.d.k.	-0.371	0.8652	32	5	8	3	4	4.2208	2019	1.3333	1.4069
783	dipojono h.k.	0.2926	0.2092	11	15	26	9	39	41.1529	2019	4.3333	4.5725
801	dougherty g.	-0.1697	0.2258	8	10	34	10	24	25.3248	2019	2.4	2.5325
816	dwi saputro i.r.	0.0677	-0.9215	13	4	7	1	3	3.1656	2019	3	3.1656
845	effendi m.r.	-0.7978	0.4804	20	6	6	11	5	5.276	2019	0.4545	0.4796
852	ekowati s.a.	-0.9057	0.2198	29	3	3	1	2	2.1104	2019	2	2.1104
870	erina sari y.	-0.3709	0.8652	32	4	4	1	0	0	2019	0	0
877	esteban m.	0.4866	-0.7762	6	16	16	3	50	52.7601	2019	16.6667	17.5867
910	fajar s.j.	-0.2318	-0.331	10	9	12	8	5	5.276	2019	0.625	0.6595
915	fajrial a.k.	0.2877	0.2062	11	6	9	2	3	3.1656	2019	1.5	1.5828
924	fansuri h.	0.8067	0.4647	23	5	5	1	2	2.1104	2019	2	2.1104
938	fathany m.y.	-0.7302	0.3731	27	6	18	3	4	4.2208	2019	1.3333	1.4069
964	fauzi m.a.r.	0.4867	-0.7764	6	6	6	1	10	10.552	2019	10	10.552
967	fauzia r.	-0.732	0.577	28	2	2	1	1	1.0552	2019	1	1.0552
987	feranti anindya s.	-0.7302	0.3733	27	6	10	2	3	3.1656	2019	1.5	1.5828
1014	firmansyah h.s.	-0.5175	-0.7791	14	7	8	1	8	8.4416	2019	8	8.4416
1020	fisher r.n.	0.6628	0.6164	2	6	6	1	4	4.2208	2019	4	4.2208
1052	friedmann d.	0.8916	0.1944	5	10	10	2	14	14.7728	2019	7	7.3864
1053	friese a.	-0.2205	-0.385	1	13	19	2	13	13.7176	2019	6.5	6.8588
1056	fuada s.	-0.7301	0.3731	27	6	24	11	16	16.8832	2019	1.4545	1.5348
1058	fujibuchi t.	-0.1691	0.2258	8	10	28	7	20	21.104	2019	2.8571	3.0149
1089	gelfi m.	0.4869	-0.7763	6	6	6	1	10	10.552	2019	10	10.552
1095	ghezelbash a.m.	-0.7311	-0.0334	34	3	6	1	3	3.1656	2019	3	3.1656
1097	giabbanelli p.j.	-0.5174	-0.7791	14	7	8	1	8	8.4416	2019	8	8.4416
1105	glaw f.	0.6603	0.6188	2	6	6	1	4	4.2208	2019	4	4.2208
1109	gordon a.l.	-0.6775	-0.6413	12	10	47	3	25	26.38	2019	8.3333	8.7933
1116	gozan m.	-0.65	0.6627	18	3	5	4	12	12.6624	2019	3	3.1656
1121	gruenburg l.k.	-0.6782	-0.6415	12	4	14	1	13	13.7176	2019	13	13.7176
1128	gumilar i.	0.3366	0.8702	36	2	2	7	4	4.2208	2019	0.5714	0.603
1133	gunawan a.h.	-0.7978	0.4803	20	6	6	3	2	2.1104	2019	0.6667	0.7035
1135	gunawan e.	-0.043	0.9276	21	8	11	4	13	13.7176	2019	3.25	3.4294
1137	gunawan h.	-0.8858	0.0981	15	9	24	6	19	20.0488	2019	3.1667	3.3415
1150	gusman a.r.	-0.0431	0.9275	21	2	2	3	8	8.4416	2019	2.6667	2.8139
1173	hadiyat h.	-0.2317	-0.3308	10	7	7	1	0	0	2019	0	0
1174	hadiyoso s.	0.0676	-0.9221	13	6	11	15	18	18.9936	2019	1.2	1.2662
1188	hakim a.n.	0.9081	-0.0759	4	8	10	2	10	10.552	2019	5	5.276
1205	hamami f.	-0.5176	-0.779	14	4	4	2	0	0	2019	0	0
1208	hamdan a.m.	-0.2369	-0.3305	10	7	14	3	9	9.4968	2019	3	3.1656
1234	handayani y.s.	0.8603	-0.3564	24	3	3	1	1	1.0552	2019	1	1.0552
1238	handojo l.	0.9091	-0.0705	4	4	4	4	18	18.9936	2019	4.5	4.7484
1261	hapidin d.a.	-0.0649	-0.9282	25	7	16	3	26	27.4352	2019	8.6667	9.1451
1272	hardiyanti r.	-0.8081	-0.4582	17	7	7	3	3	3.1656	2019	1	1.0552
1279	harito c.	0.3037	0.2159	7	4	8	2	27	28.4904	2019	13.5	14.2452
1290	harlianti u.	-0.8857	0.0976	15	7	14	1	11	11.6072	2019	11	11.6072
1294	harnantyari a.s.	0.4867	-0.7759	6	6	6	1	10	10.552	2019	10	10.552
1299	harsono h.o.	0.9081	-0.0763	4	8	10	1	9	9.4968	2019	9	9.4968
1301	hart j.n.	0.8923	0.194	5	10	10	1	11	11.6072	2019	11	11.6072
1302	hartanto r.	0.0678	-0.9216	13	6	12	4	4	4.2208	2019	1	1.0552
1318	haryanto f.	-0.1694	0.226	8	10	34	19	27	28.4904	2019	1.4211	1.4995
1330	hasberg a.k.m.	-0.2229	-0.3856	1	26	53	3	18	18.9936	2019	6	6.3312
1341	hathaway s.a.	0.6625	0.616	2	6	6	1	4	4.2208	2019	4	4.2208
1350	hedwig r.	-0.253	0.2295	3	24	67	4	13	13.7176	2019	3.25	3.4294
1353	held p.	-0.2226	-0.386	1	23	27	1	9	9.4968	2019	9	9.4968
1360	hendrasto m.	-0.8861	0.0977	15	7	14	1	5	5.276	2019	5	5.276
1371	"hendriyawan, irsyam m."	-0.4767	0.4865	30	4	4	1	4	4.2208	2019	4	4.2208
1372	"hendriyawan, sahadewa a."	-0.4767	0.4864	30	3	3	1	1	1.0552	2019	1	1.0552
1376	henny c.	-0.2243	-0.3857	1	13	19	2	13	13.7176	2019	6.5	6.8588
1377	henzie j.	0.3215	0.227	7	10	10	1	3	3.1656	2019	3	3.1656
1391	"herman, hidayat r."	0.8602	-0.3565	24	5	5	1	2	2.1104	2019	2	2.1104
1418	hidayat f.	-0.5176	-0.7791	14	4	4	3	0	0	2019	0	0
1424	hidayat r.	0.8602	-0.3565	24	3	3	17	16	16.8832	2019	0.9412	0.9931
1445	himma n.f.	0.9083	-0.0754	4	14	23	4	67	70.6985	2019	16.75	17.6746
1454	hlaing r.	-0.0432	0.9276	21	2	2	1	0	0	2019	0	0
1461	horlyck j.	0.8921	0.1941	5	12	12	1	9	9.4968	2019	9	9.4968
1470	huber b.a.	-0.6772	-0.6419	12	4	14	1	13	13.7176	2019	13	13.7176
1474	huda n.m.	-0.361	0.7687	31	2	2	2	0	0	2019	0	0
1478	hugo y.a.	0.908	-0.0759	4	8	10	1	9	9.4968	2019	9	9.4968
1505	ibrahim s.	-0.732	0.577	28	2	2	1	2	2.1104	2019	2	2.1104
1510	ida r.	-0.043	0.9277	21	2	2	1	2	2.1104	2019	2	2.1104
1513	idris n.	-0.2529	0.2284	3	24	67	3	13	13.7176	2019	4.3333	4.5725
1514	idroes r.	-0.2499	0.2289	3	21	29	1	1	1.0552	2019	1	1.0552
1543	indari e.d.	0.8601	-0.3565	24	3	3	1	1	1.0552	2019	1	1.0552
1544	indarto a.	-0.649	0.6627	18	6	6	6	8	8.4416	2019	1.3333	1.4069
1552	indrastuti n.	-0.8858	0.0979	15	9	24	2	16	16.8832	2019	8	8.4416
1566	iqbal j.	-0.2541	0.2295	3	21	21	2	8	8.4416	2019	4	4.2208
1567	iqbal m.	0.3216	0.2266	7	13	18	5	32	33.7665	2019	6.4	6.7533
1577	"irawati, muchtadi-alamsyah i."	0.7766	-0.5287	33	3	3	1	0	0	2019	0	0
1583	irfani d.p.	0.6309	-0.3992	38	2	4	3	3	3.1656	2019	1	1.0552
1597	irsyam m.	-0.4768	0.4865	30	3	3	4	4	4.2208	2019	1	1.0552
1612	iskandar a.a.	-0.2794	0.2294	39	3	4	4	6	6.3312	2019	1.5	1.5828
1615	iskandar d.t.	0.6613	0.6174	2	24	48	5	19	20.0488	2019	3.8	4.0098
1616	iskandar f.	-0.0648	-0.9282	25	7	13	18	49	51.7049	2019	2.7222	2.8725
1636	ismaya w.t.	0.5323	0.7614	22	8	11	2	7	7.3864	2019	3.5	3.6932
1643	isro s.d.	-0.2794	0.2294	39	3	4	2	1	1.0552	2019	0.5	0.5276
1655	itoi r.	0.9111	-0.2252	35	2	2	2	6	6.3312	2019	3	3.1656
1657	ivansyah a.l.	0.8067	0.4647	23	7	8	5	3	3.1656	2019	0.6	0.6331
1680	jenni k.	-0.545	-0.6529	16	9	18	1	5	5.276	2019	5	5.276
1683	jiang b.	0.3213	0.2267	7	13	18	2	7	7.3864	2019	3.5	3.6932
1689	jobiliong e.	-0.2512	0.2289	3	24	48	2	5	5.276	2019	2.5	2.638
1693	jones b.k.	0.6596	0.6173	2	6	6	1	9	9.4968	2019	9	9.4968
1701	judawisastra h.	0.1104	0.9121	9	14	16	7	4	4.2208	2019	0.5714	0.603
1704	julian h.	0.9081	-0.0761	4	8	10	2	9	9.4968	2019	4.5	4.7484
1723	just j.	-0.2225	-0.3857	1	23	27	1	9	9.4968	2019	9	9.4968
1731	kagawa k.	-0.2529	0.2273	3	24	67	4	13	13.7176	2019	3.25	3.4294
1736	kallmeyer j.	-0.2221	-0.3872	1	13	19	2	13	13.7176	2019	6.5	6.8588
1745	kaneti y.v.	0.3216	0.227	7	10	10	6	57	60.1465	2019	9.5	10.0244
1749	karami m.u.	0.2848	0.2045	11	8	9	1	7	7.3864	2019	7	7.3864
1752	kariman d.	0.7766	-0.5287	33	3	3	1	0	0	2019	0	0
1753	karin b.r.	0.6613	0.6171	2	24	44	3	7	7.3864	2019	2.3333	2.4621
1754	karina k.	0.11	0.9119	9	6	6	1	2	2.1104	2019	2	2.1104
1761	karnadi i.	-0.252	0.2295	3	24	48	3	9	9.4968	2019	3	3.1656
1771	karya a.r.o.	-0.9056	0.2197	29	5	5	1	1	1.0552	2019	1	1.0552
1774	kasai h.	0.2847	0.2044	11	8	9	1	7	7.3864	2019	7	7.3864
1775	"kasbani, kristianto"	-0.8856	0.0978	15	7	14	1	5	5.276	2019	5	5.276
1776	kashimura k.	0.3216	0.2272	7	10	10	1	4	4.2208	2019	4	4.2208
1785	ke b.	0.4866	-0.7762	6	12	12	1	25	26.38	2019	25	26.38
1789	kemnitz h.	-0.224	-0.3842	1	13	19	1	9	9.4968	2019	9	9.4968
1790	kencana e.r.	0.4864	-0.7764	6	6	6	1	10	10.552	2019	10	10.552
1794	kesuma s.	-0.9056	0.2197	29	3	3	1	2	2.1104	2019	2	2.1104
1802	khairurrijal k.	-0.0647	-0.9283	25	7	16	13	33	34.8217	2019	2.5385	2.6786
1814	khoiruddin k.	0.9083	-0.0761	4	9	10	9	35	36.9321	2019	3.8889	4.1036
1818	khomskii d.i.	-0.545	-0.6531	16	9	18	1	5	5.276	2019	5	5.276
1821	khumaeni a.	-0.2515	0.2301	3	24	48	3	9	9.4968	2019	3	3.1656
1830	kim y.	0.3218	0.2269	7	10	10	1	3	3.1656	2019	3	3.1656
1831	kimura s.-i.	0.8602	-0.3566	24	3	3	1	1	1.0552	2019	1	1.0552
1843	kitri m.l.	-0.1979	-0.9041	19	4	4	1	3	3.1656	2019	3	3.1656
1864	kosala r.	-0.5174	-0.779	14	4	4	8	0	0	2019	0	0
1873	kresnowati m.t.a.p.	0.9091	-0.0705	4	4	8	4	17	17.9384	2019	4.25	4.4846
1889	kunkemöller s.	-0.5451	-0.6526	16	9	18	1	5	5.276	2019	5	5.276
1911	kurniawan d.p.	-0.2541	0.2281	3	21	42	3	12	12.6624	2019	4	4.2208
1917	kurniawan k.h.	-0.2529	0.229	3	24	67	4	13	13.7176	2019	3.25	3.4294
1923	kurniawan y.	-0.1497	0.2253	8	5	9	6	14	14.7728	2019	2.3333	2.4621
1928	kurobe s.	0.4866	-0.7762	6	12	12	1	25	26.38	2019	25	26.38
1935	kusnandar r.	-0.8861	0.0979	15	9	24	2	16	16.8832	2019	8	8.4416
1959	kusumawati y.	0.8068	0.4648	23	5	5	2	3	3.1656	2019	1.5	1.5828
1963	kuswardani a.	-0.6769	-0.6415	12	4	14	2	19	20.0488	2019	9.5	10.0244
1964	kwaria d.	-0.25	0.2282	3	21	29	1	1	1.0552	2019	1	1.0552
1965	kyaw t.o.	0.4862	-0.7763	6	6	6	1	10	10.552	2019	10	10.552
1970	lahna k.	-0.2501	0.2296	3	21	29	1	1	1.0552	2019	1	1.0552
1977	lanang f.f.	-0.7979	0.4803	20	4	4	1	0	0	2019	0	0
1986	latief f.d.e.	-0.2318	-0.3309	10	7	7	16	6	6.3312	2019	0.375	0.3957
2034	li c.	0.3216	0.2268	7	13	18	2	7	7.3864	2019	3.5	3.6932
2042	lie t.j.	-0.252	0.2304	3	24	48	2	9	9.4968	2019	4.5	4.7484
2043	lie z.s.	-0.253	0.2279	3	24	67	4	13	13.7176	2019	3.25	3.4294
2049	lim s.	0.8923	0.1941	5	12	12	1	9	9.4968	2019	9	9.4968
2053	lin j.	0.3217	0.227	7	10	10	2	7	7.3864	2019	3.5	3.6932
2069	lorenz t.	-0.545	-0.6527	16	9	18	1	5	5.276	2019	5	5.276
2071	lovell e.	0.8922	0.1938	5	10	10	1	11	11.6072	2019	11	11.6072
2072	lovell e.c.	0.8917	0.194	5	12	12	2	12	12.6624	2019	6	6.3312
2077	lu x.	0.8919	0.194	5	12	12	2	11	11.6072	2019	5.5	5.8036
2101	mackessy s.p.	0.6624	0.6186	2	6	6	1	9	9.4968	2019	9	9.4968
2117	mahatma y.	0.7766	-0.5287	33	2	2	1	2	2.1104	2019	2	2.1104
2120	maheswari h.	0.6979	-0.6346	37	2	4	2	5	5.276	2019	2.5	2.638
2151	manosa e.y.	-0.732	0.577	28	2	2	1	8	8.4416	2019	8	8.4416
2176	mariyanto m.	-0.2368	-0.3306	10	7	14	3	9	9.4968	2019	3	3.1656
2182	marliyani g.i.	-0.0431	0.9277	21	2	2	1	2	2.1104	2019	2	2.1104
2183	marpaung a.m.	-0.252	0.2276	3	24	48	2	9	9.4968	2019	4.5	4.7484
2184	marpaung l.	-0.8081	-0.4582	17	7	7	3	3	3.1656	2019	1	1.0552
2196	martoprawiro m.a.	0.8068	0.4648	23	7	8	5	4	4.2208	2019	0.8	0.8442
2201	maryati n.d.	0.0677	-0.9215	13	4	7	1	3	3.1656	2019	3	3.1656
2208	mase l.z.	-0.4768	0.4865	30	3	3	1	1	1.0552	2019	1	1.0552
2214	masteriana d.	-0.3611	0.7687	31	5	7	2	3	3.1656	2019	1.5	1.5828
2215	masyhur a.h.	-0.8979	-0.2559	26	6	7	2	1	1.0552	2019	0.5	0.5276
2223	matzke n.j.	0.6608	0.6156	2	6	6	1	4	4.2208	2019	4	4.2208
2225	maulana a.l.	0.285	0.2046	11	11	15	3	11	11.6072	2019	3.6667	3.8691
2227	maulana d.s.	-0.0647	-0.9284	25	5	5	1	14	14.7728	2019	14	14.7728
2239	mayangsari l.	-0.1979	-0.9043	19	4	4	1	3	3.1656	2019	3	3.1656
2244	mbay n.	-0.677	-0.6408	12	4	14	1	13	13.7176	2019	13	13.7176
2245	mccausland w.	-0.8859	0.0982	15	7	14	1	11	11.6072	2019	11	11.6072
2246	mccausland w.a.	-0.8856	0.0981	15	7	14	1	5	5.276	2019	5	5.276
2249	mcguire j.a.	0.6612	0.6174	2	24	48	4	16	16.8832	2019	4	4.2208
2250	mcphaden m.j.	-0.6775	-0.6414	12	10	21	1	9	9.4968	2019	9	9.4968
2256	meidianto v.f.	0.5323	0.7616	22	8	8	1	2	2.1104	2019	2	2.1104
2259	meilano i.	-0.043	0.9275	21	2	2	7	3	3.1656	2019	0.4286	0.4522
2265	melles m.	-0.2223	-0.3851	1	26	53	3	18	18.9936	2019	6	6.3312
2293	misliniyati r.	-0.4767	0.4865	30	5	5	2	5	5.276	2019	2.5	2.638
2301	moegni k.f.	0.1103	0.9121	9	11	12	1	3	3.1656	2019	3	3.1656
2310	monang j.	-0.1978	-0.9041	19	5	5	3	2	2.1104	2019	0.6667	0.7035
2316	moritz c.	0.6631	0.6169	2	6	6	1	4	4.2208	2019	4	4.2208
2317	morlock m.a.	-0.2226	-0.3853	1	26	53	3	18	18.9936	2019	6	6.3312
2330	muchtadi-alamsyah i.	0.7766	-0.5287	33	2	2	4	2	2.1104	2019	0.5	0.5276
2349	muhammady s.	-0.1497	0.2252	8	5	11	5	15	15.828	2019	3	3.1656
2352	muhlisin z.	-0.1697	0.226	8	7	10	1	1	1.0552	2019	1	1.0552
2354	muhsinin s.	-0.808	-0.4582	17	4	4	1	4	4.2208	2019	4	4.2208
2360	mukhaiyar u.	-0.3611	0.7687	31	5	7	5	3	3.1656	2019	0.6	0.6331
2388	munir a.	-0.7978	0.4803	20	6	6	48	16	16.8832	2019	0.3333	0.3517
2390	munir m.m.	-0.0648	-0.9283	25	7	16	8	32	33.7665	2019	4	4.2208
2396	muraza o.	-0.6491	0.6627	18	4	4	2	2	2.1104	2019	1	1.0552
2430	nabila n.	0.5324	0.7615	22	8	11	2	7	7.3864	2019	3.5	3.6932
2450	napitu a.	-0.6775	-0.6407	12	4	14	1	13	13.7176	2019	13	13.7176
2451	napitu a.m.	-0.6777	-0.6413	12	10	41	2	12	12.6624	2019	6	6.3312
2475	ndari n.r.d.w.	-0.2315	-0.3307	10	7	7	2	1	1.0552	2019	0.5	0.5276
2479	neonufa g.f.	-0.649	0.6627	18	6	8	3	3	3.1656	2019	1	1.0552
2483	ng y.h.	0.892	0.1942	5	12	12	2	12	12.6624	2019	6	6.3312
2487	nigg v.	-0.2219	-0.3859	1	25	28	1	6	6.3312	2019	6	6.3312
2501	nomosatryo s.	-0.2226	-0.3834	1	13	19	2	13	13.7176	2019	6.5	6.8588
2518	novita sari r.r.k.	-0.3611	0.7686	31	2	2	1	0	0	2019	0	0
2528	nugraha a.d.	-0.8858	0.0978	15	9	24	18	26	27.4352	2019	1.4444	1.5242
2542	"nugraha, dipojono h.k."	0.2852	0.2047	11	8	8	1	4	4.2208	2019	4	4.2208
2543	"nugraha, saputro a.g."	0.285	0.2047	11	8	8	1	2	2.1104	2019	2	2.1104
2547	nugrahani i.	-0.732	0.5769	28	6	8	6	19	20.0488	2019	3.1667	3.3415
2553	nugroho a.a.	-0.5452	-0.6527	16	9	18	3	7	7.3864	2019	2.3333	2.4621
2554	nugroho b.s.	-0.7978	0.4804	20	4	4	4	6	6.3312	2019	1.5	1.5828
2558	nugroho h.a.	0.0678	-0.9216	13	6	12	5	8	8.4416	2019	1.6	1.6883
2567	nur l.o.	-0.7977	0.4803	20	4	4	5	1	1.0552	2019	0.2	0.211
2575	nuraeni s.	-0.1978	-0.9041	19	4	4	1	3	3.1656	2019	3	3.1656
2596	nurhidayah e.s.	0.8068	0.4647	23	5	5	1	0	0	2019	0	0
2599	nurisman n.	0.4868	-0.7761	6	6	6	1	10	10.552	2019	10	10.552
2609	nurprasetio i.p.	-0.8979	-0.2558	26	5	5	7	3	3.1656	2019	0.4286	0.4522
2654	opitz s.	-0.2218	-0.3851	1	23	27	1	9	9.4968	2019	9	9.4968
2655	ordoñez l.	-0.2232	-0.3852	1	26	45	3	19	20.0488	2019	6.3333	6.6829
2661	othsubo y.	0.8601	-0.3566	24	3	3	1	1	1.0552	2019	1	1.0552
2689	panalaran s.	0.4867	-0.7759	6	6	6	1	10	10.552	2019	10	10.552
2707	pardede m.	-0.2529	0.2301	3	24	67	4	13	13.7176	2019	3.25	3.4294
2717	paryanto i.	-0.65	0.6627	18	3	5	2	9	9.4968	2019	4.5	4.7484
2721	pasaribu u.s.	-0.361	0.7687	31	2	2	9	3	3.1656	2019	0.3333	0.3517
2725	patmasari r.	0.0679	-0.9216	13	4	7	2	4	4.2208	2019	2	2.1104
2755	pitriana p.	0.8603	-0.3564	24	5	5	3	3	3.1656	2019	1	1.0552
2756	"poerbandono, gumilar i."	0.3366	0.8702	36	2	2	1	0	0	2019	0	0
2757	"poerbandono, prijatna k."	0.3366	0.8702	36	2	2	1	1	1.0552	2019	1	1.0552
2778	pradana m.r.	0.2848	0.2044	11	8	9	1	7	7.3864	2019	7	7.3864
2794	prakoso t.	-0.6495	0.6627	18	9	13	9	16	16.8832	2019	1.7778	1.8759
2808	pramudya a.d.	0.2851	0.2045	11	8	8	1	2	2.1104	2019	2	2.1104
2824	prasetya n.	0.9083	-0.0751	4	13	15	3	49	51.7049	2019	16.3333	17.235
2826	prasetyo a.d.	-0.7978	0.4804	20	4	4	5	0	0	2019	0	0
2829	prasetyo i.r.	-0.1978	-0.9042	19	5	5	2	0	0	2019	0	0
2840	pratama a.	-0.2339	-0.3308	10	15	26	7	10	10.552	2019	1.4286	1.5074
2846	pratama h.b.	0.9111	-0.2251	35	3	3	7	21	22.1592	2019	3	3.1656
2848	pratama m.b.	0.4865	-0.776	6	12	12	3	29	30.6008	2019	9.6667	10.2003
2855	pratiwi m.	-0.649	0.6626	18	4	4	2	1	1.0552	2019	0.5	0.5276
2894	pujiana k.	-0.6775	-0.6412	12	10	47	3	25	26.38	2019	8.3333	8.7933
2897	pulung nurprasetio i.	-0.8979	-0.2558	26	4	4	1	0	0	2019	0	0
2918	purwadi r.	-0.649	0.6627	18	4	4	5	4	4.2208	2019	0.8	0.8442
2920	purwanda i.g.	-0.73	0.3732	27	6	24	4	7	7.3864	2019	1.75	1.8466
2947	puteri z.r.	0.8066	0.4649	23	5	5	1	2	2.1104	2019	2	2.1104
2949	putra a.e.	-0.898	-0.2558	26	4	4	1	0	0	2019	0	0
2974	putra r.i.d.	0.2851	0.2045	11	11	15	3	11	11.6072	2019	3.6667	3.8691
3019	rachmawati h.	0.5323	0.7616	22	8	11	8	29	30.6008	2019	3.625	3.8251
3033	rahadi r.a.	-0.1977	-0.9043	19	4	4	1	3	3.1656	2019	3	3.1656
3079	rajak a.	-0.0651	-0.9283	25	5	5	1	8	8.4416	2019	8	8.4416
3083	raksajati a.	0.9082	-0.076	4	9	10	1	18	18.9936	2019	18	18.9936
3107	ramli m.	-0.2518	0.2285	3	24	48	3	9	9.4968	2019	3	3.1656
3114	ranti b.	-0.5175	-0.7792	14	4	4	9	0	0	2019	0	0
3140	regina d.	0.9089	-0.0706	4	4	8	2	17	17.9384	2019	8.5	8.9692
3142	reilly s.b.	0.6614	0.6173	2	24	48	4	16	16.8832	2019	4	4.2208
3147	remelia m.	0.1104	0.9121	9	11	12	2	5	5.276	2019	2.5	2.638
3156	retnoningrum d.s.	-0.9057	0.2198	29	6	6	2	3	3.1656	2019	1.5	1.5828
3167	riani c.	-0.9057	0.2198	29	3	3	2	3	3.1656	2019	1.5	1.5828
3168	riani m.i.	-0.3611	0.7687	31	2	2	1	0	0	2019	0	0
3206	rittmeyer e.n.	0.6609	0.6191	2	6	6	1	4	4.2208	2019	4	4.2208
3214	rizal a.	0.0674	-0.9223	13	3	4	10	17	17.9384	2019	1.7	1.7938
3231	rocha s.	0.6619	0.6156	2	6	6	1	4	4.2208	2019	4	4.2208
3255	rosadi i.	0.1102	0.9118	9	6	6	2	4	4.2208	2019	2	2.1104
3259	rosavina m.	-0.1977	-0.9042	19	4	4	1	3	3.1656	2019	3	3.1656
3260	rosch a.	-0.5448	-0.653	16	9	18	1	5	5.276	2019	5	5.276
3264	rosliana i.	0.1101	0.9123	9	6	6	2	4	4.2208	2019	2	2.1104
3298	russell j.m.	-0.2223	-0.3847	1	26	68	7	32	33.7665	2019	4.5714	4.8238
3304	rusydi a.	-0.15	0.2253	8	5	7	4	10	10.552	2019	2.5	2.638
3305	rusydi f.	0.2879	0.2062	11	4	4	3	3	3.1656	2019	1	1.0552
3316	sabsabi m.	0.8923	0.1944	5	10	10	1	11	11.6072	2019	11	11.6072
3322	saepuloh a.	-0.0429	0.9275	21	2	2	5	6	6.3312	2019	1.2	1.2662
3328	sagita p.y.d.	-0.7314	-0.0335	34	3	3	1	1	1.0552	2019	1	1.0552
3329	sahadewa a.	-0.4767	0.4865	30	4	4	2	5	5.276	2019	2.5	2.638
3344	sakti m.f.a.r.	-0.7312	-0.0335	34	4	19	5	9	9.4968	2019	1.8	1.8994
3371	sanchez m.	0.6616	0.6156	2	6	6	1	4	4.2208	2019	4	4.2208
3379	santika i.w.m.	-0.9057	0.2198	29	3	3	1	2	2.1104	2019	2	2.1104
3384	santoso d.	-0.2316	-0.3309	10	7	7	8	0	0	2019	0	0
3406	saputera w.h.	0.8921	0.1939	5	18	20	5	27	28.4904	2019	5.4	5.6981
3410	saputra c.	-0.0648	-0.9281	25	5	5	2	15	15.828	2019	7.5	7.914
3424	saputro a.g.	0.2863	0.2054	11	14	24	8	16	16.8832	2019	2	2.1104
3443	sari y.e.	-0.371	0.8652	32	5	8	4	4	4.2208	2019	1	1.0552
3470	saviola a.j.	0.6614	0.619	2	6	6	1	9	9.4968	2019	9	9.4968
3471	savitri e.	0.9079	-0.0763	4	6	6	1	2	2.1104	2019	2	2.1104
3477	schleicher a.m.	-0.2234	-0.3837	1	13	19	1	9	9.4968	2019	9	9.4968
3479	schneidewind a.	-0.5452	-0.653	16	9	18	1	5	5.276	2019	5	5.276
3485	scott j.	0.8921	0.1945	5	10	10	3	17	17.9384	2019	5.6667	5.9795
3510	setia budi w.	-0.2501	0.2275	3	21	29	1	1	1.0552	2019	1	1.0552
3524	setiawan a.	-0.6781	-0.6408	12	4	14	7	24	25.3248	2019	3.4286	3.6178
3562	shibayama t.	0.4865	-0.7764	6	6	6	2	25	26.38	2019	12.5	13.19
3580	siagian u.w.r.	0.9084	-0.0762	4	9	10	1	18	18.9936	2019	18	18.9936
3583	siahaan t.j.	0.5323	0.7615	22	5	5	1	5	5.276	2019	5	5.276
3594	sidiq t.p.	0.3366	0.8702	36	2	2	3	0	0	2019	0	0
3595	sidis y.	-0.5452	-0.6528	16	9	18	1	5	5.276	2019	5	5.276
3605	simanjuntak p.	-0.8081	-0.4582	17	7	7	3	3	3.1656	2019	1	1.0552
3611	simister r.	-0.2206	-0.3858	1	13	19	2	13	13.7176	2019	6.5	6.8588
3645	smith s.c.	0.8917	0.1939	5	10	10	2	14	14.7728	2019	7	7.3864
3647	sobariah s.	0.1104	0.9123	9	6	6	2	4	4.2208	2019	2	2.1104
3663	soerawidjaja t.h.	-0.649	0.6627	18	6	8	7	6	6.3312	2019	0.8571	0.9045
3673	solihati s.r.	0.068	-0.9214	13	4	7	1	3	3.1656	2019	3	3.1656
3678	sorimuda ritonga a.d.	-0.371	0.8653	32	4	4	1	0	0	2019	0	0
3699	stubbs a.l.	0.6613	0.6173	2	24	48	4	16	16.8832	2019	4	4.2208
3729	sudarningsih s.	-0.2368	-0.3305	10	7	14	3	8	8.4416	2019	2.6667	2.8139
3741	sudirman i.	-0.1978	-0.9042	19	5	5	5	3	3.1656	2019	0.6	0.6331
3751	sugahara y.	0.3218	0.2267	7	10	10	3	25	26.38	2019	8.3333	8.7933
3798	sukmaningsih d.w.	-0.5175	-0.779	14	4	4	1	0	0	2019	0	0
3819	sulistiana s.	-0.7319	0.577	28	2	2	1	2	2.1104	2019	2	2.1104
3823	suliyanti m.m.	-0.2512	0.228	3	24	48	2	5	5.276	2019	2.5	2.638
3850	sunarti e.	-0.0429	0.9277	21	2	2	1	2	2.1104	2019	2	2.1104
3856	sundari c.d.d.	0.8067	0.4649	23	5	5	3	0	0	2019	0	0
3857	sundari s.	0.5322	0.7616	22	5	5	1	5	5.276	2019	5	5.276
3866	supangkat s.h.	-0.5175	-0.7792	14	9	12	14	11	11.6072	2019	0.7857	0.8291
3898	suroso a.	-0.7314	-0.0334	34	4	19	11	9	9.4968	2019	0.8182	0.8633
3928	susanto b.h.	-0.6501	0.6627	18	3	3	1	7	7.3864	2019	7	7.3864
3937	susilawati e.	-0.8081	-0.4581	17	4	4	1	4	4.2208	2019	4	4.2208
3952	sutanto h.	-0.1683	0.2257	8	7	16	3	9	9.4968	2019	3	3.1656
3969	"sutopo, prabata w."	0.9111	-0.2251	35	3	3	1	2	2.1104	2019	2	2.1104
3971	sutrisna p.d.	0.9078	-0.0761	4	11	14	2	11	11.6072	2019	5.5	5.8036
3982	suwarno	-0.371	0.8652	32	5	10	16	6	6.3312	2019	0.375	0.3957
3996	suyanto h.	-0.2514	0.2273	3	24	48	3	9	9.4968	2019	3	3.1656
3998	suyitno f.	0.4146	-0.5107	40	0	0	1	1	1.0552	2019	1	1.0552
3999	suyono e.a.	-0.4005	-0.86	41	0	0	1	0	0	2019	0	0
4000	suyuti a.	-0.2813	0.8262	42	0	0	1	0	0	2019	0	0
4001	svahilan i.	-0.1908	0.9302	43	0	0	1	1	1.0552	2019	1	1.0552
4002	swandi a.	0.1255	-0.6391	44	0	0	1	1	1.0552	2019	1	1.0552
4003	swastika a.c.	0.5617	-0.0308	45	0	0	1	2	2.1104	2019	2	2.1104
4004	swastika t.	-0.5494	0.3563	46	0	0	1	1	1.0552	2019	1	1.0552
4005	syabri i.	0.8345	0.3225	47	0	0	2	0	0	2019	0	0
4006	syaf h.	0.5728	-0.6639	48	0	0	1	0	0	2019	0	0
4007	syafalni i.	-0.94	0.1644	49	0	0	3	0	0	2019	0	0
4008	syafii djamal j.	0.5885	0.2393	50	0	0	1	1	1.0552	2019	1	1.0552
4009	syafila m.	0.1069	-0.3394	51	0	0	1	0	0	2019	0	0
4010	"syafrizal, sanematsu k."	0.4597	0.4502	52	0	0	1	1	1.0552	2019	1	1.0552
4011	syafruddin d.	-0.3639	-0.7439	53	0	0	1	2	2.1104	2019	2	2.1104
4012	syah y.m.	0.4128	0.4813	54	0	0	7	7	7.3864	2019	1	1.0552
4013	syahbana a.j.	-0.0039	-0.0241	55	0	0	1	0	0	2019	0	0
4014	syahbana d.f.	-0.3092	0.8932	56	0	0	1	0	0	2019	0	0
4015	syahilan i.	-0.3897	-0.6399	57	0	0	1	0	0	2019	0	0
4016	syahputra m.r.	0.1042	-0.3948	58	0	0	2	2	2.1104	2019	1	1.0552
4017	syahriar a.	-0.534	0.7843	59	0	0	1	1	1.0552	2019	1	1.0552
4018	syahrullah m.	0.312	-0.4294	60	0	0	1	0	0	2019	0	0
4019	syaichu-rohman a.	0.6174	0.3609	61	0	0	1	0	0	2019	0	0
4020	syaifi y.s.	0.6636	0.0534	62	0	0	1	0	0	2019	0	0
4021	syaifullah k.i.	-0.5405	0.5805	63	0	0	1	0	0	2019	0	0
4022	syakti a.d.	0.2067	-0.9264	64	0	0	1	1	1.0552	2019	1	1.0552
4023	syalfinaf f.a.	0.2901	-0.5638	65	0	0	1	0	0	2019	0	0
4024	syam s.s.	-0.0031	-0.666	66	0	0	1	0	0	2019	0	0
4025	syambabas n.r.	0.5694	0.396	67	0	0	1	0	0	2019	0	0
4026	syambas n.r.	0.2699	0.6418	68	0	0	9	3	3.1656	2019	0.3333	0.3517
4027	syamsiar y.	-0.7606	-0.181	69	0	0	1	0	0	2019	0	0
4028	syamsudin h.	-0.7495	0.2069	70	0	0	1	0	0	2019	0	0
4029	syamsudin t.s.	0.7242	-0.4823	71	0	0	6	4	4.2208	2019	0.6667	0.7035
4030	syaraswati r.a.	0.4464	-0.3361	72	0	0	1	0	0	2019	0	0
4031	syarif s.	-0.5106	0.7994	73	0	0	1	0	0	2019	0	0
4032	syarifah r.d.	-0.9463	0.0106	74	0	0	1	0	0	2019	0	0
4033	syarifudin m.r.i.	-0.8128	-0.1761	75	0	0	1	0	0	2019	0	0
4034	"syaripudin, putri l.w."	-0.1459	0.5451	76	0	0	1	0	0	2019	0	0
4035	syaukat y.	-0.0134	-0.8485	77	0	0	1	0	0	2019	0	0
4036	syazwani i.n.	0.0461	0.7358	78	0	0	1	0	0	2019	0	0
4037	syichu-rohman a.	0.1944	-0.7981	79	0	0	1	1	1.0552	2019	1	1.0552
4038	syihab z.	0.3543	-0.8783	80	0	0	1	4	4.2208	2019	4	4.2208
4039	syihabuddin b.	-0.7978	0.4803	20	8	8	13	5	5.276	2019	0.3846	0.4058
4040	syuhada i.	-0.917	-0.0952	81	0	0	3	0	0	2019	0	0
4041	syuhada s.	-0.7128	-0.4017	82	0	0	2	0	0	2019	0	0
4042	syukron m.	0.6466	-0.5265	83	0	0	2	4	4.2208	2019	2	2.1104
4043	tabata y.	0.1106	0.9122	9	6	6	1	0	0	2019	0	0
4044	taer e.	0.4173	0.8153	84	0	0	1	0	0	2019	0	0
4045	"tafriyana, alam b.r."	0.7588	-0.3338	85	0	0	1	0	0	2019	0	0
4046	"tafriyana, sari l.k."	-0.9326	-0.1436	86	0	0	1	0	0	2019	0	0
4047	tahar c.	0.6718	-0.6681	87	0	0	1	0	0	2019	0	0
4048	tahini h.a.	0.8916	0.1942	5	10	10	2	14	14.7728	2019	7	7.3864
4049	takabatake t.	0.4863	-0.776	6	6	6	2	25	26.38	2019	12.5	13.19
4050	takaendengan m.	-0.8508	0.4162	88	0	0	1	0	0	2019	0	0
4051	takagi h.	0.4864	-0.7762	6	12	12	1	25	26.38	2019	25	26.38
4052	takahashi t.	-0.5637	-0.2233	89	0	0	1	0	0	2019	0	0
4053	takami a.	-0.8442	-0.0339	90	0	0	1	2	2.1104	2019	2	2.1104
4054	takase k.	0.1653	-0.4477	91	0	0	4	6	6.3312	2019	1.5	1.5828
4055	takei t.	0.3219	0.2269	7	10	10	1	3	3.1656	2019	3	3.1656
4056	takeuchi w.	-0.1312	-0.9378	92	0	0	1	2	2.1104	2019	2	2.1104
4057	talitha t.	0.5792	0.1354	93	0	0	1	2	2.1104	2019	2	2.1104
4058	tamamadin m.	0.0052	0.8356	94	0	0	1	0	0	2019	0	0
4059	tamba t.a.	0.3721	-0.3098	95	0	0	7	2	2.1104	2019	0.2857	0.3015
4060	tambad t.a.	-0.8889	-0.3246	96	0	0	1	0	0	2019	0	0
4061	tamin r.z.	-0.2629	0.9102	97	0	0	1	0	0	2019	0	0
4062	tampubolon d.a.	0.0903	-0.8063	98	0	0	1	0	0	2019	0	0
4063	tamuntuan g.	0.6243	-0.1444	99	0	0	1	0	0	2019	0	0
4064	tan t.h.	0.8919	0.1946	5	10	10	2	14	14.7728	2019	7	7.3864
4065	tan w.	-0.4976	0.7169	100	0	0	1	3	3.1656	2019	3	3.1656
4066	tan y.	-0.4468	0.6019	101	0	0	2	0	0	2019	0	0
4067	tanabe y.	0.618	-0.6696	102	0	0	1	1	1.0552	2019	1	1.0552
4068	tanaka a.	-0.8918	-0.1309	103	0	0	1	1	1.0552	2019	1	1.0552
4069	tanaka h.	0.3274	-0.8537	104	0	0	1	0	0	2019	0	0
4070	tanaka s.	0.0326	-0.816	105	0	0	1	7	7.3864	2019	7	7.3864
4071	tandiono e.k.	-0.7228	-0.1404	106	0	0	1	0	0	2019	0	0
4072	tandrasasmita o.m.	0.5323	0.7616	22	5	5	1	5	5.276	2019	5	5.276
4073	taniwidjaja a.	0.3859	0.8692	107	0	0	4	0	0	2019	0	0
4074	tanji y.	0.8891	0.0615	108	0	0	1	1	1.0552	2019	1	1.0552
4075	tanjung d.	-0.4243	-0.8481	109	0	0	1	1	1.0552	2019	1	1.0552
4076	tanjung m.	-0.538	0.7388	110	0	0	1	2	2.1104	2019	2	2.1104
4077	tanjung n.s.	-0.2143	0.9222	111	0	0	1	0	0	2019	0	0
4078	tanoue m.	-0.4193	-0.0306	112	0	0	1	0	0	2019	0	0
4079	tanra i.	-0.252	0.227	3	24	48	3	9	9.4968	2019	3	3.1656
4080	tanto t.a.	0.7595	-0.38	113	0	0	1	0	0	2019	0	0
4081	tantya j.	-0.9271	-0.192	114	0	0	1	1	1.0552	2019	1	1.0552
4082	tanukusuma g.	0.0506	0.0021	115	0	0	1	6	6.3312	2019	6	6.3312
4083	tanuwijaya v.v.	0.3891	0.611	116	0	0	3	5	5.276	2019	1.6667	1.7587
4084	tanuwijaya z.a.j.	-0.4728	-0.0391	117	0	0	1	0	0	2019	0	0
4085	tappin d.r.	0.3451	-0.6183	118	0	0	1	23	24.2696	2019	23	24.2696
4086	taqwantara r.f.	-0.2316	-0.3309	10	7	7	1	1	1.0552	2019	1	1.0552
4087	taqyudin m.i.	0.4786	-0.5	119	0	0	1	0	0	2019	0	0
4088	tarigan a.k.m.	0.561	-0.5919	120	0	0	1	2	2.1104	2019	2	2.1104
4089	tarigan t.a.	0.4863	-0.7761	6	6	6	1	10	10.552	2019	10	10.552
4090	tarigan t.z.s.	0.8307	-0.4608	121	0	0	1	1	1.0552	2019	1	1.0552
4091	tariq z.	-0.7637	-0.5625	122	0	0	1	4	4.2208	2019	4	4.2208
4092	tarits p.	-0.7125	-0.5076	123	0	0	1	0	0	2019	0	0
4093	taroepratjeka h.	0.2075	0.6664	124	0	0	1	0	0	2019	0	0
4094	tarwidi d.	-0.3959	0.657	125	0	0	1	2	2.1104	2019	2	2.1104
4095	tarya a.	-0.775	0.2597	126	0	0	2	0	0	2019	0	0
4096	tasman h.	0.4852	-0.0124	127	0	0	1	8	8.4416	2019	8	8.4416
4097	taspika m.	-0.6111	0.3903	128	0	0	2	6	6.3312	2019	3	3.1656
4098	tasrif m.	-0.9413	-0.1208	129	0	0	1	0	0	2019	0	0
4099	tassia r.d.	0.7774	0.3762	130	0	0	2	0	0	2019	0	0
4100	taufani m.r.	-0.8161	0.2343	131	0	0	2	0	0	2019	0	0
4101	taufik m.	0.5272	0.0274	132	0	0	1	1	1.0552	2019	1	1.0552
4102	taufikurahman t.	0.0101	0.4696	133	0	0	2	0	0	2019	0	0
4103	taufiq a.	0.2261	-0.5768	134	0	0	1	18	18.9936	2019	18	18.9936
4104	taufiq r.	0.3133	-0.6724	135	0	0	2	0	0	2019	0	0
4105	taufiq rafie m.	0.7875	-0.4133	136	0	0	1	0	0	2019	0	0
4106	taufiq t.	0.2938	-0.8207	137	0	0	1	0	0	2019	0	0
4107	tawakkal m.i.	-0.9532	0.1245	138	0	0	1	0	0	2019	0	0
4108	tawaqal g.	0.4767	0.8195	139	0	0	1	0	0	2019	0	0
4109	tazakka h.d.	0.5692	0.4553	140	0	0	1	0	0	2019	0	0
4110	teguh subarkah m.	-0.3504	0.5935	141	0	0	1	0	0	2019	0	0
4111	telussa i.	0.345	0.5572	142	0	0	1	0	0	2019	0	0
4112	teyssedre g.	0.6544	-0.6848	143	0	0	1	0	0	2019	0	0
4113	thalia d.p.	0.7345	0.4789	144	0	0	1	0	0	2019	0	0
4114	the tdp science team	-0.2218	-0.3855	1	25	28	1	6	6.3312	2019	6	6.3312
4115	the towuti drilling project science team	-0.224	-0.3865	1	13	19	1	9	9.4968	2019	9	9.4968
4116	the towuti drilling project scientific team	-0.5175	-0.4682	145	0	0	1	4	4.2208	2019	4	4.2208
4117	theosaksomo d.	0.1044	-0.128	146	0	0	1	0	0	2019	0	0
4118	theresia t.	0.1676	0.7878	147	0	0	1	0	0	2019	0	0
4119	thias a.h.	0.2078	-0.7306	148	0	0	3	1	1.0552	2019	0.3333	0.3517
4120	thirafi f.	0.3604	0.4963	149	0	0	1	1	1.0552	2019	1	1.0552
4121	thompson l.g.	0.6861	-0.5679	150	0	0	1	2	2.1104	2019	2	2.1104
4122	thordarson t.	-0.8009	-0.3529	151	0	0	1	1	1.0552	2019	1	1.0552
4123	tian c.	-0.6611	-0.1281	152	0	0	1	2	2.1104	2019	2	2.1104
4124	tian y.	0.2997	0.9024	153	0	0	1	1	1.0552	2019	1	1.0552
4125	tibyan r.r.	-0.7459	-0.5767	154	0	0	1	1	1.0552	2019	1	1.0552
4126	tiranda h.	-0.0582	0.7613	155	0	0	1	3	3.1656	2019	3	3.1656
4127	tisnasendjaja a.r.	0.0848	-0.2351	156	0	0	1	0	0	2019	0	0
4128	titalim b.a.	-0.1816	-0.7391	157	0	0	1	0	0	2019	0	0
4129	titisari p.w.	-0.3648	-0.7907	158	0	0	1	1	1.0552	2019	1	1.0552
4130	tjahjandarie t.s.	0.432	0.8459	159	0	0	1	2	2.1104	2019	2	2.1104
4131	tjahjono d.h.	0.4061	0.718	160	0	0	1	1	1.0552	2019	1	1.0552
4132	tjandrawinata r.r.	0.5324	0.7617	22	8	11	3	8	8.4416	2019	2.6667	2.8139
4133	tjeng l.h.	-0.8171	0.0111	161	0	0	1	2	2.1104	2019	2	2.1104
4134	tjia m.-o.	-0.2793	0.2294	39	3	3	1	1	1.0552	2019	1	1.0552
4135	tjia m.o.	-0.2633	0.229	3	27	70	5	13	13.7176	2019	2.6	2.7435
4136	tjoa a.	-0.4579	0.7486	162	0	0	1	1	1.0552	2019	1	1.0552
4137	tjoa s.e.e.	0.4866	0.5619	163	0	0	1	1	1.0552	2019	1	1.0552
4138	tobing p.f.l.	-0.873	-0.0842	164	0	0	1	1	1.0552	2019	1	1.0552
4139	togibasa o.	-0.5242	-0.5149	165	0	0	1	1	1.0552	2019	1	1.0552
4140	tojo a.	-0.6491	0.105	166	0	0	2	11	11.6072	2019	5.5	5.8036
4141	tompubolon g.m.h.	0.0994	-0.2906	167	0	0	1	0	0	2019	0	0
4142	torfs p.j.j.f.	-0.9552	0.0606	168	0	0	1	3	3.1656	2019	3	3.1656
4143	toyoda t.	-0.2438	-0.7097	169	0	0	2	4	4.2208	2019	2	2.1104
4144	trapsilawati f.	0.2062	0.542	170	0	0	2	0	0	2019	0	0
4145	trenggono m.	-0.623	-0.5333	171	0	0	1	3	3.1656	2019	3	3.1656
4146	tresna wulan asri l.a.	-0.1716	0.6637	172	0	0	1	0	0	2019	0	0
4147	tri e.	0.2228	0.9214	173	0	0	1	1	1.0552	2019	1	1.0552
4148	tri vina s.c.	-0.3767	-0.8711	174	0	0	1	0	0	2019	0	0
4149	triadhi u.	0.277	0.5669	175	0	0	1	0	0	2019	0	0
4150	triarahmadhana b.	0.3217	0.6798	176	0	0	1	0	0	2019	0	0
4151	triartono z.	-0.3018	-0.0668	177	0	0	1	0	0	2019	0	0
4152	triastanto a.n.d.	0.0445	-0.7654	178	0	0	1	0	0	2019	0	0
4153	triawan f.	0.9085	-0.2725	179	0	0	1	0	0	2019	0	0
4154	triejunita c.n.	0.2957	0.8268	180	0	0	1	0	0	2019	0	0
4155	trihantoro n.f.	-0.2122	-0.6759	181	0	0	1	0	0	2019	0	0
4156	triharyogi h.	-0.485	-0.534	182	0	0	1	1	1.0552	2019	1	1.0552
4157	trilaksono b.r.	0.0435	0.794	183	0	0	6	4	4.2208	2019	0.6667	0.7035
4158	trilaksono n.j.	0.6362	-0.7022	184	0	0	4	0	0	2019	0	0
4159	trimadona	-0.5804	0.1001	185	0	0	1	0	0	2019	0	0
4160	trisetyarso a.	-0.1081	-0.8526	186	0	0	1	0	0	2019	0	0
4161	"trismidianto, dr."	-0.6685	-0.4288	187	0	0	1	0	0	2019	0	0
4162	"trismidianto, purwaningsih a."	-0.2909	0.8649	188	0	0	1	0	0	2019	0	0
4163	trisnawan i.k.n.	-0.1471	0.9391	189	0	0	1	0	0	2019	0	0
4164	"trisnawan, sambas a."	-0.4513	-0.5733	190	0	0	1	2	2.1104	2019	2	2.1104
4165	trisyanti s.w.	-0.5873	-0.3004	191	0	0	1	0	0	2019	0	0
4166	tritoasmoro i.i.	0.4878	-0.3881	192	0	0	1	0	0	2019	0	0
4167	triyana k.	0.393	0.7775	193	0	0	1	0	0	2019	0	0
4168	"triyanta, kosasih j.s."	0.2452	-0.7742	194	0	0	1	1	1.0552	2019	1	1.0552
4169	triyono b.	0.8365	-0.2626	195	0	0	1	4	4.2208	2019	4	4.2208
4170	triyoso w.	-0.2325	0.6007	196	0	0	3	0	0	2019	0	0
4171	triyuwono e.a.	0.2927	0.7805	197	0	0	1	0	0	2019	0	0
4172	troelstra s.r.	-0.5724	0.719	198	0	0	1	3	3.1656	2019	3	3.1656
4173	trusaji w.	-0.1222	0.9391	199	0	0	1	0	0	2019	0	0
4174	tsuchiya k.	-0.4202	-0.6787	200	0	0	1	2	2.1104	2019	2	2.1104
4175	tsuji t.	0.4832	0.6294	201	0	0	2	4	4.2208	2019	2	2.1104
4176	tuasikal d.a.a.	0.7826	0.084	202	0	0	1	1	1.0552	2019	1	1.0552
4177	tufaila m.	0.2459	-0.8288	203	0	0	1	0	0	2019	0	0
4178	tujza a.	0.6484	0.2302	204	0	0	1	0	0	2019	0	0
4179	tulloh r.	0.2706	0.8742	205	0	0	1	0	0	2019	0	0
4180	tumbuan t.p.	-0.4457	-0.8344	206	0	0	3	1	1.0552	2019	0.3333	0.3517
4181	tunggadewi t.i.	0.1396	0.7457	207	0	0	1	2	2.1104	2019	2	2.1104
4182	turnip a.	-0.7075	0.0979	208	0	0	2	0	0	2019	0	0
4183	turnip m.	-0.4116	-0.7698	209	0	0	1	0	0	2019	0	0
4184	tursinah r.	-0.0886	-0.656	210	0	0	1	1	1.0552	2019	1	1.0552
4185	tuty s.	0.655	-0.2762	211	0	0	1	1	1.0552	2019	1	1.0552
4186	tuwankotta j.m.	-0.545	0.6426	212	0	0	5	2	2.1104	2019	0.4	0.4221
4187	"ubaidillah, prasetiyo i."	0.197	0.7331	213	0	0	1	0	0	2019	0	0
4188	udomsap p.	-0.8613	-0.3898	214	0	0	1	1	1.0552	2019	1	1.0552
4189	uekusa h.	-0.0137	-0.7922	215	0	0	1	2	2.1104	2019	2	2.1104
4190	uesugi t.	0.3912	-0.4446	216	0	0	1	0	0	2019	0	0
4191	ulfa maulidevi n.	0.7506	-0.1414	217	0	0	1	0	0	2019	0	0
4192	ulfarsson m.o.	0.7316	0.1732	218	0	0	1	1	1.0552	2019	1	1.0552
4193	ulima zanetta c.	0.7375	0.3986	219	0	0	1	0	0	2019	0	0
4194	ulul a.z.a.	-0.8587	0.3674	220	0	0	1	0	0	2019	0	0
4195	ulya n.	-0.8502	-0.3255	221	0	0	1	0	0	2019	0	0
4196	umam r.	-0.0367	0.6422	222	0	0	3	5	5.276	2019	1.6667	1.7587
4197	umbara a.n.	-0.535	-0.0116	223	0	0	1	0	0	2019	0	0
4198	ummah k.	-0.4194	-0.7253	224	0	0	1	0	0	2019	0	0
4199	usman i.	-0.3518	-0.8809	225	0	0	1	0	0	2019	0	0
4200	usman k.	0.5191	0.5003	226	0	0	1	0	0	2019	0	0
4201	usman u.k.	0.8221	-0.2046	227	0	0	1	0	0	2019	0	0
4202	utama d.q.	0.5987	-0.7309	228	0	0	1	0	0	2019	0	0
4203	utama j.a.	0.1621	-0.5809	229	0	0	2	0	0	2019	0	0
4204	utama n.p.	-0.7434	-0.2313	230	0	0	3	0	0	2019	0	0
4205	utama p.h.k.	-0.2834	-0.8764	231	0	0	1	0	0	2019	0	0
4206	utama t.h.	-0.8656	0.3944	232	0	0	1	0	0	2019	0	0
4207	utama w.	-0.237	-0.3306	10	7	14	2	8	8.4416	2019	4	4.2208
4208	utami a.r.	0.1577	-0.9343	233	0	0	1	0	0	2019	0	0
4209	utami d.	0.5371	-0.6427	234	0	0	2	4	4.2208	2019	2	2.1104
4210	utami f.d.	-0.5046	-0.2071	235	0	0	9	14	14.7728	2019	1.5556	1.6414
4211	utami r.s.	0.3882	-0.1434	236	0	0	1	0	0	2019	0	0
4212	utami s.s.	0.3973	-0.858	237	0	0	5	0	0	2019	0	0
4213	utari l.	0.3439	-0.7245	238	0	0	1	0	0	2019	0	0
4214	utomo d.k.	0.6032	-0.4787	239	0	0	1	1	1.0552	2019	1	1.0552
4215	utomo j.	-0.1677	0.9247	240	0	0	1	0	0	2019	0	0
4216	utomo s.p.	-0.6227	-0.1845	241	0	0	1	0	0	2019	0	0
4217	utomo t.p.b.	-0.8979	-0.2559	26	5	5	1	1	1.0552	2019	1	1.0552
4218	uttunggadewa s.	0.8915	0.3278	242	0	0	1	0	0	2019	0	0
4219	uwiringiyimana j.p.	0.6943	0.2817	243	0	0	1	0	0	2019	0	0
4220	valentine o.	0.4553	0.8325	244	0	0	1	0	0	2019	0	0
4221	van der kamp p.h.	-0.2682	-0.8383	245	0	0	1	0	0	2019	0	0
4222	van der meer f.	0.5138	-0.2298	246	0	0	1	5	5.276	2019	5	5.276
4223	van merkerk r.	-0.8733	-0.3695	247	0	0	1	6	6.3312	2019	6	6.3312
4224	vanawati n.	0.1106	0.9121	9	6	6	2	0	0	2019	0	0
4225	vanitha m.	-0.5526	-0.4372	248	0	0	1	0	0	2019	0	0
4226	variani v.i.	0.2354	-0.1253	249	0	0	1	0	0	2019	0	0
4227	vena a.	-0.5398	-0.3897	250	0	0	1	0	0	2019	0	0
4228	vences m.	0.662	0.6188	2	6	6	1	4	4.2208	2019	4	4.2208
4229	venesia z.	0.495	0.6736	251	0	0	1	0	0	2019	0	0
4230	venkatramu v.	-0.9026	-0.0513	252	0	0	1	5	5.276	2019	5	5.276
4231	verdhora ry r.	0.6373	0.2938	253	0	0	2	2	2.1104	2019	1	1.0552
4232	vernimmen r.	-0.8218	-0.2978	254	0	0	1	2	2.1104	2019	2	2.1104
4233	vianney y.m.	0.9221	0.0637	255	0	0	1	1	1.0552	2019	1	1.0552
4234	vibriani a.	-0.9492	-0.0173	256	0	0	2	11	11.6072	2019	5.5	5.8036
4235	victoria a.v.	0.4086	0.5457	257	0	0	1	6	6.3312	2019	6	6.3312
4236	vidyaningtyas h.	-0.7773	-0.5414	258	0	0	1	0	0	2019	0	0
4237	vierdayanti k.	0.0264	-0.1197	259	0	0	3	0	0	2019	0	0
4238	vijverberg s.j.h.	0.2373	0.7709	260	0	0	1	4	4.2208	2019	4	4.2208
4239	villard e.	0.285	-0.8662	261	0	0	1	2	2.1104	2019	2	2.1104
4240	vinatier s.	0.1546	-0.8578	262	0	0	1	2	2.1104	2019	2	2.1104
4241	vinsensius sigit w.p.	0.2816	-0.905	263	0	0	1	0	0	2019	0	0
4242	viony n.c.	-0.1666	0.8824	264	0	0	1	0	0	2019	0	0
4243	viridi s.	-0.4824	0.0225	265	0	0	31	16	16.8832	2019	0.5161	0.5446
4244	virtriana r.	-0.3959	-0.0832	266	0	0	1	0	0	2019	0	0
4245	visita l.	0.1046	0.42	267	0	0	1	0	0	2019	0	0
4246	visser m.	0.6009	-0.6216	268	0	0	1	2	2.1104	2019	2	2.1104
4247	vista c.b.	-0.6725	-0.53	269	0	0	1	0	0	2019	0	0
4248	vitianingsih a.v.	0.034	0.6678	270	0	0	1	0	0	2019	0	0
4249	vitriana	0.0733	0.3758	271	0	0	1	0	0	2019	0	0
4250	viviantoro d.	-0.6531	0.048	272	0	0	2	0	0	2019	0	0
4251	viviyanti f.	0.8816	0.357	273	0	0	1	0	0	2019	0	0
4252	vogel h.	-0.2228	-0.3848	1	26	68	6	31	32.7113	2019	5.1667	5.4519
4253	vuille m.	0.7298	-0.6033	274	0	0	1	1	1.0552	2019	1	1.0552
4254	vuillemin a.	-0.2207	-0.3843	1	13	19	2	13	13.7176	2019	6.5	6.8588
4255	wael c.	0.5808	0.294	275	0	0	1	0	0	2019	0	0
4256	wahid m.r.	0.1334	-0.1966	276	0	0	1	0	0	2019	0	0
4257	wahidah i.	-0.135	0.7188	277	0	0	1	0	0	2019	0	0
4258	"wahono, rosikhin a."	0.6919	-0.3246	278	0	0	1	0	0	2019	0	0
4259	wahyudi c.a.d.	-0.751	-0.3664	279	0	0	1	1	1.0552	2019	1	1.0552
4260	wahyudi e.j.	-0.1444	0.8286	280	0	0	3	0	0	2019	0	0
4261	wahyudi s.	-0.2621	0.7168	281	0	0	1	0	0	2019	0	0
4262	wahyuni n.	0.7489	-0.2127	282	0	0	1	1	1.0552	2019	1	1.0552
4263	wahyuni y.s.	-0.7427	0.0586	283	0	0	1	0	0	2019	0	0
4264	wahyuningrum d.	-0.7483	-0.531	284	0	0	7	10	10.552	2019	1.4286	1.5074
4265	wahyuono r.a.	-0.0671	-0.7015	285	0	0	1	0	0	2019	0	0
4266	wairara s.	-0.6958	0.4874	286	0	0	1	0	0	2019	0	0
4267	wakhidin m.	-0.8285	0.3423	287	0	0	1	0	0	2019	0	0
4268	waliana i.	0.7421	-0.0924	288	0	0	1	2	2.1104	2019	2	2.1104
4269	walsh f.c.	0.3037	0.2159	7	4	8	2	27	28.4904	2019	13.5	14.2452
4270	walsh j.e.	-0.3275	-0.8902	289	0	0	1	5	5.276	2019	5	5.276
4271	waluya m.b.	-0.3558	-0.842	290	0	0	1	1	1.0552	2019	1	1.0552
4272	waluyo b.	0.6843	0.3959	291	0	0	1	0	0	2019	0	0
4273	waluyo j.	0.7227	-0.5684	292	0	0	1	4	4.2208	2019	4	4.2208
4274	wandini r.a.	-0.303	-0.9008	293	0	0	1	0	0	2019	0	0
4275	wang d.-w.	-0.4457	0.6559	294	0	0	1	1	1.0552	2019	1	1.0552
4276	wang g.	0.786	-0.1749	295	0	0	1	17	17.9384	2019	17	17.9384
4277	wang j.	-0.6272	0.2107	296	0	0	2	11	11.6072	2019	5.5	5.8036
4278	wang l.	0.8012	0.0433	297	0	0	1	0	0	2019	0	0
4279	wang s.	0.1949	-0.1797	298	0	0	1	11	11.6072	2019	11	11.6072
4280	wang x.	0.7896	0.3001	299	0	0	3	19	20.0488	2019	6.3333	6.6829
4281	wang y.	-0.6188	0.1556	300	0	0	4	12	12.6624	2019	3	3.1656
4282	wang y.-b.	-0.2343	-0.7578	301	0	0	1	1	1.0552	2019	1	1.0552
4283	wangsaputra r.	0.4464	0.5941	302	0	0	1	0	0	2019	0	0
4284	wantoputri n.i.	-0.9493	0.0339	303	0	0	1	1	1.0552	2019	1	1.0552
4285	ward s.n.	0.1617	-0.1096	304	0	0	1	23	24.2696	2019	23	24.2696
4286	wardani a.k.	0.909	-0.071	4	9	22	9	45	47.4841	2019	5	5.276
4287	wardani k.	-0.804	0.1898	305	0	0	1	0	0	2019	0	0
4288	wardani m.k.	-0.7871	-0.1238	306	0	0	1	9	9.4968	2019	9	9.4968
4289	wardhana y.w.	-0.8809	0.3578	307	0	0	1	2	2.1104	2019	2	2.1104
4290	wardhani r.a.k.	0.3712	-0.6794	308	0	0	1	0	0	2019	0	0
4291	wardianto a.	-0.1317	0.905	309	0	0	1	0	0	2019	0	0
4292	wardono p.	0.5374	-0.4859	310	0	0	1	0	0	2019	0	0
4293	wardoyo w.m.	0.6574	0.1668	311	0	0	1	0	0	2019	0	0
4294	waris a.	0.5519	-0.303	312	0	0	6	2	2.1104	2019	0.3333	0.3517
4295	warjono	0.1534	0.6054	313	0	0	1	0	0	2019	0	0
4296	warnars h.l.h.s.	0.5105	0.4504	314	0	0	2	1	1.0552	2019	0.5	0.5276
4297	warsa	0.6147	-0.3162	315	0	0	2	0	0	2019	0	0
4298	"warsa, yogi i.b.s."	0.3064	-0.8971	316	0	0	1	0	0	2019	0	0
4299	warsahemas t.	0.316	-0.1421	317	0	0	1	1	1.0552	2019	1	1.0552
4300	"warsito, triyana k."	-0.8224	-0.0774	318	0	0	1	0	0	2019	0	0
4301	"warsono, gustavia e."	-0.4419	0.7053	319	0	0	1	0	0	2019	0	0
4302	warty y.	0.0863	0.568	320	0	0	2	0	0	2019	0	0
4303	wasisto i.	-0.6115	-0.7308	321	0	0	1	0	0	2019	0	0
4304	"waslaluddin, rahman e.f."	-0.2771	-0.9088	322	0	0	1	0	0	2019	0	0
4305	"waslaluddin, rahmansyah m.a."	-0.441	0.81	323	0	0	1	0	0	2019	0	0
4306	wastu a.r.r.	0.6167	-0.5695	324	0	0	1	0	0	2019	0	0
4307	watanabe k.	-0.2129	-0.8076	325	0	0	1	1	1.0552	2019	1	1.0552
4308	watanabe m.	0.5958	0.0344	326	0	0	1	0	0	2019	0	0
4309	watanabe t.	-0.8761	-0.0111	327	0	0	1	1	1.0552	2019	1	1.0552
4310	watruss n.	-0.4689	0.7865	328	0	0	1	0	0	2019	0	0
4311	watson c.w.	0.4327	-0.047	329	0	0	1	3	3.1656	2019	3	3.1656
4312	watt s.f.l.	0.3266	0.6166	330	0	0	1	23	24.2696	2019	23	24.2696
4313	wattimena r.k.	-0.0361	0.8217	331	0	0	1	2	2.1104	2019	2	2.1104
4314	webb m.	-0.2599	0.7722	332	0	0	1	3	3.1656	2019	3	3.1656
4315	wei z.	-0.1655	0.6024	333	0	0	2	9	9.4968	2019	4.5	4.7484
4316	wella s.a.	0.2538	0.7079	334	0	0	1	3	3.1656	2019	3	3.1656
4317	wen x.	0.7113	-0.3766	335	0	0	1	3	3.1656	2019	3	3.1656
4318	wendari t.p.	0.5153	0.3982	336	0	0	1	2	2.1104	2019	2	2.1104
4319	weng z.	0.0099	-0.5934	337	0	0	1	4	4.2208	2019	4	4.2208
4320	wennrich v.	-0.2222	-0.3857	1	23	27	1	9	9.4968	2019	9	9.4968
4321	wenten i.g.	0.9086	-0.0736	4	19	47	18	113	119.2378	2019	6.2778	6.6243
4322	werle p.	0.5019	-0.6143	338	0	0	2	0	0	2019	0	0
4323	white l.t.	0.4892	-0.2907	339	0	0	2	6	6.3312	2019	3	3.1656
4324	wibawa a.d.	-0.8551	0.314	340	0	0	2	0	0	2019	0	0
4325	wibawa b.m.	0.0248	0.5344	341	0	0	1	0	0	2019	0	0
4326	wibawa i.p.d.	0.2503	0.9166	342	0	0	5	3	3.1656	2019	0.6	0.6331
4327	wibisono d.	0.6309	-0.3992	38	2	4	6	5	5.276	2019	0.8333	0.8793
4328	wibisono m.a.	-0.1914	0.8385	343	0	0	1	0	0	2019	0	0
4329	wibisono s.r.	-0.4878	0.8142	344	0	0	1	0	0	2019	0	0
4330	wibisono y.	0.7467	0.2446	345	0	0	1	0	0	2019	0	0
4331	wibisono y.y.	0.4648	0.5142	346	0	0	2	1	1.0552	2019	0.5	0.5276
4332	wibowo a.	0.852	0.3609	347	0	0	9	3	3.1656	2019	0.3333	0.3517
4333	wibowo a.m.	-0.029	-0.7377	348	0	0	1	0	0	2019	0	0
4334	wibowo e.	-0.4981	0.668	349	0	0	3	1	1.0552	2019	0.3333	0.3517
4335	wibowo f.y.e.	0.5048	-0.0728	350	0	0	1	1	1.0552	2019	1	1.0552
4336	wibowo i.	0.1104	0.9119	9	6	6	2	4	4.2208	2019	2	2.1104
4337	wibowo n.	0.7366	-0.2844	351	0	0	1	0	0	2019	0	0
4338	wibowo r.w.	0.3455	-0.8155	352	0	0	1	0	0	2019	0	0
4339	wibowo s.a.	-0.6534	-0.3718	353	0	0	1	1	1.0552	2019	1	1.0552
4340	wibowo s.s.	0.705	0.2152	354	0	0	1	0	0	2019	0	0
4341	wibowo t.a.	0.2326	-0.9191	355	0	0	1	0	0	2019	0	0
4342	wibowo u.a.	0.1102	0.9121	9	11	12	3	3	3.1656	2019	1	1.0552
4343	wicaksono d.	0.7818	0.5275	356	0	0	1	1	1.0552	2019	1	1.0552
4344	wicaksono d.h.b.	0.2879	0.2063	11	4	4	2	1	1.0552	2019	0.5	0.5276
4345	wicaksono m.a.	0.8178	-0.4342	357	0	0	1	0	0	2019	0	0
4346	wicaksono s.	0.2097	-0.5108	358	0	0	2	0	0	2019	0	0
4347	widagdo d.	0.0943	0.7026	359	0	0	2	0	0	2019	0	0
4348	widagdo t.e.	-0.6677	0.526	360	0	0	2	0	0	2019	0	0
4349	widarda d.r.	0.3043	0.505	361	0	0	1	0	0	2019	0	0
4350	widartiningsih p.m.	-0.9154	-0.0073	362	0	0	3	2	2.1104	2019	0.6667	0.7035
4351	widarto d.s.	0.345	0.795	363	0	0	1	0	0	2019	0	0
4352	"widayani, sahin s."	0.2513	0.8274	364	0	0	1	0	0	2019	0	0
4353	widayat a.h.	-0.5726	-0.5263	365	0	0	1	1	1.0552	2019	1	1.0552
4354	widayati s.	0.6608	0.4382	366	0	0	1	0	0	2019	0	0
4355	widia pamungkas isburhan r.	-0.5916	0.4822	367	0	0	1	1	1.0552	2019	1	1.0552
4356	widiarto s.	0.7506	-0.44	368	0	0	1	1	1.0552	2019	1	1.0552
4357	widiatmoko p.	-0.5138	0.3838	369	0	0	2	1	1.0552	2019	0.5	0.5276
4358	widiawan a.k.	0.3773	0.6714	370	0	0	1	0	0	2019	0	0
4359	widiawan d.a.	0.559	-0.1108	371	0	0	1	0	0	2019	0	0
4360	widigdha a.d.	-0.1627	0.7737	372	0	0	1	0	0	2019	0	0
4361	widita r.	-0.1622	0.2256	8	13	20	12	21	22.1592	2019	1.75	1.8466
4362	widiyandari h.	-0.5313	-0.2705	373	0	0	1	11	11.6072	2019	11	11.6072
4363	widiyani a.	0.5898	-0.6991	374	0	0	1	0	0	2019	0	0
4364	widiyanto g.	0.2727	-0.6264	375	0	0	1	0	0	2019	0	0
4365	widiyantoro d.h.	0.7286	0.3443	376	0	0	1	3	3.1656	2019	3	3.1656
4366	widiyantoro s.	-0.043	0.9276	21	8	11	20	33	34.8217	2019	1.65	1.7411
4367	widjajanto d.	-0.6224	-0.2485	377	0	0	1	0	0	2019	0	0
4368	widodo	0.2358	-0.4401	378	0	0	1	0	0	2019	0	0
4369	widodo j.	-0.9345	-0.1682	379	0	0	2	2	2.1104	2019	1	1.0552
4370	widodo l.e.	0.3454	-0.4914	380	0	0	1	0	0	2019	0	0
4371	widodo y.	-0.1491	-0.6667	381	0	0	1	1	1.0552	2019	1	1.0552
4372	"widodo, fatkhan, christy viony n."	0.6572	-0.5945	382	0	0	1	0	0	2019	0	0
4373	widowati k.	0.2334	-0.2528	383	0	0	1	0	0	2019	0	0
4374	widowati s.	-0.4372	0.8406	384	0	0	1	0	0	2019	0	0
4375	widya permatasari a.	-0.8317	0.3897	385	0	0	1	0	0	2019	0	0
4376	widyadharma p.h.	0.1911	0.4781	386	0	0	1	0	0	2019	0	0
4377	widyani y.	-0.5708	0.424	387	0	0	4	0	0	2019	0	0
4378	widyaningrum d.	0.8692	0.3267	388	0	0	1	1	1.0552	2019	1	1.0552
4379	widyanti a.	-0.7022	-0.4644	389	0	0	12	4	4.2208	2019	0.3333	0.3517
4380	widyanto b.	0.5872	-0.2474	390	0	0	3	0	0	2019	0	0
4381	widyantoro d.h.	0.2766	-0.1968	391	0	0	12	5	5.276	2019	0.4167	0.4397
4382	widyarta b.	-0.1435	-0.7082	392	0	0	1	0	0	2019	0	0
4383	widyasari r.	0.7645	0.0112	393	0	0	1	0	0	2019	0	0
4384	widyastuti i.	-0.6307	-0.0672	394	0	0	1	1	1.0552	2019	1	1.0552
4385	widyastuti r.	0.456	-0.6296	395	0	0	3	0	0	2019	0	0
4386	widyastuti t.	0.1099	0.9121	9	6	6	2	4	4.2208	2019	2	2.1104
4387	widyatama p.z.	-0.2369	0.8306	396	0	0	1	0	0	2019	0	0
4388	widyawati y.r.	0.3213	-0.2584	397	0	0	1	1	1.0552	2019	1	1.0552
4389	widyotriatmo a.	-0.6959	0.1651	398	0	0	15	6	6.3312	2019	0.4	0.4221
4390	widyowijatnoko a.	-0.0883	-0.0679	399	0	0	1	0	0	2019	0	0
4391	wiguna d.a.	0.353	-0.5558	400	0	0	1	0	0	2019	0	0
4392	wijanarko e.	0.447	-0.1134	401	0	0	1	0	0	2019	0	0
4393	wijanarko f.	0.4365	0.7564	402	0	0	1	2	2.1104	2019	2	2.1104
4394	wijanarto a.b.	0.4073	0.8559	403	0	0	1	0	0	2019	0	0
4395	wijanto h.	-0.7977	0.4804	20	4	4	5	1	1.0552	2019	0.2	0.211
4396	wijaya a.	0.2046	0.8163	404	0	0	1	0	0	2019	0	0
4397	wijaya a.r.	-0.0757	0.7035	405	0	0	1	0	0	2019	0	0
4398	wijaya b.h.	-0.7211	0.2603	406	0	0	1	0	0	2019	0	0
4399	wijaya d.d.	0.6162	0.4282	407	0	0	7	2	2.1104	2019	0.2857	0.3015
4400	wijaya j.a.	-0.4391	-0.109	408	0	0	1	0	0	2019	0	0
4401	wijaya k.p.	0.8448	-0.4332	409	0	0	2	2	2.1104	2019	1	1.0552
4402	wijaya r.i.	0.1271	-0.0324	410	0	0	1	0	0	2019	0	0
4403	wijaya r.n.	0.6664	-0.48	411	0	0	1	0	0	2019	0	0
4404	wijaya t.	0.2246	0.8617	412	0	0	1	1	1.0552	2019	1	1.0552
4405	wijayanto a.	0.5575	0.3418	413	0	0	1	1	1.0552	2019	1	1.0552
4406	wijayanto i.	0.0678	-0.9218	13	10	18	14	12	12.6624	2019	0.8571	0.9045
4407	wijayanto t.	-0.3687	0.5222	414	0	0	2	0	0	2019	0	0
4408	wijayanto y.n.	-0.096	0.5909	415	0	0	1	0	0	2019	0	0
4409	wijiutomo c.w.	-0.0888	0.5283	416	0	0	1	0	0	2019	0	0
4410	wikantika k.	0.8573	-0.2174	417	0	0	8	6	6.3312	2019	0.75	0.7914
4411	wikarsa l.	0.0259	0.6053	418	0	0	1	0	0	2019	0	0
4412	wikarsa s.	0.7046	-0.4356	419	0	0	1	2	2.1104	2019	2	2.1104
4413	wilffert b.	0.7106	0.4428	420	0	0	1	0	0	2019	0	0
4414	willyantho r.	-0.7264	-0.2887	421	0	0	1	0	0	2019	0	0
4415	wilujeng s.a.	-0.2688	0.5489	422	0	0	2	2	2.1104	2019	1	1.0552
4416	winanti n.	-0.8466	0.2761	423	0	0	2	1	1.0552	2019	0.5	0.5276
4417	winardhi c.w.	-0.2015	0.7181	424	0	0	1	0	0	2019	0	0
4418	winardhi s.	0.377	-0.87	425	0	0	2	0	0	2019	0	0
4419	winardi s.	0.0736	-0.0566	426	0	0	1	0	0	2019	0	0
4420	winarko t.	-0.072	-0.7858	427	0	0	1	0	0	2019	0	0
4421	winarto h.	0.7463	-0.0391	428	0	0	1	0	0	2019	0	0
4422	"winarto, widyantoro d.h."	-0.2689	-0.7952	429	0	0	1	0	0	2019	0	0
4423	winata t.	0.3152	-0.0787	430	0	0	3	0	0	2019	0	0
4424	windasari n.a.	-0.6117	-0.4235	431	0	0	1	0	0	2019	0	0
4425	windriyati y.n.	0.1407	0.5339	432	0	0	1	1	1.0552	2019	1	1.0552
4426	windupranata w.	0.9003	-0.2942	433	0	0	3	0	0	2019	0	0
4427	winduratna b.	0.0679	-0.9215	13	6	6	1	2	2.1104	2019	2	2.1104
4428	winkelman j.g.m.	0.1813	-0.9309	434	0	0	1	0	0	2019	0	0
4429	winna p.p.	0.5438	-0.3636	435	0	0	1	0	0	2019	0	0
4430	wirahadikusumah r.	0.7013	-0.5246	436	0	0	1	2	2.1104	2019	2	2.1104
4431	wiranata s.	-0.8144	-0.2258	437	0	0	1	6	6.3312	2019	6	6.3312
4432	wiranto g.	0.8159	-0.4824	438	0	0	1	0	0	2019	0	0
4433	wirasandi d.a.	-0.3106	-0.7088	439	0	0	1	0	0	2019	0	0
4434	wirasutisna k.r.	-0.8066	0.2959	440	0	0	1	0	0	2019	0	0
4435	wiratmadja i.i.	-0.5071	-0.0958	441	0	0	5	3	3.1656	2019	0.6	0.6331
4436	wirawan r.	0.0478	0.4282	442	0	0	1	0	0	2019	0	0
4437	wiriawan f.	-0.8375	-0.3634	443	0	0	1	0	0	2019	0	0
4438	wirth r.	-0.2211	-0.3866	1	13	19	1	9	9.4968	2019	9	9.4968
4439	wiryanto l.h.	-0.7187	-0.5503	444	0	0	1	0	0	2019	0	0
4440	wiryono s.k.	0.5576	0.0802	445	0	0	1	0	0	2019	0	0
4441	wisha u.j.	0.7472	0.123	446	0	0	1	0	0	2019	0	0
4442	wismiana e.	0.8561	0.4085	447	0	0	3	0	0	2019	0	0
4443	wistara n.j.	0.64	-0.207	448	0	0	1	1	1.0552	2019	1	1.0552
4444	wiyono s.	-0.2981	0.6736	449	0	0	1	0	0	2019	0	0
4445	wiyono s.h.	0.4032	-0.384	450	0	0	1	0	0	2019	0	0
4446	woltjer j.	-0.7655	0.1573	451	0	0	1	1	1.0552	2019	1	1.0552
4447	wongkaren h.j.	0.2309	0.895	452	0	0	1	0	0	2019	0	0
4448	wonorahardjo s.	0.4506	0.7968	453	0	0	4	1	1.0552	2019	0.25	0.2638
4449	woo e.m.	0.239	-0.6803	454	0	0	2	1	1.0552	2019	0.5	0.5276
4450	wright g.e.b.	-0.6551	0.2872	455	0	0	1	4	4.2208	2019	4	4.2208
4451	wu d.o.	0.0779	0.4923	456	0	0	1	1	1.0552	2019	1	1.0552
4452	wu h.	0.6983	-0.1748	457	0	0	1	1	1.0552	2019	1	1.0552
4453	wu k.-h.	0.8919	0.1942	5	12	12	2	10	10.552	2019	5	5.276
4454	wu k.c.-w.	-0.0821	0.829	458	0	0	1	6	6.3312	2019	6	6.3312
4455	wu x.	0.703	0.005	459	0	0	1	3	3.1656	2019	3	3.1656
4456	wulan asri l.a.t.	-0.4169	-0.6078	460	0	0	2	0	0	2019	0	0
4457	wulan septiani n.l.	-0.7502	0.1164	461	0	0	1	19	20.0488	2019	19	20.0488
4458	wulandari a.	-0.5451	0.6905	462	0	0	1	3	3.1656	2019	3	3.1656
4459	wulandari c.	-0.5833	0.5822	463	0	0	1	1	1.0552	2019	1	1.0552
4460	wulandari c.d.r.	-0.5978	0.7359	464	0	0	1	1	1.0552	2019	1	1.0552
4461	wulandari d.	0.1506	0.6777	465	0	0	1	1	1.0552	2019	1	1.0552
4462	wulandari h.	0.4462	-0.1986	466	0	0	5	0	0	2019	0	0
4463	wulandari h.r.t.	-0.1116	-0.7537	467	0	0	1	1	1.0552	2019	1	1.0552
4464	wulandari m.	-0.3381	-0.6532	468	0	0	2	1	1.0552	2019	0.5	0.5276
4465	wulandari p.	0.7903	-0.2454	469	0	0	2	0	0	2019	0	0
4466	wulandari r.a.	0.0662	0.0425	470	0	0	1	0	0	2019	0	0
4467	wulandari w.	-0.171	-0.793	471	0	0	5	3	3.1656	2019	0.6	0.6331
4468	wulandari y.	-0.8436	-0.1285	472	0	0	1	0	0	2019	0	0
4469	"wulandari, wulandari h."	-0.8979	-0.1714	473	0	0	1	0	0	2019	0	0
4470	wulansari a.	-0.5012	0.6099	474	0	0	1	3	3.1656	2019	3	3.1656
4471	wungu t.d.k.	0.8601	-0.3565	24	5	5	3	3	3.1656	2019	1	1.0552
4472	xianqi l.	0.3306	-0.8891	475	0	0	1	4	4.2208	2019	4	4.2208
4473	xu g.	0.1557	-0.2595	476	0	0	2	13	13.7176	2019	6.5	6.8588
4474	xu j.	-0.0367	0.5044	477	0	0	2	0	0	2019	0	0
4475	xu t.	0.3575	0.7396	478	0	0	2	9	9.4968	2019	4.5	4.7484
4476	xu y.	0.1664	-0.8993	479	0	0	2	26	27.4352	2019	13	13.7176
4477	xu z.	-0.6504	-0.311	480	0	0	1	17	17.9384	2019	17	17.9384
4478	yabuki a.	0.174	-0.3798	481	0	0	1	0	0	2019	0	0
4479	yakti b.p.	0.1555	-0.6973	482	0	0	1	0	0	2019	0	0
4480	yamaguchi j.	-0.3484	0.6573	483	0	0	1	5	5.276	2019	5	5.276
4481	yamauchi y.	0.3214	0.2268	7	13	18	7	60	63.3121	2019	8.5714	9.0446
4482	yamin a.	0.2775	-0.4977	484	0	0	2	2	2.1104	2019	1	1.0552
4483	yamin p.a.r.	-0.3676	-0.6933	485	0	0	1	2	2.1104	2019	2	2.1104
4484	yamin r.a.	-0.5558	0.7689	486	0	0	1	1	1.0552	2019	1	1.0552
4485	yan m.	-0.3163	-0.8549	487	0	0	3	24	25.3248	2019	8	8.4416
4486	yan x.-h.	-0.5049	0.7639	488	0	0	1	2	2.1104	2019	2	2.1104
4487	yang c.	-0.8904	0.3086	489	0	0	1	11	11.6072	2019	11	11.6072
4488	yang k.	0.6695	0.3466	490	0	0	1	1	1.0552	2019	1	1.0552
4489	yani s.	0.2447	-0.8769	491	0	0	2	1	1.0552	2019	0.5	0.5276
4490	yansyah h.	0.7917	-0.2941	492	0	0	1	0	0	2019	0	0
4491	yanti a.r.	-0.5541	0.2508	493	0	0	1	0	0	2019	0	0
4492	yanti p.p.	0.3672	-0.2094	494	0	0	1	0	0	2019	0	0
4493	yanti r.j.	0.6268	0.1035	495	0	0	1	0	0	2019	0	0
4494	yanuary t.h.	0.1546	-0.7613	496	0	0	1	0	0	2019	0	0
4495	yap c.s.	-0.2123	0.7793	497	0	0	1	2	2.1104	2019	2	2.1104
4496	yasaka p.	-0.683	0.2242	498	0	0	1	5	5.276	2019	5	5.276
4497	yasifa i.	0.8005	0.3442	499	0	0	1	0	0	2019	0	0
4498	yasmaniar g.	0.1367	-0.8167	500	0	0	2	0	0	2019	0	0
4499	yassierli	0.1956	-0.318	501	0	0	3	0	0	2019	0	0
4500	yastika p.e.	-0.4746	-0.1532	502	0	0	1	11	11.6072	2019	11	11.6072
4501	yates j.r.	0.6599	0.6162	2	6	6	1	9	9.4968	2019	9	9.4968
4502	yayusman l.	0.2747	0.9074	503	0	0	1	1	1.0552	2019	1	1.0552
4503	ye f.	0.5674	-0.1832	504	0	0	1	2	2.1104	2019	2	2.1104
4504	yenas n.	-0.6094	0.3347	505	0	0	1	0	0	2019	0	0
4505	yespin y.	0.3796	0.8272	506	0	0	1	3	3.1656	2019	3	3.1656
4506	yin m.	-0.0042	0.7731	507	0	0	1	11	11.6072	2019	11	11.6072
4507	yin s.	-0.3055	-0.7577	508	0	0	2	14	14.7728	2019	7	7.3864
4508	yogasatria g.	-0.5668	-0.0667	509	0	0	1	0	0	2019	0	0
4509	yogatama b.w.	-0.6878	-0.1915	510	0	0	1	1	1.0552	2019	1	1.0552
4510	yogi	-0.2363	0.6596	511	0	0	1	0	0	2019	0	0
4511	yogiandra a.f.	0.5425	-0.4306	512	0	0	1	0	0	2019	0	0
4512	"yohandri, munir a."	-0.9462	-0.0915	513	0	0	1	1	1.0552	2019	1	1.0552
4513	yohda m.	-0.5181	0.0739	514	0	0	1	2	2.1104	2019	2	2.1104
4514	yomeldi h.	0.6995	-0.2402	515	0	0	1	0	0	2019	0	0
4515	yonatan hamonangan y.	0.3004	-0.7716	516	0	0	1	0	0	2019	0	0
4516	yonezu k.	-0.5439	0.1412	517	0	0	1	1	1.0552	2019	1	1.0552
4517	yong k.-t.	-0.9447	-0.0651	518	0	0	1	11	11.6072	2019	11	11.6072
4518	yosephin m.	0.4055	-0.6411	519	0	0	1	0	0	2019	0	0
4519	yoshikawa h.	-0.5714	0.0426	520	0	0	1	0	0	2019	0	0
4520	yoshikawa k.	0.7293	0.0625	521	0	0	2	6	6.3312	2019	3	3.1656
4521	yoshino a.	0.1875	-0.0574	522	0	0	1	2	2.1104	2019	2	2.1104
4522	yoshino m.	0.3219	0.227	7	10	10	1	4	4.2208	2019	4	4.2208
4523	yosi m.	0.2523	-0.3752	523	0	0	1	0	0	2019	0	0
4524	yovita l.v.	0.5809	-0.5295	524	0	0	3	0	0	2019	0	0
4525	yu v.f.	0.0967	0.774	525	0	0	1	4	4.2208	2019	4	4.2208
4526	yu w.	0.8725	-0.2716	526	0	0	1	2	2.1104	2019	2	2.1104
4527	yudatama f.a.	0.0976	-0.5729	527	0	0	1	3	3.1656	2019	3	3.1656
4528	yudha c.s.	-0.2797	-0.6719	528	0	0	1	11	11.6072	2019	11	11.6072
4529	yudhiprawira m.	-0.393	-0.8248	529	0	0	1	3	3.1656	2019	3	3.1656
4530	yudhistira t.	0.2573	-0.9125	530	0	0	1	0	0	2019	0	0
4531	yudistira t.	0.5952	0.1857	531	0	0	9	4	4.2208	2019	0.4444	0.469
4532	yudoko g.	0.6979	-0.6346	37	2	4	8	12	12.6624	2019	1.5	1.5828
4533	yudokusumo l.	0.3042	0.733	532	0	0	1	0	0	2019	0	0
4534	yuherdha a.t.	-0.2493	0.8752	533	0	0	1	2	2.1104	2019	2	2.1104
4535	yulia p.s.	0.1995	-0.8482	534	0	0	1	0	0	2019	0	0
4536	yulianti l.	0.0948	0.635	535	0	0	2	0	0	2019	0	0
4537	"yulianti, danu, rustam e."	-0.6499	-0.4847	536	0	0	1	0	0	2019	0	0
4538	yuliantini a.	0.8687	0.3862	537	0	0	1	0	0	2019	0	0
4539	yuliantini l.	0.2486	-0.0688	538	0	0	1	5	5.276	2019	5	5.276
4540	yulianto e.	-0.5938	-0.4793	539	0	0	1	11	11.6072	2019	11	11.6072
4541	yulianto f.a.	0.8412	0.0602	540	0	0	1	0	0	2019	0	0
4542	yuliantoputri a.r.	-0.542	-0.1601	541	0	0	1	1	1.0552	2019	1	1.0552
4543	yulianty y.	-0.5924	-0.1263	542	0	0	1	0	0	2019	0	0
4544	yuliar s.	0.0289	-0.7115	543	0	0	1	0	0	2019	0	0
4545	yuliarto b.	0.3145	0.2224	7	17	26	23	92	97.0786	2019	4	4.2208
4546	yuliawan f.	0.465	-0.5636	544	0	0	1	0	0	2019	0	0
4547	yuliawati l.	0.6182	-0.7189	545	0	0	1	2	2.1104	2019	2	2.1104
4548	yulihastin e.	-0.1282	-0.8153	546	0	0	1	0	0	2019	0	0
4549	yuliza e.	0.7465	0.2968	547	0	0	7	2	2.1104	2019	0.2857	0.3015
4550	yunanda w.w.	-0.6465	0.4882	548	0	0	1	0	0	2019	0	0
4551	yunazwin nazaruddin y.	0.4219	-0.2613	549	0	0	1	0	0	2019	0	0
4552	yunginger r.	-0.237	-0.3305	10	7	14	3	9	9.4968	2019	3	3.1656
4553	yunianto m.	-0.1085	0.7803	550	0	0	1	0	0	2019	0	0
4554	yuniarni d.r.	-0.682	-0.2525	551	0	0	1	7	7.3864	2019	7	7.3864
4555	yuniarta t.a.	0.7868	-0.464	552	0	0	1	1	1.0552	2019	1	1.0552
4556	yuniarto a.	-0.049	-0.0689	553	0	0	1	0	0	2019	0	0
4557	yuniati	0.2051	-0.8915	554	0	0	1	0	0	2019	0	0
4558	yunita t.	-0.32	-0.8091	555	0	0	1	0	0	2019	0	0
4559	yunitasari i.	0.6854	-0.0575	556	0	0	1	0	0	2019	0	0
4560	yunus m.	-0.6338	0.5576	557	0	0	7	0	0	2019	0	0
4561	"yurika, suwarno, sianipar g.h.m."	0.3485	-0.7734	558	0	0	2	0	0	2019	0	0
4562	yusar d.	-0.5772	0.7529	559	0	0	1	0	0	2019	0	0
4563	yustiana y.	0.6165	-0.0766	560	0	0	1	0	0	2019	0	0
4564	yustianto p.	-0.1071	0.6509	561	0	0	1	1	1.0552	2019	1	1.0552
4565	yusuf a.t.	-0.399	0.5771	562	0	0	1	0	0	2019	0	0
4566	yusuf m.	0.5232	-0.5519	563	0	0	3	0	0	2019	0	0
4567	yusupandi f.	0.057	-0.6298	564	0	0	1	0	0	2019	0	0
4568	yutia s.n.	0.2801	-0.3133	565	0	0	1	0	0	2019	0	0
4569	yuwana martawirya y.	-0.6383	0.4414	566	0	0	1	0	0	2019	0	0
4570	yuwana y.	0.5019	-0.1558	567	0	0	1	0	0	2019	0	0
4571	yuwono b.	-0.5466	0.3078	568	0	0	1	1	1.0552	2019	1	1.0552
4572	yuwono k.a.	-0.7036	-0.3411	569	0	0	1	0	0	2019	0	0
4573	zaeni a.	-0.0592	-0.8337	570	0	0	5	2	2.1104	2019	0.4	0.4221
4574	zagorodnov v.	0.4092	-0.5807	571	0	0	1	2	2.1104	2019	2	2.1104
4575	zahra a.c.a.	0.2183	0.6023	572	0	0	1	1	1.0552	2019	1	1.0552
4576	zahra f.	-0.0337	0.5731	573	0	0	1	1	1.0552	2019	1	1.0552
4577	zahra n.	-0.6042	0.2681	574	0	0	1	0	0	2019	0	0
4578	zahra r.t.	0.4351	0.6563	575	0	0	1	0	0	2019	0	0
4579	zahra s.	0.1021	-0.7468	576	0	0	1	0	0	2019	0	0
4580	zaim y.	0.095	-0.4501	577	0	0	1	3	3.1656	2019	3	3.1656
4581	zainal abidin h.	-0.8886	0.3331	578	0	0	3	0	0	2019	0	0
4582	zaini i.n.	0.691	0.1174	579	0	0	2	12	12.6624	2019	6	6.3312
4583	zakaria h.	-0.8583	-0.1796	580	0	0	15	5	5.276	2019	0.3333	0.3517
4584	zakaria r.o.r.h.	-0.5408	-0.3318	581	0	0	1	1	1.0552	2019	1	1.0552
4585	zakaria z.	0.3766	-0.0725	582	0	0	1	1	1.0552	2019	1	1.0552
4586	zaki hamidi e.a.	-0.2065	0.5501	583	0	0	3	0	0	2019	0	0
4587	zakia i.	-0.9434	-0.0412	584	0	0	2	0	0	2019	0	0
4588	zakiah i.	0.9438	0.0765	585	0	0	1	0	0	2019	0	0
4589	zakiyah s.z.z.	-0.2085	0.8854	586	0	0	1	1	1.0552	2019	1	1.0552
4590	zakri k.w.	-0.2866	0.9029	587	0	0	3	0	0	2019	0	0
4591	zaky a.	0.8279	0.3861	588	0	0	2	0	0	2019	0	0
4592	zaky fahran l.g.	0.6437	-0.6378	589	0	0	1	0	0	2019	0	0
4593	zamal m.a.	-0.0082	-0.0864	590	0	0	1	3	3.1656	2019	3	3.1656
4594	zang w.	-0.3555	-0.0643	591	0	0	1	11	11.6072	2019	11	11.6072
4595	zaskia h.	0.7487	-0.5842	592	0	0	1	2	2.1104	2019	2	2.1104
4596	zazuli z.	-0.9013	0.2903	593	0	0	1	4	4.2208	2019	4	4.2208
4597	zen f.p.	-0.7313	-0.0335	34	4	19	22	10	10.552	2019	0.4545	0.4796
4598	zen n.	0.063	-0.1746	594	0	0	1	1	1.0552	2019	1	1.0552
4599	zendrato n.l.h.	0.4548	0.7032	595	0	0	1	2	2.1104	2019	2	2.1104
4600	zeng s.	0.1945	-0.642	596	0	0	1	11	11.6072	2019	11	11.6072
4601	zenonos a.	-0.5883	0.5322	597	0	0	1	4	4.2208	2019	4	4.2208
4602	zhang c.	-0.7887	-0.2643	598	0	0	1	23	24.2696	2019	23	24.2696
4603	zhang g.-j.	0.3334	-0.3678	599	0	0	1	1	1.0552	2019	1	1.0552
4604	zhang s.	-0.2943	0.6081	600	0	0	1	17	17.9384	2019	17	17.9384
4605	zhao w.	-0.4265	-0.8083	601	0	0	1	0	0	2019	0	0
4606	zhong z.	-0.7717	-0.317	602	0	0	2	1	1.0552	2019	0.5	0.5276
4607	zhu y.	0.1375	0.4636	603	0	0	1	0	0	2019	0	0
4608	zissis g.	0.0855	-0.689	604	0	0	3	1	1.0552	2019	0.3333	0.3517
4609	zohro'iyah h.	0.25	0.4984	605	0	0	1	0	0	2019	0	0
4610	zong y.	0.4608	-0.443	606	0	0	1	14	14.7728	2019	14	14.7728
4611	zoro r.	-0.0138	0.7068	607	0	0	8	1	1.0552	2019	0.125	0.1319
4612	zuhal l.r.	0.6823	-0.1175	608	0	0	4	9	9.4968	2019	2.25	2.3742
4613	zuhri catur candra m.	0.075	-0.502	609	0	0	2	0	0	2019	0	0
4614	zulaikah s.	-0.6153	-0.0034	610	0	0	1	0	0	2019	0	0
4615	zulfahmi m.	0.1407	-0.5127	611	0	0	1	0	0	2019	0	0
4616	zulfakriza z.	0.6351	-0.0139	612	0	0	1	0	0	2019	0	0
4617	"zulfakriza, joni, muzli"	-0.3213	0.5385	613	0	0	1	1	1.0552	2019	1	1.0552
4618	"zulfakriza, meilano i."	0.0432	-0.5495	614	0	0	1	4	4.2208	2019	4	4.2208
4619	"zulfakriza, sahara d.p."	-0.1162	0.8648	615	0	0	1	0	0	2019	0	0
4620	zulfi a.	-0.0649	-0.9283	25	7	10	1	4	4.2208	2019	4	4.2208
4621	zulfikar m.a.	-0.2388	0.9166	616	0	0	1	1	1.0552	2019	1	1.0552
4622	zulhadjri	0.2802	-0.722	617	0	0	1	2	2.1104	2019	2	2.1104
4623	zulhendry d.w.	0.3734	-0.837	618	0	0	1	1	1.0552	2019	1	1.0552
4624	zulkaidi d.	-0.5613	0.1953	619	0	0	2	0	0	2019	0	0
4625	zulkarnain m.f.	-0.4637	0.8293	620	0	0	2	0	0	2019	0	0
4626	zulkarnain n.	-0.5936	-0.3646	621	0	0	1	0	0	2019	0	0
4627	zulkifli e.	-0.0364	-0.6266	622	0	0	1	0	0	2019	0	0
4628	zunita m.	0.9453	0.054	623	0	0	4	6	6.3312	2019	1.5	1.5828
4629	zuraida s.	-0.8815	-0.3466	624	0	0	1	0	0	2019	0	0
