id	label	x	y	cluster	weight<Links>	weight<Total link strength>	weight<Documents>	weight<Citations>	weight<Norm. citations>	score<Avg. pub. year>	score<Avg. citations>	score<Avg. norm. citations>
3	abdillah a.a.	0.2773	0.626	5	3	3	10	2	1.9378	2019	0.2	0.1938
12	abdullah s.r.s.	0.3273	0.6534	8	9	36	2	19	18.4094	2019	9.5	9.2047
15	abdulloh a.	0.6482	0.6002	10	8	8	4	6	5.8135	2019	1.5	1.4534
19	abe t.	-0.3012	-0.8611	9	7	7	1	5	4.8446	2019	5	4.8446
33	adi a.c.	0.1538	0.9258	23	3	6	6	6	5.8135	2019	1	0.9689
78	agustia d.	0.8669	0.2551	14	8	8	4	16	15.5027	2019	4	3.8757
99	ahmad a.	0.8739	-0.0386	6	8	8	1	3	2.9068	2019	3	2.9068
102	ahmad h.	0.8742	-0.0518	6	27	36	39	75	72.6688	2019	1.9231	1.8633
111	"ahsa, singga s."	-0.8295	0.3106	2	10	10	1	0	0	2019	0	0
112	ahsan	-0.8301	0.308	2	10	38	9	1	0.9689	2019	0.1111	0.1077
113	ahsan a.	-0.8347	0.2957	2	33	74	11	33	31.9743	2019	3	2.9068
136	akbar r.r.	-0.6539	-0.6555	18	10	17	3	6	5.8135	2019	2	1.9378
144	al fauzi a.	-0.3788	0.8454	21	8	8	2	6	5.8135	2019	3	2.9068
153	al-azzawi a.a.	0.8737	-0.0386	6	7	7	5	4	3.8757	2019	0.8	0.7751
157	al-hiti a.s.	0.8736	-0.0156	7	5	5	1	10	9.6892	2019	10	9.6892
158	al-masoodi a.h.h.	0.8733	-0.0157	7	5	5	4	17	16.4716	2019	4.25	4.1179
159	al-nubi m.a.a.	-0.9227	0.0886	27	6	6	1	4	3.8757	2019	4	3.8757
164	alam j.	-0.9112	-0.1666	12	10	13	3	4	3.8757	2019	1.3333	1.2919
165	alam m.j.	-0.9122	-0.1675	12	9	16	17	7	6.7824	2019	0.4118	0.399
172	albertson b.g.	0.6459	-0.6624	20	9	9	1	4	3.8757	2019	4	3.8757
194	alida a.	0.7959	-0.3759	25	6	6	1	4	3.8757	2019	4	3.8757
205	almukhtar a.a.	0.874	-0.0386	6	7	7	5	4	3.8757	2019	0.8	0.7751
213	ama f.	0.616	0.5972	3	4	6	4	4	3.8757	2019	1	0.9689
215	amala s. s.m.	-0.902	-0.0147	30	5	5	1	0	0	2019	0	0
221	amalia r.c.	-0.606	0.7223	24	3	3	1	5	4.8446	2019	5	4.8446
226	amanda e.r.	0.6505	0.6041	10	5	5	1	2	1.9378	2019	2	1.9378
236	amin m.	-0.7456	-0.5381	28	8	9	9	20	19.3783	2019	2.2222	2.1531
248	amir m.s.	0.6459	-0.6622	20	10	17	6	4	3.8757	2019	0.6667	0.6459
256	ana e.	0.4596	0.6676	16	4	4	3	2	1.9378	2019	0.6667	0.6459
264	andadari d.p.p.s.	0.1534	0.9259	23	3	3	1	1	0.9689	2019	1	0.9689
268	andarini d.	-0.8316	0.3007	2	7	7	1	1	0.9689	2019	1	0.9689
277	andriani p.	0.46	0.6676	16	4	4	2	3	2.9068	2019	1.5	1.4534
282	andriyono s.	-0.9119	-0.1673	12	15	27	23	12	11.627	2019	0.5217	0.5055
290	anggraeni m.p.	0.8734	-0.0226	7	3	3	1	1	0.9689	2019	1	0.9689
305	annisha f.	0.2771	0.6257	5	4	4	1	0	0	2019	0	0
309	ansori a.n.m.	0.7241	0.482	15	12	46	9	52	50.3837	2019	5.7778	5.5982
313	anwar a.e.	0.4598	0.6678	16	4	4	1	1	0.9689	2019	1	0.9689
314	anwar c.	-0.2426	0.8489	17	7	11	6	6	5.8135	2019	1	0.9689
325	apsari r.	0.873	-0.0108	7	6	6	5	12	11.627	2019	2.4	2.3254
327	ardani i.g.a.w.	0.796	-0.3756	25	6	6	4	13	12.5959	2019	3.25	3.149
349	arfiati d.	0.2558	0.6082	5	5	5	1	1	0.9689	2019	1	0.9689
355	ariani m.d.	0.2013	-0.8938	11	6	6	2	2	1.9378	2019	1	0.9689
358	arianto p.	-0.8327	0.3017	2	7	7	1	1	0.9689	2019	1	0.9689
359	aridhyanti z.d.	0.253	0.6058	5	6	6	1	0	0	2019	0	0
367	arif m.a.a.	-0.0741	0.8941	4	5	5	1	1	0.9689	2019	1	0.9689
369	ariffin a.	-0.9227	0.0885	27	8	11	2	7	6.7824	2019	3.5	3.3912
370	arifianto d.	0.6603	0.5603	3	7	7	3	2	1.9378	2019	0.6667	0.6459
395	arliyani i.	0.616	0.5971	3	3	3	1	0	0	2019	0	0
398	armedya t.p.	0.6486	0.6006	10	10	13	3	5	4.8446	2019	1.6667	1.6149
402	arof h.	0.8731	-0.0105	7	12	13	8	30	29.0675	2019	3.75	3.6334
414	artono	0.198	-0.8936	11	8	8	2	0	0	2019	0	0
415	arundina i.	0.7652	-0.4283	1	11	12	2	7	6.7824	2019	3.5	3.3912
443	astuti p.a.s.	-0.8426	0.2724	33	4	4	2	7	6.7824	2019	3.5	3.3912
445	astuti s.d.	0.6613	0.5594	3	13	21	9	15	14.5338	2019	1.6667	1.6149
454	athiyah u.	-0.5684	0.6193	31	3	3	7	6	5.8135	2019	0.8571	0.8305
455	athiyyah a.f.	-0.3021	-0.8607	9	7	7	13	13	12.5959	2019	1	0.9689
488	ayuningtyas n.f.	0.778	-0.4019	1	13	17	2	13	12.5959	2019	6.5	6.298
506	bagus qomaruddin m.	0.1539	0.9258	23	3	3	3	1	0.9689	2019	0.3333	0.323
510	baharom m.f.	0.8731	-0.0118	7	13	14	3	25	24.2229	2019	8.3333	8.0743
514	baig i.	-0.9228	0.0886	27	7	7	1	3	2.9068	2019	3	2.9068
517	bakhtiar d.a.	0.1976	-0.8936	11	2	2	1	2	1.9378	2019	2	1.9378
524	bandow k.	0.6455	-0.6626	20	9	9	2	4	3.8757	2019	2	1.9378
544	bayang l.	0.8739	-0.0501	6	4	4	1	2	1.9378	2019	2	1.9378
575	bramantoro t.	0.2023	-0.8938	11	5	5	23	30	29.0675	2019	1.3043	1.2638
585	budiarto b.	-0.0619	0.8945	4	4	4	1	1	0.9689	2019	1	0.9689
586	"budiarto, diyantoro"	-0.4218	0.6163	41	1	1	1	3	2.9068	2019	3	2.9068
588	budiatin a.s.	0.6655	0.5521	3	4	4	3	9	8.7203	2019	3	2.9068
593	budirahayu t.	-0.9021	-0.0148	30	5	5	1	0	0	2019	0	0
599	bukhari a.	-0.3786	0.8455	21	4	4	1	0	0	2019	0	0
601	bushy a.	-0.902	-0.0149	30	3	3	2	11	10.6581	2019	5.5	5.329
602	buskens e.	0.6801	0.2077	34	6	12	2	5	4.8446	2019	2.5	2.4223
612	cahyo n.p.d.	-0.4745	0.7918	32	3	3	1	3	2.9068	2019	3	2.9068
616	candra y.a.	0.2528	0.6056	5	3	3	1	4	3.8757	2019	4	3.8757
628	chamidah n.	0.4586	0.6664	16	16	28	18	45	43.6013	2019	2.5	2.4223
646	cheng x.s.	0.8738	-0.0387	6	8	8	2	3	2.9068	2019	1.5	1.4534
655	choi c.g.	-0.911	-0.1663	12	5	5	1	0	0	2019	0	0
661	chong w.y.	0.8745	-0.0608	6	6	6	1	2	1.9378	2019	2	1.9378
665	chrismanto d.	-0.0473	-0.7066	35	3	3	1	1	0.9689	2019	1	0.9689
668	"christinawati, pandin m.g.r."	-0.1183	-0.922	22	2	2	1	4	3.8757	2019	4	3.8757
677	chusniati s.	-0.0738	0.8941	4	6	7	2	0	0	2019	0	0
703	dahlui m.	-0.8198	-0.4304	19	10	15	6	18	17.4405	2019	3	2.9068
712	damayanti n.a.	0.1532	0.9259	23	3	3	16	1	0.9689	2019	0.0625	0.0606
723	darma a.	-0.3022	-0.8614	9	7	7	13	13	12.5959	2019	1	0.9689
724	darmanto w.	0.7247	0.481	15	9	29	13	51	49.4148	2019	3.9231	3.8011
729	darmokoesoemo h.	0.6007	0.6042	3	6	8	7	3	2.9068	2019	0.4286	0.4153
733	das s.	0.8739	-0.0387	6	9	13	9	16	15.5027	2019	1.7778	1.7225
745	deng l.	-0.3021	-0.8621	9	7	7	1	5	4.8446	2019	5	4.8446
750	desiandura k.	-0.0473	-0.7066	35	3	3	1	1	0.9689	2019	1	0.9689
751	destio r.	0.3755	0.687	8	5	5	1	1	0.9689	2019	1	0.9689
758	devy s.r.	0.1537	0.9258	23	3	3	9	2	1.9378	2019	0.2222	0.2153
762	dewi d.m.s.k.	-0.8427	0.2722	33	5	5	1	4	3.8757	2019	4	3.8757
786	dhar a.	0.8735	-0.0388	6	9	13	10	16	15.5027	2019	1.6	1.5503
794	diana r.	0.1537	0.9259	23	3	6	3	3	2.9068	2019	1	0.9689
795	dianawati w.	0.8667	0.255	14	9	9	3	15	14.5338	2019	5	4.8446
802	dina n.z.	-0.4903	-0.253	39	4	4	2	3	2.9068	2019	1.5	1.4534
803	dinana z.	-0.3026	-0.8606	9	7	7	3	9	8.7203	2019	3	2.9068
804	dinaryanti a.	0.7787	-0.4022	1	20	52	8	40	38.7567	2019	5	4.8446
818	"diyantoro, wardhana d.k."	-0.4218	0.6163	41	3	3	1	1	0.9689	2019	1	0.9689
832	doan y.h.	-0.3024	-0.8615	9	7	7	1	5	4.8446	2019	5	4.8446
851	dwi ariani m.	-0.1204	-0.8146	42	3	3	2	0	0	2019	0	0
853	dwi putranto t.	-0.5435	0.2398	26	3	3	1	1	0.9689	2019	1	0.9689
859	dwiputri a.w.	-0.568	0.6194	31	6	6	1	0	0	2019	0	0
863	dzikri m.f.	0.6486	0.6003	10	10	13	3	5	4.8446	2019	1.6667	1.6149
865	earlia n.	-0.7454	-0.5384	28	8	9	3	15	14.5338	2019	5	4.8446
870	efendi f.	-0.902	-0.0147	30	3	3	24	55	53.2904	2019	2.2917	2.2204
871	effendi m.h.	-0.0611	0.8947	4	10	12	5	13	12.5959	2019	2.6	2.5192
881	ekowati j.	-0.4746	0.7917	32	6	6	3	1	0.9689	2019	0.3333	0.323
887	eliyana a.	0.0058	-0.893	40	2	2	4	20	19.3783	2019	5	4.8446
896	eraiko k.	-0.2427	0.849	17	7	14	5	9	8.7203	2019	1.8	1.7441
904	ernawati d.s.	0.7749	-0.4157	1	36	101	16	67	64.9174	2019	4.1875	4.0573
911	"ernawati, eraiko k."	-0.2424	0.8494	17	7	14	1	0	0	2019	0	0
921	ertanti n.	0.7807	-0.3996	1	8	8	7	8	7.7513	2019	1.1429	1.1073
932	eunus a.t.m.	-0.9113	-0.1668	12	11	16	4	2	1.9378	2019	0.5	0.4845
933	evan tandiyono t.	0.3837	-0.851	29	2	2	1	3	2.9068	2019	3	2.9068
941	fadhlillah h.	-0.6059	0.7224	24	3	3	1	5	4.8446	2019	5	4.8446
944	fadilah i.	-0.0697	0.8944	4	6	6	1	0	0	2019	0	0
953	fahmi i.	0.3755	0.6874	8	5	5	1	1	0.9689	2019	1	0.9689
954	fahmi m.z.	0.6412	0.586	3	25	29	9	16	15.5027	2019	1.7778	1.7225
963	fajar j.k.	-0.6544	-0.6557	18	10	17	3	6	5.8135	2019	2	1.9378
974	faradisa i.	0.6656	0.5524	3	3	3	1	0	0	2019	0	0
979	farhana n.	-0.1204	-0.8144	42	2	2	1	1	0.9689	2019	1	0.9689
981	farida a.	-0.9021	-0.0149	30	5	5	1	0	0	2019	0	0
1023	fauzul imron m.	0.3293	0.6539	8	8	13	1	0	0	2019	0	0
1029	feenstra t.	0.6801	0.2076	34	6	12	2	5	4.8446	2019	2.5	2.4223
1055	firdauzy m.a.b.	0.2028	-0.8939	11	4	4	1	0	0	2019	0	0
1072	fitriani n.	0.3756	0.6874	8	9	10	10	9	8.7203	2019	0.9	0.872
1075	fitriyah n.	0.6605	0.5604	3	7	7	1	0	0	2019	0	0
1078	freeman b.	-0.8426	0.2726	33	4	4	2	7	6.7824	2019	3.5	3.3912
1086	fujii y.	-0.3019	-0.8614	9	18	23	2	8	7.7513	2019	4	3.8757
1101	gemardi a.	0.3757	0.6875	8	5	5	2	1	0.9689	2019	0.5	0.4845
1109	ginting c.u.	0.3844	-0.8512	29	1	1	1	0	0	2019	0	0
1110	goettsch w.	0.68	0.2076	34	6	12	2	5	4.8446	2019	2.5	2.4223
1122	gunawan a.	-0.6542	-0.6553	18	10	17	2	3	2.9068	2019	1.5	1.4534
1139	gusti k.h.	0.4595	0.6674	16	8	12	1	9	8.7203	2019	9	8.7203
1147	hadi p.	0.7655	-0.429	1	4	4	2	1	0.9689	2019	0.5	0.4845
1163	hai doan y.	-0.3021	-0.861	9	18	18	1	3	2.9068	2019	3	2.9068
1176	hamid i.s.	-0.4744	0.7919	32	6	6	6	6	5.8135	2019	1	0.9689
1181	hamidah	0.8667	0.255	14	7	7	4	1	0.9689	2019	0.25	0.2422
1185	hamisu a.m.	-0.9225	0.0888	27	8	11	2	7	6.7824	2019	3.5	3.3912
1193	hanani a.	0.2026	-0.8938	11	5	5	1	5	4.8446	2019	5	4.8446
1197	handayani a.	0.8664	0.255	14	7	7	1	28	27.1297	2019	28	27.1297
1207	handiyatno d.	-0.0473	-0.7067	35	3	3	1	1	0.9689	2019	1	0.9689
1238	hariadi m.	-0.0717	0.8943	4	10	11	3	2	1.9378	2019	0.6667	0.6459
1245	harijanti k.	0.7774	-0.4033	1	11	11	1	3	2.9068	2019	3	2.9068
1283	harun s.w.	0.8734	-0.0198	7	28	43	43	102	98.8295	2019	2.3721	2.2984
1287	harymawan i.	0.8665	0.255	14	7	7	10	82	79.4512	2019	8.2	7.9451
1294	hasan v.	0.2487	0.6029	5	6	13	6	10	9.6892	2019	1.6667	1.6149
1303	hassan m.t.	-0.911	-0.1667	12	5	5	1	0	0	2019	0	0
1306	hastutiek p.	-0.0616	0.8946	4	4	4	4	6	5.8135	2019	1.5	1.4534
1309	hatta m.	-0.3793	0.8454	21	4	4	2	0	0	2019	0	0
1314	hayaza s.	0.7242	0.482	15	12	55	10	76	73.6377	2019	7.6	7.3638
1324	hendarti h.t.	0.7651	-0.4283	1	4	4	2	1	0.9689	2019	0.5	0.4845
1336	hendrianto e.	0.7792	-0.402	1	18	37	6	27	26.1608	2019	4.5	4.3601
1338	hendrijanti n.	0.1979	-0.8935	11	2	2	1	2	1.9378	2019	2	1.9378
1340	hendrinto e.	0.7784	-0.4022	1	13	17	1	13	12.5959	2019	13	12.5959
1345	herdiansyah a.	-0.2428	0.8488	17	5	5	1	0	0	2019	0	0
1346	herianingrum s.	-0.6059	0.7223	24	3	3	7	9	8.7203	2019	1.2857	1.2458
1347	heriansyah t.	-0.6542	-0.6555	18	10	17	3	6	5.8135	2019	2	1.9378
1352	hermansyah a.	-0.5684	0.6192	31	7	7	2	4	3.8757	2019	2	1.9378
1364	hertika a.m.s.	0.2559	0.6083	5	5	5	1	1	0.9689	2019	1	0.9689
1372	hidajati h.	0.1976	-0.8936	11	2	2	1	2	1.9378	2019	2	1.9378
1374	hidanah s.	-0.0738	0.8941	4	7	10	4	3	2.9068	2019	0.75	0.7267
1384	hidayat w.	0.3841	-0.8511	29	3	3	2	3	2.9068	2019	1.5	1.4534
1388	hidayati d.	0.2528	0.6059	5	3	3	2	4	3.8757	2019	2	1.9378
1398	hikmawati d.	0.6656	0.5522	3	4	5	10	11	10.6581	2019	1.1	1.0658
1408	hisyam m.a.m.	-0.0618	0.8946	4	4	4	1	4	3.8757	2019	4	3.8757
1414	hossain a.	-0.9113	-0.1668	12	10	13	1	2	1.9378	2019	2	1.9378
1415	hossain m.a.r.	-0.9111	-0.1669	12	5	5	1	0	0	2019	0	0
1421	howe l.d.	-0.8197	-0.4305	19	6	6	1	0	0	2019	0	0
1435	husada d.	0.7907	-0.4146	38	6	11	7	8	7.7513	2019	1.1429	1.1073
1437	husen s.a.	0.7237	0.4821	15	12	55	9	64	62.0107	2019	7.1111	6.8901
1440	husodo k.r.d.	0.7961	-0.3755	25	6	6	1	11	10.6581	2019	11	10.6581
1446	hutama s.a.	-0.6542	-0.6558	18	9	9	1	0	0	2019	0	0
1462	ida r.	-0.4775	-0.8007	36	2	2	2	3	2.9068	2019	1.5	1.4534
1465	idroes r.	-0.7456	-0.5381	28	5	5	2	13	12.5959	2019	6.5	6.298
1469	ihsan i.s.	0.7787	-0.4021	1	20	52	5	40	38.7567	2019	8	7.7513
1473	ilmi b.	-0.8292	0.3112	2	12	13	1	4	3.8757	2019	4	3.8757
1483	imron m.f.	0.3364	0.6563	8	13	109	10	88	85.2647	2019	8.8	8.5265
1486	inayatillah b.	0.7234	0.4827	15	6	10	1	5	4.8446	2019	5	4.8446
1500	indrasari m.	-0.5436	0.2397	26	3	3	1	5	4.8446	2019	5	4.8446
1515	irawan b.	0.2537	0.6063	5	11	11	9	11	10.6581	2019	1.2222	1.1842
1522	irawati s.	0.68	0.2075	34	6	12	2	5	4.8446	2019	2.5	2.4223
1548	iskandar r.p.d.	0.796	-0.3756	25	6	6	3	11	10.6581	2019	3.6667	3.5527
1549	islam a.a.	-0.3787	0.8454	21	4	4	1	0	0	2019	0	0
1553	ismail a.f.	0.6507	0.6038	10	8	11	2	4	3.8757	2019	2	1.9378
1556	ismail m.f.	0.8742	-0.0509	6	9	12	10	23	22.2851	2019	2.3	2.2285
1558	ismail n.‘.	0.3278	0.6531	8	9	36	2	19	18.4094	2019	9.5	9.2047
1569	isnadina d.r.m.	0.3756	0.6873	8	7	7	4	5	4.8446	2019	1.25	1.2111
1574	isnalita	0.8661	0.2549	14	4	4	1	0	0	2019	0	0
1580	"istiati, nirwana i."	0.7648	-0.4286	1	4	4	1	1	0.9689	2019	1	0.9689
1587	istiqomah s.	0.7231	0.4831	15	6	10	1	5	4.8446	2019	5	4.8446
1606	i’tishom r.r.	-0.2423	0.8491	17	5	5	1	1	0.9689	2019	1	0.9689
1608	jafry a.a.a.	0.873	-0.0108	7	6	6	3	10	9.6892	2019	3.3333	3.2297
1609	jago r.	-0.8198	-0.4305	19	6	6	1	0	0	2019	0	0
1610	jalaludin j.	-0.8335	0.3027	2	7	7	6	0	0	2019	0	0
1611	jalaludin m.y.	-0.8198	-0.4305	19	10	15	5	17	16.4716	2019	3.4	3.2943
1633	jo h.	-0.9225	0.0888	27	6	6	1	4	3.8757	2019	4	3.8757
1638	johanes nugroho eko p.	0.5557	-0.7539	37	3	3	1	0	0	2019	0	0
1640	johnson l.	-0.8197	-0.4304	19	6	6	2	5	4.8446	2019	2.5	2.4223
1660	"juniastuti, raharjo d."	-0.3014	-0.8615	9	7	7	1	5	4.8446	2019	5	4.8446
1687	kamely a.a.	0.8737	-0.0486	6	7	7	2	5	4.8446	2019	2.5	2.4223
1689	kamil m.	-0.3786	0.8454	21	4	4	3	3	2.9068	2019	1	0.9689
1698	kang h.-e.	-0.9125	-0.1678	12	4	4	1	1	0.9689	2019	1	0.9689
1706	karsari d.	0.781	-0.3997	1	8	8	7	8	7.7513	2019	1.1429	1.1073
1710	kartikasari a.m.	-0.4747	0.7917	32	3	3	1	3	2.9068	2019	3	2.9068
1716	kartini i.	0.653	0.6081	10	2	4	2	4	3.8757	2019	2	1.9378
1718	kartono	-0.4903	-0.253	39	3	3	1	2	1.9378	2019	2	1.9378
1727	kasim n.	0.873	-0.0107	7	6	6	1	7	6.7824	2019	7	6.7824
1729	katayama k.	-0.3018	-0.8613	9	18	23	2	8	7.7513	2019	4	3.8757
1736	kawasaki k.	-0.7268	0.5665	13	13	17	4	7	6.7824	2019	1.75	1.6956
1737	kawasaki m.	-0.7269	0.5663	13	13	17	4	7	6.7824	2019	1.75	1.6956
1752	ketut sudiana i.	0.5556	-0.7538	37	3	3	5	1	0.9689	2019	0.2	0.1938
1755	khairan k.	-0.7454	-0.5385	28	5	5	2	13	12.5959	2019	6.5	6.298
1756	"khairan, idroes r."	-0.7456	-0.5381	28	6	6	1	2	1.9378	2019	2	1.9378
1758	khairunisa s.q.	0.6488	0.6008	10	7	7	4	3	2.9068	2019	0.75	0.7267
1759	khalil m.a.s.	-0.9111	-0.1665	12	5	5	1	0	0	2019	0	0
1772	kholidah h.	-0.6057	0.7224	24	6	6	1	6	5.8135	2019	6	5.8135
1790	kim g.	-0.9125	-0.1677	12	6	6	2	3	2.9068	2019	1.5	1.4534
1792	kim h.-w.	-0.9119	-0.1672	12	15	27	19	9	8.7203	2019	0.4737	0.459
1797	kim k.s.	-0.9114	-0.1666	12	5	5	2	0	0	2019	0	0
1798	kim n.-k.	-0.9126	-0.1677	12	4	4	3	1	0.9689	2019	0.3333	0.323
1822	kitamura a.	-0.7271	0.5666	13	7	7	1	4	3.8757	2019	4	3.8757
1833	kodama y.	-0.727	0.5665	13	7	7	2	5	4.8446	2019	2.5	2.4223
1836	koerniasari	-0.2424	0.8491	17	7	14	3	7	6.7824	2019	2.3333	2.2608
1840	koesdarto s.	-0.0604	0.8948	4	4	4	4	3	2.9068	2019	0.75	0.7267
1871	kulsum u.m.i.	0.2531	0.6059	5	6	6	1	0	0	2019	0	0
1878	kuncoro e.p.	0.6033	0.603	3	12	16	12	4	3.8757	2019	0.3333	0.323
1880	kuncoroningrat susilo r.j.	0.7233	0.4825	15	6	10	1	5	4.8446	2019	5	4.8446
1883	kuntjoro m.	0.1974	-0.8936	11	2	2	1	2	1.9378	2019	2	1.9378
1901	kurniasari n.m.d.	-0.8425	0.2727	33	4	4	3	9	8.7203	2019	3	2.9068
1906	kurniawan a.	0.4596	0.668	16	4	4	4	4	3.8757	2019	1	0.9689
1916	kurniawan s.b.	0.3358	0.6561	8	13	116	11	88	85.2647	2019	8	7.7513
1958	kusumasondjaja s.	-0.0203	-0.9502	44	1	1	2	7	6.7824	2019	3.5	3.3912
1972	kusuyama j.	0.6458	-0.6624	20	10	17	3	4	3.8757	2019	1.3333	1.2919
1975	kuswanto p.a.	0.6008	0.6043	3	5	5	1	0	0	2019	0	0
1980	laila n.	-0.6058	0.7224	24	6	6	5	8	7.7513	2019	1.6	1.5503
1982	lailiyah s.	-0.8427	0.2722	33	5	5	1	4	3.8757	2019	4	3.8757
1984	lain b.	-0.8351	0.3027	2	7	14	2	1	0.9689	2019	0.5	0.4845
1987	laksono a.d.	-0.4066	-0.6851	43	2	4	5	15	14.5338	2019	3	2.9068
1991	laksono v.	0.7771	-0.4045	1	13	15	1	9	8.7203	2019	9	8.7203
2003	laraswati n.k.p.	-0.3785	0.8454	21	4	4	1	0	0	2019	0	0
2004	lasmana m.s.	0.8665	0.2551	14	4	4	1	0	0	2019	0	0
2005	lastuti n.d.r.	-0.0475	-0.7068	35	6	6	5	3	2.9068	2019	0.6	0.5814
2011	latiff a.a.	0.8732	-0.0114	7	13	14	9	39	37.7878	2019	4.3333	4.1986
2021	lee c.s.j.	0.8743	-0.061	6	5	5	1	8	7.7513	2019	8	7.7513
2034	lee s.r.	-0.9121	-0.1674	12	7	9	5	5	4.8446	2019	1	0.9689
2044	lestari b.	0.4589	0.6663	16	16	24	7	20	19.3783	2019	2.8571	2.7683
2093	lusida m.i.	-0.3019	-0.861	9	18	23	6	11	10.6581	2019	1.8333	1.7763
2107	ma'arif s.	0.0058	-0.893	40	2	2	1	17	16.4716	2019	17	16.4716
2108	ma'rifah z.a.	0.6604	0.5602	3	7	7	1	0	0	2019	0	0
2109	ma'ruf a.	-0.0474	-0.7068	35	5	5	2	0	0	2019	0	0
2119	madyan m.	0.3839	-0.8511	29	5	5	7	9	8.7203	2019	1.2857	1.2458
2120	madyawati s.p.	-0.0699	0.8944	4	9	11	3	2	1.9378	2019	0.6667	0.6459
2121	maeda t.	-0.7272	0.566	13	7	7	5	9	8.7203	2019	1.8	1.7441
2133	mahardika m.r.	0.1977	-0.8936	11	8	8	1	0	0	2019	0	0
2137	mahdani f.y.	0.765	-0.4283	1	4	4	2	1	0.9689	2019	0.5	0.4845
2139	mahmood q.k.	-0.4776	-0.8006	36	2	2	1	1	0.9689	2019	1	0.9689
2140	mahmud a.f.	0.6605	0.5601	3	7	7	1	0	0	2019	0	0
2147	mahmudiono t.	0.1536	0.9258	23	9	12	5	4	3.8757	2019	0.8	0.7751
2148	mahuhara w.	0.6008	0.6043	3	5	5	1	1	0.9689	2019	1	0.9689
2149	mahuhara y.s.w.	0.6003	0.6044	3	5	5	1	0	0	2019	0	0
2150	mahyuddin m.b.h.	0.8731	-0.0109	7	6	6	3	9	8.7203	2019	3	2.9068
2157	majid h.a.	-0.8199	-0.4304	19	10	15	5	17	16.4716	2019	3.4	3.2943
2159	makady a.	0.68	0.2076	34	6	12	2	5	4.8446	2019	2.5	2.4223
2166	malek n.a.n.n.	0.6503	0.6034	10	8	8	1	2	1.9378	2019	2	1.9378
2171	malliakas c.d.	-0.9225	0.0888	27	7	7	1	3	2.9068	2019	3	2.9068
2197	mardiyana s.d.	0.7653	-0.4291	1	4	4	1	1	0.9689	2019	1	0.9689
2210	marjianto r.s.	-0.4903	-0.253	39	3	3	1	1	0.9689	2019	1	0.9689
2221	martono m.	-0.902	-0.0148	30	3	3	2	8	7.7513	2019	4	3.8757
2236	masithah e.	0.2772	0.6258	5	4	4	1	0	0	2019	0	0
2237	masithah e.d.	0.2772	0.6256	5	3	3	22	9	8.7203	2019	0.4091	0.3964
2241	maspiyah m.	-0.8292	0.3114	2	12	13	1	4	3.8757	2019	4	3.8757
2251	mas’udah s.	-0.4777	-0.8005	36	6	6	4	1	0.9689	2019	0.25	0.2422
2256	matsuguchi t.	0.646	-0.6626	20	10	17	3	4	3.8757	2019	1.3333	1.2919
2257	matsui c.	-0.3028	-0.8613	9	7	7	1	5	4.8446	2019	5	4.8446
2259	matulessy a.	-0.1181	-0.922	22	4	4	1	6	5.8135	2019	6	5.8135
2271	mawardi i.	-0.6059	0.7224	24	3	3	5	5	4.8446	2019	1	0.9689
2276	mayasari e.d.	-0.6543	-0.6559	18	10	10	1	3	2.9068	2019	3	2.9068
2277	ma’rifah f.	0.2563	0.6086	5	5	5	1	3	2.9068	2019	3	2.9068
2286	megat badarul hisham p.n.	0.7959	-0.376	25	6	6	1	4	3.8757	2019	4	3.8757
2288	meguro f.	-0.7268	0.5665	13	13	17	4	7	6.7824	2019	1.75	1.6956
2301	mensana m.p.	0.7907	-0.4147	38	6	11	2	6	5.8135	2019	3	2.9068
2328	mohamed m.n.a.	-0.8198	-0.4305	19	10	15	3	11	10.6581	2019	3.6667	3.5527
2330	mohammadi s.	-0.8199	-0.4306	19	10	15	3	11	10.6581	2019	3.6667	3.5527
2332	monajemi h.	0.8738	-0.0501	6	4	4	3	3	2.9068	2019	1	0.9689
2378	mukti a.t.	0.2484	0.6023	5	4	5	3	6	5.8135	2019	2	1.9378
2389	mulyawan k.h.	-0.8427	0.2724	33	4	4	2	7	6.7824	2019	3.5	3.3912
2395	munajat y.	0.8731	-0.0109	7	6	6	1	7	6.7824	2019	7	6.7824
2404	muntini m.s.	0.8743	-0.0605	6	6	6	1	2	1.9378	2019	2	1.9378
2419	musa m.	0.2558	0.6079	5	5	5	2	3	2.9068	2019	1.5	1.4534
2420	"muslem, suhendra r."	-0.7456	-0.5381	28	6	6	1	2	1.9378	2019	2	1.9378
2441	muzakki	0.0054	-0.8927	40	2	2	1	17	16.4716	2019	17	16.4716
2451	nagai t.	-0.7266	0.5665	13	7	7	2	5	4.8446	2019	2.5	2.4223
2458	nakamura t.	0.6458	-0.6622	20	10	17	2	4	3.8757	2019	2	1.9378
2459	nakaniwa m.	-0.7268	0.5661	13	12	12	1	1	0.9689	2019	1	0.9689
2467	narmada i.	0.7959	-0.3759	25	6	6	2	5	4.8446	2019	2.5	2.4223
2468	narmada i.b.	0.7845	-0.3936	1	26	73	17	71	68.7931	2019	4.1765	4.0467
2476	nasih m.	0.8664	0.255	14	7	7	12	75	72.6688	2019	6.25	6.0557
2480	nasronudin n.	0.6487	0.6007	10	7	7	2	1	0.9689	2019	0.5	0.4845
2490	nasution p.d.a.	0.6003	0.6044	3	5	5	1	1	0.9689	2019	1	0.9689
2528	"nidhomuddin, chamidah n."	0.4593	0.6676	16	4	4	1	3	2.9068	2019	3	2.9068
2544	ningsih d.a.	0.375	0.6835	8	16	17	4	17	16.4716	2019	4.25	4.1179
2574	noguchi k.	0.6459	-0.6627	20	10	17	2	4	3.8757	2019	2	1.9378
2582	notopuro h.	0.2024	-0.8938	11	4	4	2	0	0	2019	0	0
2587	noviekayati i.g.a.a.	-0.1183	-0.9223	22	6	6	1	3	2.9068	2019	3	2.9068
2596	nugraha a.	0.7957	-0.3759	25	6	6	1	4	3.8757	2019	4	3.8757
2597	nugraha a.p.	0.7858	-0.399	1	31	93	14	77	74.6066	2019	5.5	5.329
2603	nugraheni g.	-0.5683	0.6192	31	3	3	3	4	3.8757	2019	1.3333	1.2919
2645	nursalam n.	-0.9021	-0.0148	30	3	3	14	34	32.9432	2019	2.4286	2.3531
2664	nuryono n.	0.653	0.6081	10	2	4	2	4	3.8757	2019	2	1.9378
2683	ohazama a.	-0.7268	0.5665	13	13	17	5	9	8.7203	2019	1.8	1.7441
2684	ohnishi t.	0.6457	-0.6624	20	10	17	3	4	3.8757	2019	1.3333	1.2919
2685	ok k.m.	-0.9228	0.0885	27	6	6	1	4	3.8757	2019	4	3.8757
2690	oki a.s.	-0.1204	-0.8144	42	3	3	4	3	2.9068	2019	0.75	0.7267
2695	oktavitri n.i.	0.4586	0.6666	16	2	2	6	7	6.7824	2019	1.1667	1.1304
2710	othman m.h.d.	0.6505	0.6036	10	8	11	2	4	3.8757	2019	2	1.9378
2722	palupi r.	0.2026	-0.8938	11	5	5	16	22	21.3162	2019	1.375	1.3323
2729	pandin m.g.r.	-0.1182	-0.9224	22	9	9	2	11	10.6581	2019	5.5	5.329
2739	papadaki a.	-0.8199	-0.4303	19	6	6	1	0	0	2019	0	0
2744	paramitasari y.i.	0.8665	0.255	14	7	7	1	28	27.1297	2019	28	27.1297
2757	parmadiati a.e.	0.7723	-0.4147	1	14	15	4	4	3.8757	2019	1	0.9689
2766	pathak y.	-0.8293	0.3111	2	12	13	8	19	18.4094	2019	2.375	2.3012
2770	"patricia, afifah r.n."	0.8734	-0.0227	7	4	4	1	0	0	2019	0	0
2771	paul m.c.	0.8736	-0.0387	6	9	13	10	16	15.5027	2019	1.6	1.5503
2786	permata a.h.	0.384	-0.8511	29	5	5	1	0	0	2019	0	0
2798	pikir b.s.	-0.6545	-0.6556	18	10	17	3	6	5.8135	2019	2	1.9378
2813	postma m.	0.68	0.2076	34	6	12	2	5	4.8446	2019	2.5	2.4223
2819	prabowo t.l.	-0.5437	0.2396	26	8	11	1	3	2.9068	2019	3	2.9068
2827	prahasanti c.	0.7776	-0.4037	1	17	30	5	27	26.1608	2019	5.4	5.2322
2833	prakoeswa c.	-0.7454	-0.5384	28	5	5	2	14	13.5648	2019	7	6.7824
2834	prakoeswa c.r.s.	-0.7454	-0.5385	28	6	6	12	8	7.7513	2019	0.6667	0.6459
2844	pramono y.h.	0.8744	-0.0607	6	6	6	1	2	1.9378	2019	2	1.9378
2868	prasetyo r.a.	0.7906	-0.4146	38	6	11	4	14	13.5648	2019	3.5	3.3912
2876	prastika z.	-0.4745	0.7918	32	3	3	1	3	2.9068	2019	3	2.9068
2879	pratama a.r.	-0.4745	0.7917	32	3	3	1	3	2.9068	2019	3	2.9068
2887	pratikto h.	-0.1181	-0.9222	22	6	6	1	3	2.9068	2019	3	2.9068
2924	pridianata v.e.	-0.8332	0.3009	2	7	7	1	0	0	2019	0	0
2940	pristianty l.	-0.5683	0.6192	31	6	6	2	0	0	2019	0	0
2942	priyanto b.	-0.3789	0.8454	21	9	10	2	1	0.9689	2019	0.5	0.4845
2956	punnapayak h.	0.725	0.4811	15	8	19	8	24	23.254	2019	3	2.9068
2970	purnama m.t.e.	-0.4745	0.7919	32	7	7	6	7	6.7824	2019	1.1667	1.1304
2976	purnamasari w.	0.6486	0.6012	10	7	7	1	1	0.9689	2019	1	0.9689
2980	purnobasuki h.	0.459	0.6664	16	2	2	6	3	2.9068	2019	0.5	0.4845
2998	purwanti i.f.	0.3285	0.6536	8	9	51	4	24	23.254	2019	6	5.8135
3006	"purwati, fahmi m.z."	0.6486	0.6	10	8	8	1	4	3.8757	2019	4	3.8757
3018	puspita p.s.	0.6617	0.5586	3	10	11	2	10	9.6892	2019	5	4.8446
3028	puspitawati a.	0.4593	0.6674	16	4	4	1	5	4.8446	2019	5	4.8446
3036	putra a.p.	0.6634	0.5562	3	17	21	12	21	20.3473	2019	1.75	1.6956
3037	putra a.r.s.	-0.0604	0.8948	4	4	4	1	1	0.9689	2019	1	0.9689
3046	putra k.g.	0.7791	-0.4006	1	13	19	1	7	6.7824	2019	7	6.7824
3056	putranti n.	0.796	-0.3758	25	6	6	1	4	3.8757	2019	4	3.8757
3059	putranto t.d.	-0.5437	0.2395	26	8	12	2	8	7.7513	2019	4	3.8757
3060	putranto t.w.c.	0.2535	0.6063	5	10	10	11	12	11.627	2019	1.0909	1.057
3078	putri n.k.	0.1537	0.9257	23	3	3	2	1	0.9689	2019	0.5	0.4845
3088	qomariyah a.	0.3844	-0.8512	29	2	2	1	2	1.9378	2019	2	1.9378
3119	radithia d.	0.7657	-0.4289	1	4	4	4	2	1.9378	2019	0.5	0.4845
3142	raharjo y.	0.6498	0.6019	10	16	24	4	9	8.7203	2019	2.25	2.1801
3149	rahayu r.p.	0.7653	-0.4285	1	11	12	6	8	7.7513	2019	1.3333	1.2919
3153	rahayuningsih s.	-0.1184	-0.9225	22	4	4	1	6	5.8135	2019	6	5.8135
3161	rahmad r.	-0.7455	-0.5384	28	5	5	2	13	12.5959	2019	6.5	6.298
3166	rahmadhani t.n.	-0.8292	0.3105	2	10	10	1	0	0	2019	0	0
3177	rahman m.f.a.	0.8731	-0.0128	7	19	23	7	40	38.7567	2019	5.7143	5.5367
3184	rahmaniar r.p.	-0.0608	0.8949	4	4	4	1	5	4.8446	2019	5	4.8446
3185	rahmaningtyas i.h.	-0.4745	0.7918	32	3	3	2	3	2.9068	2019	1.5	1.4534
3188	rahmawat p.	-0.8301	0.3108	2	10	10	1	0	0	2019	0	0
3189	rahmawati d.	0.7961	-0.3757	25	10	10	3	22	21.3162	2019	7.3333	7.1054
3193	rahmawati p.	-0.8313	0.3052	2	31	112	23	20	19.3783	2019	0.8696	0.8425
3218	ramadhani n.e.	-0.8356	0.3043	2	7	7	1	1	0.9689	2019	1	0.9689
3228	ramli r.	0.8744	-0.0561	6	4	4	4	0	0	2019	0	0
3234	rantam f.a.	0.7791	-0.4014	1	20	67	25	74	71.6999	2019	2.96	2.868
3237	ranuh r.g.	-0.3017	-0.8608	9	7	7	11	13	12.5959	2019	1.1818	1.1451
3239	rashid h.	0.8745	-0.0556	6	4	5	3	4	3.8757	2019	1.3333	1.2919
3244	ratibawan r.s.	-0.0743	0.8941	4	5	5	1	1	0.9689	2019	1	0.9689
3256	ratnasari r.t.	-0.606	0.7223	24	3	3	5	7	6.7824	2019	1.4	1.3565
3258	ratnawati t.	0.3837	-0.8509	29	2	2	1	3	2.9068	2019	3	2.9068
3265	reddy p.h.	0.8736	-0.0385	6	7	7	6	9	8.7203	2019	1.5	1.4534
3266	reduan s.a.	0.8743	-0.0608	6	5	5	3	15	14.5338	2019	5	4.8446
3283	rezkita f.	0.779	-0.4005	1	13	19	1	7	6.7824	2019	7	6.7824
3291	riawan w.	0.7806	-0.3998	1	12	16	4	15	14.5338	2019	3.75	3.6334
3303	rifky m.a.	-0.8348	0.3036	2	7	7	1	0	0	2019	0	0
3310	"rimayanti, sudjarwo s.a."	-0.2424	0.8489	17	5	5	1	0	0	2019	0	0
3319	rini r.a.p.	-0.1184	-0.9223	22	4	4	1	6	5.8135	2019	6	5.8135
3323	riska nur r.	0.3842	-0.8512	29	2	2	1	3	2.9068	2019	3	2.9068
3331	riyadi s.	-0.5439	0.2395	26	3	6	2	6	5.8135	2019	3	2.9068
3336	rizki a.	0.3842	-0.8512	29	2	2	1	3	2.9068	2019	3	2.9068
3338	rizky a.	-0.0737	0.8941	4	6	7	1	0	0	2019	0	0
3358	rohimtualeka a.	-0.8287	0.3022	2	7	7	1	0	0	2019	0	0
3361	rohman a.	-0.0472	-0.7066	35	3	3	3	6	5.8135	2019	2	1.9378
3378	rosenkranz r.r.	0.1536	0.9258	23	9	11	1	1	0.9689	2019	1	0.9689
3384	rostiny r.	0.1978	-0.8936	11	2	2	1	2	1.9378	2019	2	1.9378
3391	rosyidi r.m.	-0.3789	0.8454	21	9	10	2	1	0.9689	2019	0.5	0.4845
3411	rumambo pandin m.g.	-0.1183	-0.9223	22	4	4	2	7	6.7824	2019	3.5	3.3912
3414	rusdi m.f.m.	0.8734	-0.0107	7	6	6	5	18	17.4405	2019	3.6	3.4881
3416	ruslan n.e.	0.8746	-0.0612	6	5	5	1	8	7.7513	2019	8	7.7513
3419	rusmawarda g.l.	-0.8297	0.311	2	10	10	1	0	0	2019	0	0
3421	russen s.s.	-0.8289	0.3109	2	10	10	1	0	0	2019	0	0
3422	russeng s.s.	-0.8314	0.305	2	31	112	22	21	20.3473	2019	0.9545	0.9249
3433	sabdoningrum e.k.	-0.0738	0.8941	4	7	10	5	1	0.9689	2019	0.2	0.1938
3435	sabilla w.i.	-0.4905	-0.2529	39	3	3	1	2	1.9378	2019	2	1.9378
3446	safitri e.	-0.072	0.8942	4	15	24	14	9	8.7203	2019	0.6429	0.6229
3458	saifudin t.	0.3609	0.6729	8	4	4	3	1	0.9689	2019	0.3333	0.323
3465	saka p.n.b.	-0.6538	-0.6557	18	10	17	2	3	2.9068	2019	1.5	1.4534
3469	sakti s.c.w.	0.6485	0.6006	10	10	13	4	6	5.8135	2019	1.5	1.4534
3470	salam s.	0.8734	-0.0159	7	5	5	4	17	16.4716	2019	4.25	4.1179
3474	"salamun, ansori a.n.m."	0.7236	0.4823	15	9	13	1	12	11.627	2019	12	11.627
3481	salma e.r.h.	-0.8352	0.3049	2	7	7	1	0	0	2019	0	0
3483	salsabila k.v.	0.8671	0.2551	14	3	3	1	0	0	2019	0	0
3488	"samian, zaidan a.h."	0.8732	-0.0223	7	4	5	3	2	1.9378	2019	0.6667	0.6459
3490	samion m.z.	0.874	-0.0493	6	7	9	4	11	10.6581	2019	2.75	2.6645
3507	santoso d.	0.6505	0.6036	10	8	11	9	5	4.8446	2019	0.5556	0.5383
3510	santoso f.r.e.	0.3755	0.6869	8	5	5	1	1	0.9689	2019	1	0.9689
3524	saputri m.r.	0.2562	0.6082	5	5	5	1	3	2.9068	2019	3	2.9068
3534	saraswati k.a.	-0.6057	0.7224	24	6	6	1	6	5.8135	2019	6	5.8135
3536	sardjito t.	-0.0694	0.8944	4	6	6	2	6	5.8135	2019	3	2.9068
3560	sari r.k.	-0.8304	0.301	2	7	7	2	2	1.9378	2019	1	0.9689
3580	satino s.	-0.9018	-0.0145	30	3	3	1	8	7.7513	2019	8	7.7513
3590	saud m.	-0.4775	-0.8007	36	2	2	3	3	2.9068	2019	1	0.9689
3595	sawarjuwono t.	0.8672	0.2552	14	4	4	4	21	20.3473	2019	5.25	5.0868
3608	sebayang s.k.	-0.8426	0.2724	33	7	7	6	19	18.4094	2019	3.1667	3.0682
3614	segalita c.	0.1535	0.9258	23	9	12	5	4	3.8757	2019	0.8	0.7751
3617	semba i.	0.6454	-0.6625	20	10	17	3	4	3.8757	2019	1.3333	1.2919
3622	seong c.	0.6456	-0.6626	20	10	10	2	0	0	2019	0	0
3635	setianingsih h.	0.5555	-0.7538	37	6	7	2	2	1.9378	2019	1	0.9689
3639	setiawan c.d.	-0.568	0.6194	31	3	3	3	4	3.8757	2019	1.3333	1.2919
3652	setiawatie e.m.	0.6604	0.5602	3	7	7	3	0	0	2019	0	0
3653	setijaningrum e.	-0.4776	-0.8006	36	6	6	2	0	0	2019	0	0
3656	setijanto r.d.	0.2023	-0.8938	11	5	5	3	5	4.8446	2019	1.6667	1.6149
3685	shakir al-hiti a.	0.8734	-0.0145	7	9	11	1	8	7.7513	2019	8	7.7513
3692	sharpe p.t.	-0.7269	0.5667	13	7	7	2	5	4.8446	2019	2.5	2.4223
3696	sher f.	-0.4775	-0.8007	36	2	2	1	1	0.9689	2019	1	0.9689
3698	shima k.	0.6458	-0.6621	20	10	17	3	4	3.8757	2019	1.3333	1.2919
3699	shimizu h.	-0.3013	-0.8607	9	7	7	1	5	4.8446	2019	5	4.8446
3713	shoji i.	-0.3019	-0.8616	9	18	23	3	11	10.6581	2019	3.6667	3.5527
3724	sidarta e.p.	-0.6541	-0.6555	18	10	17	3	6	5.8135	2019	2	1.9378
3725	siddiq n.a.	0.8743	-0.0608	6	6	6	1	2	1.9378	2019	2	1.9378
3747	siswanto	0.6656	0.5524	3	3	3	2	1	0.9689	2019	0.5	0.4845
3749	"siswanto, hikmawati d."	0.2531	0.6058	5	6	6	4	1	0.9689	2019	0.25	0.2422
3761	soebadi b.	0.7908	-0.4147	38	6	6	3	4	3.8757	2019	1.3333	1.2919
3774	soedirham o.	-0.4066	-0.685	43	2	4	15	14	13.5648	2019	0.9333	0.9043
3775	soedjono e.	0.3755	0.687	8	5	5	2	1	0.9689	2019	0.5	0.4845
3776	soedjono e.s.	0.3756	0.6874	8	7	7	3	2	1.9378	2019	0.6667	0.6459
3777	soegianto a.	0.2816	0.6253	5	25	67	19	44	42.6323	2019	2.3158	2.2438
3787	soekobagiono s.	0.1979	-0.8937	11	2	2	1	2	1.9378	2019	2	1.9378
3793	"soemarno, widodo m.s."	0.2483	0.6024	5	4	10	3	4	3.8757	2019	1.3333	1.2919
3796	soepranianondo k.	-0.4217	0.6161	41	1	1	1	3	2.9068	2019	3	2.9068
3801	soesilawati p.	0.2024	-0.8938	11	4	4	3	0	0	2019	0	0
3805	soetjipto s.	0.5556	-0.7538	37	3	3	4	0	0	2019	0	0
3809	"soetjipto, sudarmo s.m."	-0.3011	-0.8618	9	7	7	1	5	4.8446	2019	5	4.8446
3810	"soetjipto, sudiana i.k."	0.5554	-0.7538	37	6	6	1	2	1.9378	2019	2	1.9378
3821	sohail m.m.	-0.4776	-0.8006	36	2	2	1	1	0.9689	2019	1	0.9689
3824	solichin r.	-0.8344	0.3017	2	7	7	2	0	0	2019	0	0
3841	srianto p.	-0.0698	0.8943	4	9	11	4	8	7.7513	2019	2	1.9378
3851	su t.t.	-0.8197	-0.4305	19	10	15	4	13	12.5959	2019	3.25	3.149
3868	subianto a.	0.1974	-0.8936	11	2	2	1	2	1.9378	2019	2	1.9378
3876	suciadi s.p.	0.778	-0.4019	1	13	17	1	13	12.5959	2019	13	12.5959
3908	sudjarwo g.w.	-0.2425	0.8496	17	3	3	1	2	1.9378	2019	2	1.9378
3909	sudjarwo s.	-0.2425	0.8489	17	7	8	3	5	4.8446	2019	1.6667	1.6149
3910	sudjarwo s.a.	-0.2427	0.8492	17	7	21	15	22	21.3162	2019	1.4667	1.4211
3912	sudrajad k.	-0.0702	0.8944	4	7	7	1	2	1.9378	2019	2	1.9378
3915	sufa s.a.	-0.5436	0.2398	26	3	3	1	1	0.9689	2019	1	0.9689
3919	sugiati n.	0.2772	0.6255	5	3	3	1	1	0.9689	2019	1	0.9689
3921	sugihartati r.	-0.5436	0.2399	26	3	3	9	11	10.6581	2019	1.2222	1.1842
3937	suhariningsih	0.6618	0.5587	3	10	11	1	8	7.7513	2019	8	7.7513
3955	sukarmin s.	-0.8316	0.3048	2	27	64	4	18	17.4405	2019	4.5	4.3601
3998	"sumartono, munir m."	-0.1185	-0.9224	22	5	5	1	8	7.7513	2019	8	7.7513
4013	supadi	0.8734	-0.0227	7	3	3	1	1	0.9689	2019	1	0.9689
4032	supriyanto g.	0.6007	0.6042	3	6	8	11	11	10.6581	2019	1	0.9689
4038	surboyo m.d.c.	0.7654	-0.4282	1	12	16	5	9	8.7203	2019	1.8	1.7441
4040	surjono i.	0.7648	-0.4288	1	4	4	1	1	0.9689	2019	1	0.9689
4055	suryokusumo g.	0.5558	-0.7539	37	6	7	2	2	1.9378	2019	1	0.9689
4058	susanti m.	-0.6541	-0.6555	18	9	9	1	0	0	2019	0	0
4071	susilo d.	-0.5437	0.2395	26	8	14	6	16	15.5027	2019	2.6667	2.5838
4075	susilo r.j.k.	0.7243	0.4816	15	12	49	7	58	56.1972	2019	8.2857	8.0282
4076	susilowati h.	0.778	-0.4034	1	18	38	8	30	29.0675	2019	3.75	3.6334
4077	susilowati i.h.	-0.8293	0.3024	2	7	7	1	0	0	2019	0	0
4080	susilowati s.	-0.0694	0.8944	4	6	6	2	0	0	2019	0	0
4093	sutiono a.b.	-0.3789	0.8454	21	8	8	1	1	0.9689	2019	1	0.9689
4128	syahputra i.r.	-0.0615	0.8946	4	4	4	1	1	0.9689	2019	1	0.9689
4131	syahrom a.	0.6618	0.5583	3	10	11	4	17	16.4716	2019	4.25	4.1179
4133	syaifuddin m.	0.616	0.5972	3	3	3	1	0	0	2019	0	0
4134	syaifullah m.	0.2528	0.6059	5	3	3	1	4	3.8757	2019	4	3.8757
4143	syarifah i.m.	0.7652	-0.4287	1	4	4	1	1	0.9689	2019	1	0.9689
4156	takagi r.	-0.7267	0.5667	13	7	7	2	5	4.8446	2019	2.5	2.4223
4159	takeyasu m.	-0.7268	0.5663	13	12	12	1	1	0.9689	2019	1	0.9689
4160	tamam m.b.	0.2494	0.6032	5	3	3	1	3	2.9068	2019	3	2.9068
4161	tamara f.	-0.6542	-0.6554	18	10	17	2	3	2.9068	2019	1.5	1.4534
4171	tangahu b.v.	0.3506	0.6606	8	11	29	2	30	29.0675	2019	15	14.5338
4183	tari a.t.l.	-0.0703	0.8943	4	7	7	1	2	1.9378	2019	2	1.9378
4199	thambiratnam k.	0.8744	-0.059	6	7	8	12	30	29.0675	2019	2.5	2.4223
4218	titah h.s.	0.3261	0.6529	8	8	34	2	27	26.1608	2019	13.5	13.0804
4222	tjahjaningsih w.	0.2772	0.626	5	3	3	4	4	3.8757	2019	1	0.9689
4224	tjahjono e.	0.4595	0.6678	16	8	12	4	18	17.4405	2019	4.5	4.3601
4228	tjiptono f.	-0.0201	-0.9505	44	1	1	1	6	5.8135	2019	6	5.8135
4235	toumpakari z.	-0.8199	-0.4305	19	6	6	2	5	4.8446	2019	2.5	2.4223
4261	triyadi d.	-0.83	0.3097	2	10	17	2	0	0	2019	0	0
4264	triyono e.a.	0.7907	-0.4146	38	6	11	7	9	8.7203	2019	1.2857	1.2458
4271	tualeka a.r.	-0.8313	0.3058	2	31	115	39	25	24.2229	2019	0.641	0.6211
4281	tyasningsih w.	-0.0639	0.8946	4	15	17	9	10	9.6892	2019	1.1111	1.0766
4291	ula r.	0.3348	-0.4416	45	0	0	1	0	0	2019	0	0
4292	ula s.r.	0.4162	-0.53	46	0	0	1	0	0	2019	0	0
4293	ulfa s.m.	-0.6959	0.0718	47	0	0	1	0	0	2019	0	0
4294	ulfah m.	-0.7887	0.0711	48	0	0	1	0	0	2019	0	0
4295	ulfah n.	-0.5147	0.5051	49	0	0	1	2	1.9378	2019	2	1.9378
4296	ulfiana e.	0.2118	-0.7467	50	0	0	11	12	11.627	2019	1.0909	1.057
4297	ulkhaq f.	0.1696	0.2889	51	0	0	1	0	0	2019	0	0
4298	ulkhaq m.f.	-0.4917	-0.4919	52	0	0	10	5	4.8446	2019	0.5	0.4845
4299	ulum b.	-0.562	-0.7673	53	0	0	1	3	2.9068	2019	3	2.9068
4300	ulyah s.m.	-0.6812	0.0041	54	0	0	5	1	0.9689	2019	0.2	0.1938
4301	umanailo m.c.b.	0.0701	-0.923	55	0	0	1	3	2.9068	2019	3	2.9068
4302	umar f.	0.3203	-0.2017	56	0	0	1	0	0	2019	0	0
4303	umaroh m.	0.1494	-0.0687	57	0	0	1	0	0	2019	0	0
4304	umayro a.h.	0.5275	-0.1026	58	0	0	1	0	0	2019	0	0
4305	umbas r.	0.0742	-0.7618	59	0	0	1	1	0.9689	2019	1	0.9689
4306	umbul c.	0.5507	-0.1674	60	0	0	2	0	0	2019	0	0
4307	umezawa k.	-0.5142	-0.1339	61	0	0	1	2	1.9378	2019	2	1.9378
4308	ungvari g.s.	0.4875	-0.6432	62	0	0	2	3	2.9068	2019	1.5	1.4534
4309	untari e.	-0.3233	-0.5694	63	0	0	1	0	0	2019	0	0
4310	untari u.	-0.8351	-0.2726	64	0	0	1	0	0	2019	0	0
4311	untoro y.m.	0.7159	-0.6231	65	0	0	1	0	0	2019	0	0
4312	uripan k.i.	-0.4976	-0.4321	66	0	0	1	1	0.9689	2019	1	0.9689
4313	usawachintachit m.	-0.6062	-0.37	67	0	0	1	10	9.6892	2019	10	9.6892
4314	usman i.	0.0058	-0.893	40	3	3	2	2	1.9378	2019	1	0.9689
4315	usman i.u.	0.4008	0.1677	68	0	0	1	0	0	2019	0	0
4316	usman n.	-0.3108	0.2326	69	0	0	1	3	2.9068	2019	3	2.9068
4317	usuman n.m.	-0.7991	-0.2491	70	0	0	1	0	0	2019	0	0
4318	utama a.a.g.s.	0.461	-0.7281	71	0	0	2	0	0	2019	0	0
4319	utama a.w.	0.3903	-0.3913	72	0	0	1	0	0	2019	0	0
4320	utama s.	-0.9591	-0.0373	73	0	0	1	0	0	2019	0	0
4321	utamayasa i.k.a.	-0.0519	0.6683	74	0	0	1	0	0	2019	0	0
4322	utami a.t.	0.2918	-0.0598	75	0	0	1	0	0	2019	0	0
4323	utami e.s.w.	0.5442	0.2445	76	0	0	3	4	3.8757	2019	1.3333	1.2919
4324	utami h.	0.5072	-0.5872	77	0	0	1	3	2.9068	2019	3	2.9068
4325	utami n.w.	-0.8407	-0.3351	78	0	0	1	0	0	2019	0	0
4326	utami s.	0.0717	-0.0859	79	0	0	2	3	2.9068	2019	1.5	1.4534
4327	utami s.w.b.	0.3836	-0.2447	80	0	0	1	0	0	2019	0	0
4328	utami w.	-0.5684	0.6192	31	3	3	2	4	3.8757	2019	2	1.9378
4329	utari d.m.	-0.1487	0.4275	81	0	0	1	0	0	2019	0	0
4330	utari s.	-0.7626	-0.1036	82	0	0	1	1	0.9689	2019	1	0.9689
4331	utariani a.	0.7717	0.2805	83	0	0	2	1	0.9689	2019	0.5	0.4845
4332	utomo b.	-0.2818	0.417	84	0	0	5	1	0.9689	2019	0.2	0.1938
4333	utomo d.b.	-0.1184	-0.9221	22	6	6	1	3	2.9068	2019	3	2.9068
4334	utomo d.n.	-0.893	-0.3219	85	0	0	9	5	4.8446	2019	0.5556	0.5383
4335	utomo h.	-0.398	-0.7519	86	0	0	3	1	0.9689	2019	0.3333	0.323
4336	utomo h.b.	-0.7324	-0.6098	87	0	0	1	1	0.9689	2019	1	0.9689
4337	utomo m.s.	0.1961	-0.6613	88	0	0	1	0	0	2019	0	0
4338	utomo m.t.	-0.6751	0.116	89	0	0	4	2	1.9378	2019	0.5	0.4845
4339	utoyo m.i.	-0.585	0.4239	90	0	0	7	15	14.5338	2019	2.1429	2.0763
4340	utsubo c.a.	0.394	0.2671	91	0	0	1	0	0	2019	0	0
4341	utsumi t.	-0.3017	-0.8614	9	18	23	5	14	13.5648	2019	2.8	2.713
4342	uzir b.f.	-0.9016	-0.2977	92	0	0	1	1	0.9689	2019	1	0.9689
4343	uzor p.f.	0.327	-0.3644	93	0	0	1	0	0	2019	0	0
4344	van asselt a.d.i.	-0.4296	-0.484	94	0	0	2	4	3.8757	2019	2	1.9378
4345	van crevel r.	-0.0315	-0.8338	95	0	0	1	3	2.9068	2019	3	2.9068
4346	van de venis j.	0.4626	-0.2812	96	0	0	1	1	0.9689	2019	1	0.9689
4347	van der aa f.	0.3312	-0.2934	97	0	0	1	1	0.9689	2019	1	0.9689
4348	van der werf t.s.	-0.3583	0.4314	98	0	0	2	1	0.9689	2019	0.5	0.4845
4349	van thang v.	-0.5911	-0.3149	99	0	0	1	3	2.9068	2019	3	2.9068
4350	vandenplas y.	-0.3451	-0.3765	100	0	0	2	7	6.7824	2019	3.5	3.3912
4351	variant anna n.e.	0.4176	-0.7227	101	0	0	1	0	0	2019	0	0
4352	vatish m.	0.3609	0.2216	102	0	0	1	1	0.9689	2019	1	0.9689
4353	veri v.	-0.0157	0.6897	103	0	0	1	3	2.9068	2019	3	2.9068
4354	victory v.s.	0.6606	0.5604	3	7	7	1	0	0	2019	0	0
4355	vidyani a.	-0.5388	0.3832	104	0	0	8	0	0	2019	0	0
4356	virgianty v.	-0.5746	-0.1088	105	0	0	1	0	0	2019	0	0
4357	virginia t.t.	0.0749	-0.9456	106	0	0	1	0	0	2019	0	0
4358	viswanathan k.	0.0904	-0.7141	107	0	0	1	0	0	2019	0	0
4359	vyas s.p.	0.1236	0.1489	108	0	0	1	5	4.8446	2019	5	4.8446
4360	wabula h.	0.0562	-0.6147	109	0	0	1	1	0.9689	2019	1	0.9689
4361	wadipalapa r.p.	0.2545	-0.3386	110	0	0	1	1	0.9689	2019	1	0.9689
4362	wafiroh s.	0.6491	0.6016	10	12	13	5	7	6.7824	2019	1.4	1.3565
4363	wahab e.a.a.	-0.6594	-0.2126	111	0	0	1	0	0	2019	0	0
4364	wahab w.	-0.2268	0.6545	112	0	0	1	0	0	2019	0	0
4365	"wahiduddin, pranoto a."	0.8241	0.3342	113	0	0	1	1	0.9689	2019	1	0.9689
4366	wahju ardani i.g.a.	0.5544	0.142	114	0	0	1	0	0	2019	0	0
4367	wahjuningrum d.	0.3106	-0.7023	115	0	0	1	0	0	2019	0	0
4368	wahjuningrum d.a.	0.4787	-0.5397	116	0	0	4	5	4.8446	2019	1.25	1.2111
4369	wahluyo s.	-0.2213	-0.654	117	0	0	2	1	0.9689	2019	0.5	0.4845
4370	wahy a.	-0.829	0.3105	2	10	10	1	0	0	2019	0	0
4371	wahyanto t.	0.5053	0.1816	118	0	0	1	0	0	2019	0	0
4372	wahyu a.	-0.8315	0.3051	2	31	107	18	20	19.3783	2019	1.1111	1.0766
4373	wahyudadi b.s.	0.2293	0.1695	119	0	0	1	0	0	2019	0	0
4374	wahyudi i.	-0.0838	0.3028	120	0	0	2	1	0.9689	2019	0.5	0.4845
4375	wahyudi s.s.	-0.3174	0.9058	121	0	0	1	0	0	2019	0	0
4376	wahyudianto f.e.	0.3398	0.6601	8	9	17	2	12	11.627	2019	6	5.8135
4377	wahyudyono y.d.a.	-0.0891	0.6965	122	0	0	1	0	0	2019	0	0
4378	wahyuhadi j.	-0.6527	-0.4948	123	0	0	3	0	0	2019	0	0
4379	wahyuni c.u.	0.1342	-0.5015	124	0	0	6	2	1.9378	2019	0.3333	0.323
4380	wahyuni d.k.	0.4344	-0.1062	125	0	0	3	0	0	2019	0	0
4381	wahyuni e.d.	-0.4471	-0.1209	126	0	0	2	1	0.9689	2019	0.5	0.4845
4382	wahyuni i.	-0.0162	0.0459	127	0	0	2	0	0	2019	0	0
4383	wahyuni i.d.	-0.7383	0.0202	128	0	0	2	0	0	2019	0	0
4384	wahyuni m.s.	0.4662	-0.4801	129	0	0	2	0	0	2019	0	0
4385	wahyuni o.r.	-0.2194	0.2345	130	0	0	1	0	0	2019	0	0
4386	wahyuni r.	0.1608	-0.7177	131	0	0	1	0	0	2019	0	0
4387	wahyuni r.m.	-0.3016	-0.861	9	18	23	5	13	12.5959	2019	2.6	2.5192
4388	wahyuni s.	0.2685	-0.4078	132	0	0	1	0	0	2019	0	0
4389	wahyuni t.s.	-0.0759	0.3667	133	0	0	3	1	0.9689	2019	0.3333	0.323
4390	wahyuni w.	0.5107	-0.2221	134	0	0	1	3	2.9068	2019	3	2.9068
4391	wahyuningsih s.p.a.	0.7252	0.4805	15	8	13	9	20	19.3783	2019	2.2222	2.1531
4392	wahyuningtyas a.f.	-0.7428	0.0784	135	0	0	1	0	0	2019	0	0
4393	wai loon l.	0.265	-0.7667	136	0	0	1	1	0.9689	2019	1	0.9689
4394	waluyo e.	-0.5811	0.092	137	0	0	3	7	6.7824	2019	2.3333	2.2608
4395	wandira r.k.	0.2378	-0.6104	138	0	0	1	0	0	2019	0	0
4396	wandono k.	-0.4745	0.7051	139	0	0	1	0	0	2019	0	0
4397	wandra t.	0.4247	-0.7653	140	0	0	1	2	1.9378	2019	2	1.9378
4398	wang f.	-0.7694	-0.148	141	0	0	1	2	1.9378	2019	2	1.9378
4399	wang h.m.-d.	0.3801	-0.5781	142	0	0	1	4	3.8757	2019	4	3.8757
4400	wang p.	0.8733	-0.012	7	13	19	6	38	36.8188	2019	6.3333	6.1365
4401	wang w.	-0.7046	-0.2498	143	0	0	1	12	11.627	2019	12	11.627
4402	wang y.-h.	0.8721	0.3712	144	0	0	1	0	0	2019	0	0
4403	wangdi k.	0.8584	0.3542	145	0	0	1	4	3.8757	2019	4	3.8757
4404	wanguyun a.p.	0.268	0.8984	146	0	0	4	5	4.8446	2019	1.25	1.2111
4405	"wanti, yudhastuti r."	-0.4807	-0.5542	147	0	0	1	1	0.9689	2019	1	0.9689
4406	wardah a.	0.0781	-0.446	148	0	0	1	0	0	2019	0	0
4407	wardana a.p.	0.1998	0.1015	149	0	0	1	0	0	2019	0	0
4408	wardana f.y.	-0.9225	0.0888	27	8	11	2	7	6.7824	2019	3.5	3.3912
4409	wardani g.	-0.2425	0.8492	17	11	21	6	7	6.7824	2019	1.1667	1.1304
4410	wardani r.a.	0.5284	-0.4787	150	0	0	1	0	0	2019	0	0
4411	wardani t.	-0.7564	-0.2679	151	0	0	1	0	0	2019	0	0
4412	wardhana a.	-0.4192	-0.4201	152	0	0	2	0	0	2019	0	0
4413	wardhana a.h.	0.0035	-0.4316	153	0	0	1	0	0	2019	0	0
4414	wardhana a.w.	-0.6001	0.372	154	0	0	1	0	0	2019	0	0
4415	wardhana d.k.	-0.4217	0.6162	41	1	1	3	4	3.8757	2019	1.3333	1.2919
4416	wardhana d.p.w.	-0.3786	0.8454	21	4	4	1	0	0	2019	0	0
4417	wardhana m.p.	0.398	-0.4663	155	0	0	2	1	0.9689	2019	0.5	0.4845
4418	wardhana t.h.	-0.1244	-0.1698	156	0	0	1	3	2.9068	2019	3	2.9068
4419	wardhani d.k.	0.8663	0.255	14	4	4	1	0	0	2019	0	0
4420	wardhani e.k.	-0.3636	-0.2981	157	0	0	1	0	0	2019	0	0
4421	wardhani f.o.	-0.2591	0.293	158	0	0	1	0	0	2019	0	0
4422	wardhani h.c.p.	0.3704	-0.6871	159	0	0	2	4	3.8757	2019	2	1.9378
4423	wardhani i.f.	-0.5772	-0.7242	160	0	0	1	0	0	2019	0	0
4424	wardhani l.	-0.4438	-0.6144	161	0	0	1	0	0	2019	0	0
4425	wardhani l.k.	-0.0027	0.1776	162	0	0	1	0	0	2019	0	0
4426	wardhani m.r.k.	-0.0548	-0.5752	163	0	0	1	0	0	2019	0	0
4427	wardhani p.h.	0.4452	-0.5964	164	0	0	2	0	0	2019	0	0
4428	wardhani p.p.c.	0.8667	0.255	14	7	7	1	0	0	2019	0	0
4429	wardiyati t.	-0.1204	-0.584	165	0	0	1	0	0	2019	0	0
4430	wardoyo e.	-0.259	-0.5641	166	0	0	1	0	0	2019	0	0
4431	warsiki e.	-0.3861	0.2352	167	0	0	1	0	0	2019	0	0
4432	warsito m.f.	-0.0953	-0.1017	168	0	0	1	0	0	2019	0	0
4433	warsito s.h.	0.5894	0.0568	169	0	0	4	2	1.9378	2019	0.5	0.4845
4434	wasir r.	0.6802	0.2077	34	6	12	2	5	4.8446	2019	2.5	2.4223
4435	wasito e.b.	-0.6351	0.0524	170	0	0	1	0	0	2019	0	0
4436	waskito l.a.	-0.4634	0.5262	171	0	0	4	11	10.6581	2019	2.75	2.6645
4437	watanabe m.	-0.7267	0.5665	13	7	7	2	5	4.8446	2019	2.5	2.4223
4438	wathoniyyah m.	-0.5412	-0.7824	172	0	0	1	0	0	2019	0	0
4439	wati n.m.n.	-0.3782	0.3569	173	0	0	1	3	2.9068	2019	3	2.9068
4440	wati s.e.d.f.s.	0.2213	-0.0512	174	0	0	2	0	0	2019	0	0
4441	wayan gede artawan eka putra i.	-0.631	0.4187	175	0	0	1	2	1.9378	2019	2	1.9378
4442	wei h.	-0.2726	0.5209	176	0	0	1	0	0	2019	0	0
4443	wen m.l.	-0.7836	0.4899	177	0	0	1	2	1.9378	2019	2	1.9378
4444	wen p.-h.	0.1828	-0.5798	178	0	0	1	0	0	2019	0	0
4445	wening g.	0.3998	-0.6397	179	0	0	3	4	3.8757	2019	1.3333	1.2919
4446	wening g.r.s.	-0.7361	-0.0388	180	0	0	6	5	4.8446	2019	0.8333	0.8074
4447	werdiningsih i.	0.0667	-0.8075	181	0	0	1	0	0	2019	0	0
4448	wermuth i.	-0.5426	0.4578	182	0	0	1	2	1.9378	2019	2	1.9378
4449	weyne e.	0.1458	-0.4269	183	0	0	2	16	15.5027	2019	8	7.7513
4450	wiadnya d.g.r.	0.2483	0.6024	5	4	10	3	4	3.8757	2019	1.3333	1.2919
4451	wibawa a.d.	0.0849	-0.661	184	0	0	2	0	0	2019	0	0
4452	wibawa budi santosa a.	-0.1057	-0.5174	185	0	0	1	1	0.9689	2019	1	0.9689
4453	wibawa i.d.n.	0.3363	0.9009	186	0	0	1	7	6.7824	2019	7	6.7824
4454	wibawati p.a.	-0.5645	-0.4201	187	0	0	2	1	0.9689	2019	0.5	0.4845
4455	wibiarisky a.m.	-0.1434	0.4938	188	0	0	1	0	0	2019	0	0
4456	wibisono f.j.	-0.0608	0.8948	4	4	4	1	5	4.8446	2019	5	4.8446
4457	wibisono s.	-0.112	0.6387	189	0	0	3	2	1.9378	2019	0.6667	0.6459
4458	wibowo a.	-0.6668	-0.3549	190	0	0	3	1	0.9689	2019	0.3333	0.323
4459	wibowo a.c.	-0.9228	0.0885	27	8	11	2	7	6.7824	2019	3.5	3.3912
4460	wibowo d.l.n.	-0.2139	0.4933	191	0	0	1	0	0	2019	0	0
4461	wibowo p.a.	0.4014	0.8854	192	0	0	1	0	0	2019	0	0
4462	wibowo y.	-0.0265	0.2824	193	0	0	1	6	5.8135	2019	6	5.8135
4463	wibrata a.d.	0.3069	-0.7584	194	0	0	1	0	0	2019	0	0
4464	wibrata d.a.	-0.8316	0.3046	2	27	64	2	18	17.4405	2019	9	8.7203
4465	wicaksana i.g.w.	-0.5552	-0.4838	195	0	0	1	2	1.9378	2019	2	1.9378
4466	wicaksono a.	0.6984	-0.6064	196	0	0	1	1	0.9689	2019	1	0.9689
4467	wicaksono b.	0.4676	0.1253	197	0	0	3	1	0.9689	2019	0.3333	0.323
4468	wicaksono d.h.b.	-0.5365	-0.7474	198	0	0	1	1	0.9689	2019	1	0.9689
4469	wicaksono h.a.	-0.1419	0.6935	199	0	0	1	0	0	2019	0	0
4470	widajanti n.	0.6	-0.1332	200	0	0	2	8	7.7513	2019	4	3.8757
4471	widajati n.	-0.2551	-0.111	201	0	0	7	1	0.9689	2019	0.1429	0.1384
4472	widati a.a.	0.6524	0.607	10	7	9	5	7	6.7824	2019	1.4	1.3565
4473	widati s.	-0.6052	-0.733	202	0	0	3	0	0	2019	0	0
4474	widayanti	-0.3749	0.0785	203	0	0	1	0	0	2019	0	0
4475	widayanto e.	-0.2761	-0.1936	204	0	0	1	0	0	2019	0	0
4476	widayat h.	-0.6066	-0.5201	205	0	0	1	0	0	2019	0	0
4477	widhiyanto l.	0.0106	-0.2328	206	0	0	1	2	1.9378	2019	2	1.9378
4478	widia y.	0.0383	-0.1596	207	0	0	2	0	0	2019	0	0
4479	widiandani t.	-0.6898	-0.4552	208	0	0	2	1	0.9689	2019	0.5	0.4845
4480	widianingrum n.v.	-0.0421	0.113	209	0	0	1	0	0	2019	0	0
4481	widianingsih n.p.s.	-0.5831	-0.1786	210	0	0	2	1	0.9689	2019	0.5	0.4845
4482	widianingsih w.	0.4943	0.2505	211	0	0	1	3	2.9068	2019	3	2.9068
4483	widiantari s.	-0.3919	0.4965	212	0	0	1	0	0	2019	0	0
4484	widiastuti i.m.	0.2559	0.6082	5	5	5	1	1	0.9689	2019	1	0.9689
4485	widiastuti n.h.	-0.0263	0.5718	213	0	0	1	0	0	2019	0	0
4486	widiastuti t.	-0.6061	0.7223	24	3	3	8	6	5.8135	2019	0.75	0.7267
4487	widiastuty e.	0.0797	-0.5421	214	0	0	1	2	1.9378	2019	2	1.9378
4488	widiatma r.r.	-0.5377	-0.5438	215	0	0	1	0	0	2019	0	0
4489	widiawati a.e.	-0.8808	-0.3415	216	0	0	1	0	0	2019	0	0
4490	widiharto c.a.	0.6072	-0.2022	217	0	0	1	0	0	2019	0	0
4491	widijatno t.v.	-0.5835	-0.7519	218	0	0	1	0	0	2019	0	0
4492	widiyanti p.	-0.1408	-0.2452	219	0	0	7	0	0	2019	0	0
4493	widiyantoro s.	-0.3327	0.6368	220	0	0	1	2	1.9378	2019	2	1.9378
4494	widiyatno t.v.	-0.5028	-0.0645	221	0	0	2	0	0	2019	0	0
4495	widjaja a.e.	-0.6986	-0.0774	222	0	0	1	7	6.7824	2019	7	6.7824
4496	widjaja b.a.	0.2877	0.2666	223	0	0	1	0	0	2019	0	0
4497	widjaja j.	-0.54	-0.6564	224	0	0	1	0	0	2019	0	0
4498	widjaja n.a.	-0.361	0.1712	225	0	0	5	1	0.9689	2019	0.2	0.1938
4499	widjajakusuma e.c.	0.2785	-0.4837	226	0	0	1	7	6.7824	2019	7	6.7824
4500	widjajanto e.	-0.2444	0.5883	227	0	0	3	0	0	2019	0	0
4501	widjajati n.	0.8843	0.3526	228	0	0	1	1	0.9689	2019	1	0.9689
4502	widjiastuti i.	0.4762	-0.7636	229	0	0	3	0	0	2019	0	0
4503	widjiati	0.048	0.1281	230	0	0	4	3	2.9068	2019	0.75	0.7267
4504	widjiati w.	0.5555	-0.7538	37	3	3	3	0	0	2019	0	0
4505	"widjiati, mafruchati m."	-0.2754	0.1763	231	0	0	1	0	0	2019	0	0
4506	widodaj.p.	0.1014	0.3259	232	0	0	1	0	0	2019	0	0
4507	widodo	0.7949	0.3101	233	0	0	2	0	0	2019	0	0
4508	widodo a.	-0.3722	0.6952	234	0	0	3	0	0	2019	0	0
4509	widodo a.d.	0.2913	0.1924	235	0	0	1	6	5.8135	2019	6	5.8135
4510	widodo a.d.w.	-0.6106	-0.2468	236	0	0	1	1	0.9689	2019	1	0.9689
4511	widodo b.	-0.2852	-0.3482	237	0	0	8	0	0	2019	0	0
4512	widodo d.	-0.7734	-0.2034	238	0	0	1	0	0	2019	0	0
4513	widya i.w.	0.062	-0.8519	239	0	0	1	2	1.9378	2019	2	1.9378
4514	widya pratiwi d.	-0.7025	-0.1391	240	0	0	1	0	0	2019	0	0
4515	widyahening i.s.	-0.6491	-0.4145	241	0	0	1	3	2.9068	2019	3	2.9068
4516	widyaningrum s.	0.4017	0.015	242	0	0	1	0	0	2019	0	0
4517	widyaningsih i.a.	-0.5763	0.0248	243	0	0	1	8	7.7513	2019	8	7.7513
4518	widyantari s.	0.1915	-0.1328	244	0	0	1	0	0	2019	0	0
4519	widyantoro a.	-0.4209	0.7056	245	0	0	1	1	0.9689	2019	1	0.9689
4520	widyastuti a.	0.0575	-0.2966	246	0	0	1	0	0	2019	0	0
4521	widyastuti w.	-0.6516	-0.2948	247	0	0	1	0	0	2019	0	0
4522	widyastutie w.	-0.3751	-0.0049	248	0	0	1	0	0	2019	0	0
4523	widyawaruyanti a.	-0.4997	-0.6129	249	0	0	3	2	1.9378	2019	0.6667	0.6459
4524	widyawati i.y.	-0.7246	-0.3628	250	0	0	1	0	0	2019	0	0
4525	widyawati r.	0.2371	-0.1991	251	0	0	1	0	0	2019	0	0
4526	widyowati r.	-0.1297	0.5658	252	0	0	1	0	0	2019	0	0
4527	wigati n.f.s.	0.4425	0.2609	253	0	0	1	0	0	2019	0	0
4528	wijanarko p.	-0.3246	-0.1389	254	0	0	1	2	1.9378	2019	2	1.9378
4529	wijaya a.	-0.6401	-0.1547	255	0	0	1	1	0.9689	2019	1	0.9689
4530	wijaya a.i.	0.3276	0.0011	256	0	0	1	0	0	2019	0	0
4531	wijaya a.l.	0.4087	0.0936	257	0	0	1	0	0	2019	0	0
4532	wijaya i.n.	0.3235	-0.8975	258	0	0	2	0	0	2019	0	0
4533	wijaya s.	-0.0234	0.626	259	0	0	1	7	6.7824	2019	7	6.7824
4534	wijaya s.k.	0.3941	-0.1672	260	0	0	1	1	0.9689	2019	1	0.9689
4535	wijaya s.o.	0.22	0.8828	261	0	0	1	0	0	2019	0	0
4536	wijayanti l.a.	-0.028	0.521	262	0	0	1	0	0	2019	0	0
4537	wijayanti n.a.d.	-0.4109	-0.7932	263	0	0	1	0	0	2019	0	0
4538	wijayanti n.t.	-0.2429	-0.4997	264	0	0	2	0	0	2019	0	0
4539	wijayanti r.t.	-0.0437	-0.1663	265	0	0	1	0	0	2019	0	0
4540	"wijayanti, prasetyo b."	-0.2744	-0.6267	266	0	0	1	0	0	2019	0	0
4541	wijayati m.t.	-0.7025	0.4652	267	0	0	1	0	0	2019	0	0
4542	wikantika k.	0.5384	-0.6428	268	0	0	3	2	1.9378	2019	0.6667	0.6459
4543	win tun k.n.	-0.0772	0.432	269	0	0	1	0	0	2019	0	0
4544	winanto t.r.	-0.1607	0.0866	270	0	0	1	0	0	2019	0	0
4545	winarko e.	0.5702	-0.2341	271	0	0	4	2	1.9378	2019	0.5	0.4845
4546	winarni d.	0.7129	0.4955	15	19	62	13	76	73.6377	2019	5.8462	5.6644
4547	winarsi s.	0.0207	-0.8097	272	0	0	1	1	0.9689	2019	1	0.9689
4548	"windarto, eridani, purwati u.d."	0.2597	0.9239	273	0	0	1	2	1.9378	2019	2	1.9378
4549	"windarto, fatmawati, putri k.m."	-0.6384	-0.09	274	0	0	1	0	0	2019	0	0
4550	"windarto, purwati u.d."	-0.406	-0.3473	275	0	0	1	0	0	2019	0	0
4551	"windarto, ullah s."	0.0319	0.2448	276	0	0	1	13	12.5959	2019	13	12.5959
4552	"windijarto, uktutias s.a.m."	0.1037	-0.3681	277	0	0	1	0	0	2019	0	0
4553	winias s.	0.7769	-0.4045	1	13	15	1	9	8.7203	2019	9	8.7203
4554	wiradana p.a.	0.24	0.9007	278	0	0	3	0	0	2019	0	0
4555	wirakartakusumah a.	-0.4144	0.1415	279	0	0	1	2	1.9378	2019	2	1.9378
4556	wiranata r.y.	-0.724	-0.1919	280	0	0	1	0	0	2019	0	0
4557	wirantari n.	-0.8198	0.0512	281	0	0	1	0	0	2019	0	0
4558	wiranto a.	-0.1559	0.3629	282	0	0	1	0	0	2019	0	0
4559	wirashada b.c.	-0.4681	-0.3754	283	0	0	1	0	0	2019	0	0
4560	wiratno d.	-0.3096	-0.2635	284	0	0	1	1	0.9689	2019	1	0.9689
4561	wiratraman h.p.	0.031	-0.5013	285	0	0	1	2	1.9378	2019	2	1.9378
4562	wirawan i.b.	-0.3975	-0.1672	286	0	0	1	0	0	2019	0	0
4563	wirawan t.	0.186	-0.3633	287	0	0	1	0	0	2019	0	0
4564	wirianto s.t.	-0.3189	0.4818	288	0	0	2	0	0	2019	0	0
4565	wirjadmadi r.b.	-0.3122	0.1095	289	0	0	1	0	0	2019	0	0
4566	wirjatmadi b.	-0.2273	0.9383	290	0	0	3	0	0	2019	0	0
4567	wirohadidjojo y.w.	-0.8592	-0.3029	291	0	0	2	0	0	2019	0	0
4568	wirya a.	-0.44	-0.0384	292	0	0	1	0	0	2019	0	0
4569	wisana i.d.g.h.	0.1179	-0.1503	293	0	0	1	4	3.8757	2019	4	3.8757
4570	wisandani i.	-0.141	-0.4528	294	0	0	1	0	0	2019	0	0
4571	wisesa w.w.	-0.8295	0.3011	2	7	7	1	0	0	2019	0	0
4572	wisnu tirtayasa p.m.	-0.2103	-0.2279	295	0	0	1	1	0.9689	2019	1	0.9689
4573	wisnujati n.s.	-0.4208	0.4134	296	0	0	1	3	2.9068	2019	3	2.9068
4574	wispriyono b.	-0.2451	-0.2906	297	0	0	1	0	0	2019	0	0
4575	"wisudanto, firdausi n.a."	-0.5407	0.7719	298	0	0	1	0	0	2019	0	0
4576	wisudyaningsih b.	-0.5042	0.0109	299	0	0	1	2	1.9378	2019	2	1.9378
4577	wisudyawati d.	0.3368	-0.6304	300	0	0	1	1	0.9689	2019	1	0.9689
4578	witaningrum a.m.	-0.288	-0.6896	301	0	0	2	2	1.9378	2019	1	0.9689
4579	witular w.	0.0499	-0.9488	302	0	0	1	0	0	2019	0	0
4580	wiyasa i.w.a.	-0.6514	-0.551	303	0	0	1	0	0	2019	0	0
4581	wiyatia r.	0.3177	0.9087	304	0	0	1	1	0.9689	2019	1	0.9689
4582	wong g.r.	-0.0663	0.2097	305	0	0	1	2	1.9378	2019	2	1.9378
4583	wong r.w.	0.6586	0.1317	306	0	0	1	1	0.9689	2019	1	0.9689
4584	wong w.r.	0.8733	-0.0157	7	5	5	3	17	16.4716	2019	5.6667	5.4905
4585	wongso s.	0.5117	-0.3777	307	0	0	2	2	1.9378	2019	1	0.9689
4586	wood a.j.	-0.1225	-0.0276	308	0	0	1	0	0	2019	0	0
4587	wook kim s.	0.536	-0.5234	309	0	0	1	0	0	2019	0	0
4588	worawalai w.	-0.7121	-0.31	310	0	0	1	1	0.9689	2019	1	0.9689
4589	world federation of neurosurgical societies (wfns) spine committee	-0.2289	0.3553	311	0	0	1	0	0	2019	0	0
4590	woro r.	-0.4372	0.039	312	0	0	1	0	0	2019	0	0
4591	wulan mahuhara y.s.	0.6041	0.1047	313	0	0	1	0	0	2019	0	0
4592	wulan sari p.d.	-0.2292	0.1222	314	0	0	1	0	0	2019	0	0
4593	wulan w.n.	-0.301	0.708	315	0	0	1	3	2.9068	2019	3	2.9068
4594	wulanari l.w.	0.3125	-0.5725	316	0	0	1	0	0	2019	0	0
4595	wulandari a.	-0.5077	0.7296	317	0	0	1	0	0	2019	0	0
4596	wulandari d.	0.451	-0.4182	318	0	0	1	0	0	2019	0	0
4597	wulandari d.p.	0.0092	-0.5791	319	0	0	1	0	0	2019	0	0
4598	wulandari e.	-0.2424	0.8489	17	5	5	1	1	0.9689	2019	1	0.9689
4599	wulandari i.	-0.0659	-0.2384	320	0	0	1	3	2.9068	2019	3	2.9068
4600	wulandari l.	0.4447	-0.6707	321	0	0	3	1	0.9689	2019	0.3333	0.323
4601	wulandari r.	-0.3576	-0.2152	322	0	0	1	0	0	2019	0	0
4602	wulandari r.d.	-0.4066	-0.6854	43	2	4	8	15	14.5338	2019	1.875	1.8167
4603	wulandari s.e.	-0.2425	-0.0331	323	0	0	1	0	0	2019	0	0
4604	wulansari d.	-0.3811	-0.0875	324	0	0	1	1	0.9689	2019	1	0.9689
4605	wulansari e.	-0.5665	-0.0396	325	0	0	1	4	3.8757	2019	4	3.8757
4606	wulansari p.d.	-0.3419	0.7194	326	0	0	3	2	1.9378	2019	0.6667	0.6459
4607	wungu c.	-0.1752	-0.3162	327	0	0	1	1	0.9689	2019	1	0.9689
4608	wungu c.d.k.	-0.1977	0.9433	328	0	0	4	0	0	2019	0	0
4609	wurjandaru r.g.	0.2428	-0.7021	329	0	0	1	0	0	2019	0	0
4610	wurjaningrum f.	-0.877	-0.3625	330	0	0	2	0	0	2019	0	0
4611	wurlina w.	-0.5355	-0.366	331	0	0	1	0	0	2019	0	0
4612	"wurlina, adnyana d.p.a."	0.2873	0.9179	332	0	0	1	4	3.8757	2019	4	3.8757
4613	"wurlina, mustofa i."	-0.0554	-0.3751	333	0	0	1	0	0	2019	0	0
4614	wuryanto e.	-0.4905	-0.2529	39	3	3	1	1	0.9689	2019	1	0.9689
4615	xiang y.-t.	-0.4636	0.3645	334	0	0	2	3	2.9068	2019	1.5	1.4534
4616	yabuki a.	0.4651	0.0434	335	0	0	1	6	5.8135	2019	6	5.8135
4617	yahya w.z.n.	-0.5144	-0.7142	336	0	0	1	4	3.8757	2019	4	3.8757
4618	yamada a.	-0.7269	0.5664	13	13	17	4	7	6.7824	2019	1.75	1.6956
4619	yamada y.	0.449	-0.0393	337	0	0	2	3	2.9068	2019	1.5	1.4534
4620	yamamoto m.	0.199	-0.5107	338	0	0	3	5	4.8446	2019	1.6667	1.6149
4621	yamamoto t.	-0.1829	-0.7835	339	0	0	1	1	0.9689	2019	1	0.9689
4622	yamanaka k.	-0.3761	-0.6005	340	0	0	1	1	0.9689	2019	1	0.9689
4623	yamani l.n.	-0.3018	-0.8617	9	7	7	4	9	8.7203	2019	2.25	2.1801
4624	yamaoka y.	-0.7669	-0.3277	341	0	0	4	11	10.6581	2019	2.75	2.6645
4625	yamashita y.	-0.2219	0.4322	342	0	0	1	1	0.9689	2019	1	0.9689
4626	yamato o.	0.9228	0.2967	343	0	0	1	6	5.8135	2019	6	5.8135
4627	yamin a.	0.2566	-0.546	344	0	0	1	0	0	2019	0	0
4628	yanagawa y.	-0.4515	0.4716	345	0	0	1	2	1.9378	2019	2	1.9378
4629	yanestria s.m.	-0.0607	0.8948	4	4	4	1	5	4.8446	2019	5	4.8446
4630	yang s.-h.	0.257	0.0263	346	0	0	1	1	0.9689	2019	1	0.9689
4631	yang s.-y.	0.5027	-0.8077	347	0	0	2	3	2.9068	2019	1.5	1.4534
4632	yaniari r.	0.4732	-0.7961	348	0	0	1	0	0	2019	0	0
4633	yano y.	-0.1749	-0.5226	349	0	0	1	0	0	2019	0	0
4634	yanti b.	-0.1962	-0.9255	350	0	0	1	1	0.9689	2019	1	0.9689
4635	yasin m.	0.8735	-0.0232	7	17	20	30	41	39.7256	2019	1.3667	1.3242
4636	yasmara d.	0.0853	0.823	351	0	0	3	1	0.9689	2019	0.3333	0.323
4637	yasuda i.	-0.47	-0.7205	352	0	0	1	1	0.9689	2019	1	0.9689
4638	yasue a.	-0.7932	-0.073	353	0	0	1	1	0.9689	2019	1	0.9689
4639	yasui t.	0.4822	-0.1507	354	0	0	1	10	9.6892	2019	10	9.6892
4640	yayusman l.	0.494	-0.7087	355	0	0	1	1	0.9689	2019	1	0.9689
4641	yazid m.	0.0027	0.7212	356	0	0	1	1	0.9689	2019	1	0.9689
4642	yean g.y.	0.5102	-0.0419	357	0	0	1	2	1.9378	2019	2	1.9378
4643	yensy n.a.b.	-0.3571	-0.4451	358	0	0	1	1	0.9689	2019	1	0.9689
4644	yeo k.j.	0.477	-0.8214	359	0	0	1	0	0	2019	0	0
4645	yhuwana y.g.y.	0.4502	0.2051	360	0	0	1	1	0.9689	2019	1	0.9689
4646	"yimin, yoshida t."	0.6022	-0.5721	361	0	0	1	1	0.9689	2019	1	0.9689
4647	yoanna v.	-0.0703	-0.4443	362	0	0	1	2	1.9378	2019	2	1.9378
4648	yogiantoro d.	0.4555	-0.3506	363	0	0	1	0	0	2019	0	0
4649	yogiarto m.	-0.3323	-0.6449	364	0	0	1	0	0	2019	0	0
4650	yogiartono r.m.	-0.2439	-0.713	365	0	0	1	0	0	2019	0	0
4651	yokoyama a.	-0.4626	0.1029	366	0	0	1	1	0.9689	2019	1	0.9689
4652	yona d.	0.8974	0.3344	367	0	0	1	0	0	2019	0	0
4653	yonani y.s.	-0.6196	0.4871	368	0	0	1	0	0	2019	0	0
4654	yonas y.	0.2013	-0.2834	369	0	0	2	0	0	2019	0	0
4655	yonemochi n.	-0.1305	0.2352	370	0	0	1	0	0	2019	0	0
4656	yonezawa h.	-0.5792	0.5001	371	0	0	2	3	2.9068	2019	1.5	1.4534
4657	yoo h.y.	0.3446	-0.5138	372	0	0	2	13	12.5959	2019	6.5	6.298
4658	yoon t.-h.	-0.9125	-0.1677	12	4	4	2	1	0.9689	2019	0.5	0.4845
4659	yoshida n.	0.1413	-0.6564	373	0	0	1	2	1.9378	2019	2	1.9378
4660	yoshida t.	-0.6528	0.4567	374	0	0	1	2	1.9378	2019	2	1.9378
4661	yoshimoto k.	0.3565	0.8975	375	0	0	2	3	2.9068	2019	1.5	1.4534
4662	yoshino h.	-0.0153	0.4662	376	0	0	1	1	0.9689	2019	1	0.9689
4663	youl lee j.	0.1639	-0.2164	377	0	0	1	1	0.9689	2019	1	0.9689
4664	yuadi i.	-0.309	-0.4964	378	0	0	2	4	3.8757	2019	2	1.9378
4665	yuanita t.	-0.7897	0.0108	379	0	0	1	0	0	2019	0	0
4666	"yuarnistira, nursalam n."	-0.1773	0.1746	380	0	0	1	1	0.9689	2019	1	0.9689
4667	yudaniayanti i.s.	0.2455	0.264	381	0	0	2	0	0	2019	0	0
4668	yudhana a.	0.1316	0.2965	382	0	0	2	1	0.9689	2019	0.5	0.4845
4669	yudhastuti r.	-0.8863	-0.2798	383	0	0	2	0	0	2019	0	0
4670	yudhawati r.	0.5384	-0.2782	384	0	0	1	0	0	2019	0	0
4671	yudiana i.w.	0.3652	-0.7468	385	0	0	3	1	0.9689	2019	0.3333	0.323
4672	yudianto a.	0.1253	-0.7582	386	0	0	5	1	0.9689	2019	0.2	0.1938
4673	yudono a.	-0.4212	-0.5546	387	0	0	1	0	0	2019	0	0
4674	yufansyah m.	0.3756	0.6873	8	7	7	1	1	0.9689	2019	1	0.9689
4675	yuhana s.	0.3066	-0.8333	388	0	0	2	0	0	2019	0	0
4676	yuliani g.a.	0.1312	0.0747	389	0	0	2	1	0.9689	2019	0.5	0.4845
4677	yuliani h.	-0.2841	0.6481	390	0	0	2	1	0.9689	2019	0.5	0.4845
4678	yulianti e.	0.5594	0.2039	391	0	0	1	0	0	2019	0	0
4679	yulianti p.	0.0054	-0.8927	40	3	3	3	2	1.9378	2019	0.6667	0.6459
4680	yulianto a.b.	0.5378	-0.683	392	0	0	2	4	3.8757	2019	2	1.9378
4681	yulianto b.	0.1342	0.8461	393	0	0	1	2	1.9378	2019	2	1.9378
4682	yulianto listiawan m.	0.2119	-0.4423	394	0	0	2	0	0	2019	0	0
4683	yuliarto b.	-0.6806	0.6619	395	0	0	2	2	1.9378	2019	1	0.9689
4684	yuliasih y.	-0.2478	0.0516	396	0	0	1	3	2.9068	2019	3	2.9068
4685	yuliastuti e.	-0.8061	-0.3103	397	0	0	1	1	0.9689	2019	1	0.9689
4686	yuliati	-0.1204	-0.8147	42	2	2	1	1	0.9689	2019	1	0.9689
4687	yuliati a.	-0.1899	0.6978	398	0	0	2	0	0	2019	0	0
4688	yuliati y.	0.2025	-0.8938	11	4	4	1	0	0	2019	0	0
4689	"yuliati, oki a.s."	-0.3086	0.5735	399	0	0	1	0	0	2019	0	0
4690	yuliawan r.	0.5243	0.0886	400	0	0	1	1	0.9689	2019	1	0.9689
4691	yulinda s.t.	0.3746	-0.0621	401	0	0	1	0	0	2019	0	0
4692	yulistiani r.	0.5122	-0.4304	402	0	0	1	1	0.9689	2019	1	0.9689
4693	"yulistiani, utomo m.t."	0.9306	0.1919	403	0	0	1	0	0	2019	0	0
4694	yuliwulandari r.	-0.3116	0.0252	404	0	0	1	0	0	2019	0	0
4695	yumni h.	-0.3406	0.2982	405	0	0	1	0	0	2019	0	0
4696	yunanto y.	0.0579	0.0563	406	0	0	1	0	0	2019	0	0
4697	yunardi r.t.	-0.5883	-0.5642	407	0	0	3	4	3.8757	2019	1.3333	1.2919
4698	yunata e.e.	0.3357	0.1436	408	0	0	1	0	0	2019	0	0
4699	yung h.k.	0.0845	0.2094	409	0	0	1	1	0.9689	2019	1	0.9689
4700	yuni r.	0.2802	-0.6484	410	0	0	1	0	0	2019	0	0
4701	yuniarsih n.	-0.4927	0.4227	411	0	0	1	0	0	2019	0	0
4702	yuniarta t.a.	-0.096	0.0487	412	0	0	1	0	0	2019	0	0
4703	yuniarti w.m.	-0.0473	-0.7066	35	5	5	6	4	3.8757	2019	0.6667	0.6459
4704	yuniartik m.	-0.3133	-0.0558	413	0	0	1	3	2.9068	2019	3	2.9068
4705	yunikasari r.d.	0.1318	-0.2987	414	0	0	1	0	0	2019	0	0
4706	yunita f.c.	0.1253	-0.5871	415	0	0	1	0	0	2019	0	0
4707	yunita m.n.	0.341	0.071	416	0	0	3	0	0	2019	0	0
4708	yunita o.	-0.1944	-0.7365	417	0	0	1	1	0.9689	2019	1	0.9689
4709	yunitaningrum a.l.	0.0073	0.4251	418	0	0	1	0	0	2019	0	0
4710	yunitasari e.	0.0783	0.9393	419	0	0	2	0	0	2019	0	0
4711	yunus e.	-0.5436	0.2397	26	3	3	1	5	4.8446	2019	5	4.8446
4712	yunus m.	-0.0486	-0.0278	420	0	0	9	1	0.9689	2019	0.1111	0.1077
4713	yupapin p.	0.8735	-0.0145	7	9	11	2	9	8.7203	2019	4.5	4.3601
4714	yupapin p.p.	-0.0749	0.5883	421	0	0	1	1	0.9689	2019	1	0.9689
4715	yusbainika i.n.	-0.1762	-0.082	422	0	0	1	0	0	2019	0	0
4716	yusgita l.	-0.555	-0.6978	423	0	0	1	2	1.9378	2019	2	1.9378
4717	yusna r.	0.2659	-0.1312	424	0	0	1	0	0	2019	0	0
4718	yusof h.h.m.	-0.2513	0.7065	425	0	0	4	6	5.8135	2019	1.5	1.4534
4719	yusoff n.	0.8736	-0.0499	6	4	4	3	9	8.7203	2019	3	2.9068
4720	yusoff n.i.n.	0.7512	0.2663	426	0	0	1	1	0.9689	2019	1	0.9689
4721	yusoff r.a.m.	0.8733	-0.0108	7	6	6	1	7	6.7824	2019	7	6.7824
4722	yusoff s.m.	-0.1829	0.0125	427	0	0	1	0	0	2019	0	0
4723	yustiawan t.	-0.0205	-0.3073	428	0	0	3	0	0	2019	0	0
4724	yustinasari l.	0.0941	0.8698	429	0	0	1	0	0	2019	0	0
4725	yustinasari l.r.	-0.2828	-0.4268	430	0	0	4	0	0	2019	0	0
4726	yusuf a.	-0.1914	0.5585	431	0	0	17	12	11.627	2019	0.7059	0.6839
4727	yusuf h.	0.1096	-0.006	432	0	0	2	6	5.8135	2019	3	2.9068
4728	yusuf m.	-0.4283	-0.8472	433	0	0	4	0	0	2019	0	0
4729	yusuf m.i.	-0.0822	0.506	434	0	0	1	0	0	2019	0	0
4730	yusvarianty d.d.	0.2717	0.0997	435	0	0	1	0	0	2019	0	0
4731	yuwinanto h.p.	0.0177	0.3867	436	0	0	1	0	0	2019	0	0
4732	yuwono m.	-0.1987	-0.5845	437	0	0	2	4	3.8757	2019	2	1.9378
4733	yuwono s.r.	-0.1087	0.1431	438	0	0	1	1	0.9689	2019	1	0.9689
4734	"zafran, mastuti i."	0.0898	-0.2253	439	0	0	2	0	0	2019	0	0
4735	zaidan a.h.	0.661	0.559	3	13	16	5	12	11.627	2019	2.4	2.3254
4736	zaidun m.	0.3982	-0.317	440	0	0	1	0	0	2019	0	0
4737	"zaimah, murtini s."	0.2323	0.926	441	0	0	1	0	0	2019	0	0
4738	zain r.b.	-0.0113	-0.0967	442	0	0	1	1	0.9689	2019	1	0.9689
4739	zain r.m.	-0.6129	-0.4569	443	0	0	1	2	1.9378	2019	2	1.9378
4740	zaini m.k.a.b.	-0.0343	-0.5092	444	0	0	1	0	0	2019	0	0
4741	zainiyah i.p.	-0.8045	-0.0361	445	0	0	1	1	0.9689	2019	1	0.9689
4742	zainuddin n.a.m.	0.5774	-0.0402	446	0	0	1	2	1.9378	2019	2	1.9378
4743	zainudin f.m.	0.5176	-0.324	447	0	0	1	3	2.9068	2019	3	2.9068
4744	zainudin m.a.	-0.1724	-0.6937	448	0	0	1	0	0	2019	0	0
4745	zainuri m.	-0.8033	0.5008	449	0	0	1	3	2.9068	2019	3	2.9068
4746	zairina e.	-0.568	0.6194	31	3	3	2	7	6.7824	2019	3.5	3.3912
4747	zakaria r.	0.2725	-0.2612	450	0	0	5	8	7.7513	2019	1.6	1.5503
4748	"zakariya, alamsjah m.a."	-0.6674	0.6456	451	0	0	1	0	0	2019	0	0
4749	"zakariya, pralebda s.a."	-0.218	-0.3759	452	0	0	1	1	0.9689	2019	1	0.9689
4750	zaki i.	0.3162	-0.873	453	0	0	1	0	0	2019	0	0
4751	zakik z.	-0.6307	0.1265	454	0	0	1	2	1.9378	2019	2	1.9378
4752	"zakiyah, hasmono d."	0.0303	-0.0228	455	0	0	1	0	0	2019	0	0
4753	zalika p.	-0.3327	-0.7102	456	0	0	1	0	0	2019	0	0
4754	zalika z.a.	-0.5201	0.079	457	0	0	1	3	2.9068	2019	3	2.9068
4755	zalinda d.d.	-0.1722	0.6286	458	0	0	1	0	0	2019	0	0
4756	zaman b.	0.0402	0.3574	459	0	0	1	3	2.9068	2019	3	2.9068
4757	zamri-saad m.	0.1854	0.0185	460	0	0	1	0	0	2019	0	0
4758	zamzam a.	-0.1682	0.2948	461	0	0	2	5	4.8446	2019	2.5	2.4223
4759	zamzami l.e.	0.0216	-0.9537	462	0	0	1	0	0	2019	0	0
4760	zein r.a.	-0.1569	-0.6326	463	0	0	1	1	0.9689	2019	1	0.9689
4761	zeng l.-n.	0.0541	0.7751	464	0	0	1	1	0.9689	2019	1	0.9689
4762	zengenene m.	-0.634	-0.0278	465	0	0	1	0	0	2019	0	0
4763	zhai g.	0.5277	0.022	466	0	0	1	0	0	2019	0	0
4764	zhang j.	0.0305	-0.3684	467	0	0	1	0	0	2019	0	0
4765	zhang k.	0.3208	-0.7957	468	0	0	1	1	0.9689	2019	1	0.9689
4766	zhang q.	0.0551	0.3105	469	0	0	2	3	2.9068	2019	1.5	1.4534
4767	zhong x.-m.	-0.2084	-0.4427	470	0	0	1	2	1.9378	2019	2	1.9378
4768	zhou q.	0.5697	-0.5481	471	0	0	1	1	0.9689	2019	1	0.9689
4769	zikriani a.	0.339	-0.1262	472	0	0	1	1	0.9689	2019	1	0.9689
4770	zileli m.	-0.7058	-0.4117	473	0	0	1	0	0	2019	0	0
4771	zimmermann d.	0.5917	0.0079	474	0	0	1	1	0.9689	2019	1	0.9689
4772	zubaidah n.	-0.1963	-0.155	475	0	0	2	0	0	2019	0	0
4773	zuhra f.	-0.8309	0.3016	2	7	7	1	0	0	2019	0	0
4774	zuikafly s.n.	-0.3716	-0.5178	476	0	0	1	0	0	2019	0	0
4775	zulaika e.	-0.3094	0.3624	477	0	0	1	0	0	2019	0	0
4776	zulaikah s.	0.3341	0.2728	478	0	0	1	1	0.9689	2019	1	0.9689
4777	zulaikha a.	0.2048	0.2686	479	0	0	1	0	0	2019	0	0
4778	zuleika z.	0.446	-0.2137	480	0	0	1	1	0.9689	2019	1	0.9689
4779	zulfahmi a.	-0.4144	0.3096	481	0	0	1	0	0	2019	0	0
4780	zulham r.m.	-0.1365	-0.3825	482	0	0	1	0	0	2019	0	0
4781	zulhendry d.w.	0.6308	-0.1689	483	0	0	1	1	0.9689	2019	1	0.9689
4782	zulhijayanti n.a.	-0.0982	-0.3132	484	0	0	2	0	0	2019	0	0
4783	zulian d.	0.5567	-0.5968	485	0	0	1	0	0	2019	0	0
4784	zuliana n.	-0.4881	-0.668	486	0	0	1	0	0	2019	0	0
4785	zulkarnaen m.	0.378	0.8921	487	0	0	1	1	0.9689	2019	1	0.9689
4786	zulkarnain h.	0.2997	0.8999	488	0	0	1	0	0	2019	0	0
4787	zulkarnain i.	0.1684	0.197	489	0	0	4	2	1.9378	2019	0.5	0.4845
4788	zulkifli a.z.	-0.55	-0.6042	490	0	0	1	1	0.9689	2019	1	0.9689
4789	zulkifli m.z.	0.8743	-0.0606	6	5	5	3	12	11.627	2019	4	3.8757
4790	zulkipli n.f.	0.5934	-0.0865	491	0	0	2	2	1.9378	2019	1	0.9689
4791	zuniati n.l.	-0.3631	0.5511	492	0	0	1	0	0	2019	0	0
4792	zuraidah a.a.	0.7252	0.4806	15	8	8	2	11	10.6581	2019	5.5	5.329
