id	label	x	y	cluster	weight<Links>	weight<Total link strength>	weight<Documents>	weight<Citations>	weight<Norm. citations>	score<Avg. pub. year>	score<Avg. citations>	score<Avg. norm. citations>
21	abotsi e.e.	0.897	-0.1499	8	6	17	1	5	4.7158	2019	5	4.7158
23	abraham j.b.	-0.8586	-0.2068	20	7	7	3	1	0.9432	2019	0.3333	0.3144
25	absor m.a.u.	0.8879	-0.3087	33	3	4	3	12	11.3179	2019	4	3.7726
63	aditya t.	-0.8811	0.3227	23	5	5	3	3	2.8295	2019	1	0.9432
66	adji t.n.	0.3222	0.7572	3	18	55	9	19	17.9199	2019	2.1111	1.9911
72	afandy d.	0.3776	-0.8453	17	3	3	3	3	2.8295	2019	1	0.9432
74	affandi y.	0.8879	-0.3088	33	2	2	1	3	2.8295	2019	3	2.8295
84	afoakwa e.o.	0.8959	-0.1502	8	6	17	1	5	4.7158	2019	5	4.7158
88	agniy r.f.	0.3217	0.757	3	17	33	6	12	11.3179	2019	2	1.8863
91	agus c.	-0.7408	-0.0722	10	19	37	9	15	14.1473	2019	1.6667	1.5719
109	ahdyani r.	0.7565	0.4752	18	4	4	1	2	1.8863	2019	2	1.8863
110	ahmad f.	-0.6228	-0.4363	38	2	2	2	2	1.8863	2019	1	0.9432
114	ahmad r.a.	-0.8376	-0.1075	4	19	19	6	5	4.7158	2019	0.8333	0.786
144	"akhyar, husaini, iskandar h."	-0.6228	-0.4363	38	2	2	1	1	0.9432	2019	1	0.9432
145	"akhyar, maliwemu e.u.k."	-0.6228	-0.4363	38	2	2	2	3	2.8295	2019	1.5	1.4147
146	akit h.	-0.4986	0.4528	24	6	10	3	3	2.8295	2019	1	0.9432
157	alam g.	0.7736	0.4465	5	3	3	2	4	3.7726	2019	2	1.8863
166	aletta a.	-0.6752	-0.6113	6	21	21	1	4	3.7726	2019	4	3.7726
180	alhasyimi a.a.	0.6628	-0.3467	41	3	10	5	6	5.6589	2019	1.2	1.1318
189	alimon a.r.	-0.4985	0.4528	24	6	10	3	3	2.8295	2019	1	0.9432
194	alleta a.	-0.6756	-0.6102	6	15	15	1	6	5.6589	2019	6	5.6589
208	amalia w.	0.7261	-0.5882	26	3	3	1	3	2.8295	2019	3	2.8295
209	amalina n.d.	-0.7641	0.5006	9	4	4	1	2	1.8863	2019	2	1.8863
212	amanda c.	-0.0506	-0.9219	16	6	6	1	2	1.8863	2019	2	1.8863
218	amimmal y.m.n.	-0.5362	0.7473	13	4	4	1	1	0.9432	2019	1	0.9432
219	amin c.	0.0458	0.9375	42	2	2	3	2	1.8863	2019	0.6667	0.6288
233	andalas m.	-0.676	-0.6114	6	21	34	2	10	9.4315	2019	5	4.7158
234	andaru r.	-0.881	0.3227	23	2	2	3	4	3.7726	2019	1.3333	1.2575
237	andayani t.m.	0.5239	-0.7837	34	3	6	4	3	2.8295	2019	0.75	0.7074
254	andrianus j.	-0.0504	-0.922	16	6	6	1	2	1.8863	2019	2	1.8863
258	anggara f.	-0.1987	-0.9004	15	6	6	1	2	1.8863	2019	2	1.8863
288	anstey n.m.	-0.8252	-0.0797	2	20	20	6	20	18.8631	2019	3.3333	3.1438
297	anwar s.	-0.6757	-0.6108	6	21	34	3	10	9.4315	2019	3.3333	3.1438
298	anwar s.l.	0.8844	0.1438	1	26	36	6	11	10.3747	2019	1.8333	1.7291
334	arif m.f.	-0.4199	-0.8337	28	4	4	3	0	0	2019	0	0
347	aris marfai m.	0.3256	0.7504	3	6	12	1	0	0	2019	0	0
351	aristya g.r.	-0.4199	-0.8337	28	5	5	5	1	0.9432	2019	0.2	0.1886
356	ariyanto t.	-0.5364	0.7472	13	12	15	14	14	13.2042	2019	1	0.9432
361	armandari i.	-0.7638	0.5008	9	8	8	1	0	0	2019	0	0
369	artama w.t.	0.3597	-0.5377	29	5	8	6	5	4.7158	2019	0.8333	0.786
373	arwiyanto t.	0.5324	-0.5097	21	3	3	1	1	0.9432	2019	1	0.9432
374	aryaguna p.a.	0.6001	0.7269	39	3	3	1	4	3.7726	2019	4	3.7726
375	aryandono t.	0.8853	0.1365	1	14	28	8	22	20.7494	2019	2.75	2.5937
387	asikin a.i.z.	-0.0504	-0.9218	16	8	8	2	7	6.6021	2019	3.5	3.301
406	astuti i.	0.885	0.1446	1	10	10	3	6	5.6589	2019	2	1.8863
415	as’ari a.h.	0.146	-0.8989	7	8	17	1	7	6.6021	2019	7	6.6021
423	atmanto w.	-0.7431	-0.0723	10	9	11	1	2	1.8863	2019	2	1.8863
434	avanti w.s.	0.8846	0.1435	1	18	20	2	5	4.7158	2019	2.5	2.3579
464	bahiuddin i.	-0.0593	0.9311	22	7	10	5	23	21.6926	2019	4.6	4.3385
466	bahtiar i.y.	0.322	0.7557	3	8	8	1	4	3.7726	2019	4	3.7726
468	baihaqi z.a.	-0.7737	0.3366	25	4	4	1	2	1.8863	2019	2	1.8863
469	bailie r.s.	-0.8201	-0.0691	2	12	12	1	1	0.9432	2019	1	0.9432
474	bambang a.	-0.6764	-0.6119	6	15	15	1	6	5.6589	2019	6	5.6589
475	bangs m.j.	-0.837	-0.108	4	8	8	2	10	9.4315	2019	5	4.7158
479	bantara i.	-0.7423	-0.0722	10	18	22	2	4	3.7726	2019	2	1.8863
503	belgiawan p.f.	0.0307	0.7372	35	1	1	1	2	1.8863	2019	2	1.8863
543	boulanger c.	-0.3299	-0.8713	27	4	4	1	0	0	2019	0	0
559	budhi r.h.s.	0.7261	-0.5883	26	3	3	2	0	0	2019	0	0
560	budhijanto w.	-0.8601	0.0653	11	8	8	5	7	6.6021	2019	1.4	1.3204
562	"budhijanto, rochmadi, yuliestyan a."	-0.2609	0.5586	36	3	10	3	9	8.4884	2019	3	2.8295
563	budhiparama n.c.	-0.0506	-0.9218	16	8	8	1	7	6.6021	2019	7	6.6021
567	budi r.f.s.	0.6469	-0.688	31	2	2	1	0	0	2019	0	0
575	budijitno s.	0.884	0.1436	1	10	10	1	2	1.8863	2019	2	1.8863
576	budiman a.	-0.2609	0.5586	36	3	10	8	14	13.2042	2019	1.75	1.6505
579	budisatria i.g.s.	0.3596	-0.5377	29	5	8	15	3	2.8295	2019	0.2	0.1886
585	burdam f.h.	-0.8381	-0.1085	4	8	8	1	9	8.4884	2019	9	8.4884
590	cabral-lim l.	0.8096	-0.4282	12	5	5	1	2	1.8863	2019	2	1.8863
593	cahyadi a.	0.3237	0.7542	3	22	63	16	17	16.0336	2019	1.0625	1.0021
595	cahyani a.	0.897	-0.1517	8	13	54	3	0	0	2019	0	0
596	cahyanti p.a.b.	-0.7421	-0.0722	10	18	33	3	5	4.7158	2019	1.6667	1.5719
602	cahyono b.k.	-0.881	0.3226	23	2	2	1	0	0	2019	0	0
605	caiquo b.a.	0.8964	-0.1548	8	10	22	1	9	8.4884	2019	9	8.4884
619	chalfein f.	-0.8384	-0.108	4	8	8	1	9	8.4884	2019	9	8.4884
621	chamim a.n.n.	-0.1989	-0.9002	15	7	8	1	16	15.0905	2019	16	15.0905
622	chan d.	0.8103	-0.4278	12	5	5	1	2	1.8863	2019	2	1.8863
623	chan g.	-0.8213	-0.0695	2	11	11	1	1	0.9432	2019	1	0.9432
625	chan s.	0.8103	-0.4284	12	5	5	1	2	1.8863	2019	2	1.8863
635	che man y.b.	0.7742	0.4433	5	10	11	1	2	1.8863	2019	2	1.8863
639	chen h.-w.	-0.5435	-0.7632	30	5	13	2	4	3.7726	2019	2	1.8863
651	cho s.	0.2117	-0.4073	19	5	5	1	2	1.8863	2019	2	1.8863
655	choi n.	0.2118	-0.407	19	5	5	1	2	1.8863	2019	2	1.8863
658	choiri s.	0.759	0.4709	18	7	7	6	8	7.5452	2019	1.3333	1.2575
661	chong-tin t.	0.81	-0.4282	12	14	14	1	1	0.9432	2019	1	0.9432
662	choridah l.	0.8848	0.1435	1	18	20	6	8	7.5452	2019	1.3333	1.2575
711	danardono	0.5093	-0.3478	37	3	6	6	2	1.8863	2019	0.3333	0.3144
715	danarti r.	0.7565	0.4751	18	4	6	3	4	3.7726	2019	1.3333	1.2575
739	darwito d.	0.8855	0.1443	1	10	10	1	2	1.8863	2019	2	1.8863
740	"darwito, aryandono t."	0.8847	0.1436	1	18	20	1	4	3.7726	2019	4	3.7726
748	davidson l.	-0.8216	-0.0695	2	11	11	1	1	0.9432	2019	1	0.9432
752	de cooman l.	0.8964	-0.1499	8	6	17	1	5	4.7158	2019	5	4.7158
758	de winne a.	0.898	-0.1505	8	6	17	1	5	4.7158	2019	5	4.7158
764	"deendarlianto, hudaya a.z."	-0.8616	0.0702	11	8	10	1	0	0	2019	0	0
767	"deendarlianto, prihantini n.b."	-0.8601	0.0651	11	5	5	1	2	1.8863	2019	2	1.8863
768	"deendarlianto, rahmandhika a."	-0.8618	0.0711	11	2	2	1	9	8.4884	2019	9	8.4884
769	"deendarlianto, supraba i."	-0.8602	0.065	11	5	5	1	4	3.7726	2019	4	3.7726
779	devine a.	-0.837	-0.1081	4	8	8	1	9	8.4884	2019	9	8.4884
785	dewettinck k.	0.896	-0.1544	8	10	49	3	18	16.9768	2019	6	5.6589
791	dewi e.p.f.	-0.1991	-0.9002	15	4	4	1	0	0	2019	0	0
806	dharmana e.	0.8855	0.1434	1	10	10	1	2	1.8863	2019	2	1.8863
819	diasti d.r.	0.8956	-0.1557	8	6	9	3	0	0	2019	0	0
823	dinaryanto o.	-0.8604	0.0665	11	10	12	3	20	18.8631	2019	6.6667	6.2877
849	douglas n.m.	-0.8383	-0.1077	4	8	8	4	13	12.261	2019	3.25	3.0653
852	du cros p.	-0.8217	-0.0693	2	11	11	1	1	0.9432	2019	1	0.9432
864	dwianingsih e.k.	0.885	0.1437	1	18	20	5	5	4.7158	2019	1	0.9432
869	dwiprahasto i.	0.8856	0.1311	1	4	8	6	21	19.8063	2019	3.5	3.301
873	dyaningrum e.f.	0.8963	-0.1558	8	6	9	2	0	0	2019	0	0
878	eakub ali m.d.	0.7742	0.4432	5	10	11	1	2	1.8863	2019	2	1.8863
888	effendie a.r.	0.5094	-0.3479	37	3	6	8	2	1.8863	2019	0.25	0.2358
914	endarti d.	0.5239	-0.7837	34	3	6	4	3	2.8295	2019	0.75	0.7074
936	ertanto y.	-0.7639	0.5008	9	8	8	1	0	0	2019	0	0
966	fadzilah n.a.	0.7743	0.443	5	3	3	2	5	4.7158	2019	2.5	2.3579
981	fajar mukti n.i.	-0.5356	0.7475	13	3	3	1	3	2.8295	2019	3	2.8295
991	faqar d.	0.3595	-0.5378	29	4	4	1	0	0	2019	0	0
1000	faridah e.	-0.7425	-0.0719	10	9	12	3	8	7.5452	2019	2.6667	2.5151
1013	fatchurohman h.	0.3245	0.7523	3	15	35	5	5	4.7158	2019	1	0.9432
1020	fathoni h.	0.3221	0.7553	3	5	5	1	4	3.7726	2019	4	3.7726
1031	fatoni h.	0.322	0.7584	3	13	17	1	5	4.7158	2019	5	4.7158
1032	fauzan i.	0.1366	-0.8983	7	6	6	1	3	2.8295	2019	3	2.8295
1036	fauzi a.r.	0.3777	-0.8452	17	3	3	3	3	2.8295	2019	1	0.9432
1046	fawzi m.e.	-0.1989	-0.9002	15	7	8	1	16	15.0905	2019	16	15.0905
1079	fitria m.s.	0.8843	0.1446	1	10	10	1	1	0.9432	2019	1	0.9432
1092	fong s.-l.	0.8104	-0.4282	12	5	5	1	2	1.8863	2019	2	1.8863
1095	frannita e.l.	-0.8586	-0.2073	20	1	1	6	2	1.8863	2019	0.3333	0.3144
1108	fudholi a.	0.759	0.471	18	4	4	6	6	5.6589	2019	1	0.9432
1109	fujiki h.	-0.7597	0.507	9	10	10	1	2	1.8863	2019	2	1.8863
1130	gdeumana k.	-0.8375	-0.1087	4	8	8	1	9	8.4884	2019	9	8.4884
1134	ghozali a.	0.8842	0.1433	1	10	10	1	2	1.8863	2019	2	1.8863
1153	graham s.	-0.8206	-0.0691	2	19	21	2	2	1.8863	2019	1	0.9432
1160	groneberg d.a.	-0.6756	-0.6126	6	15	15	1	6	5.6589	2019	6	5.6589
1164	gunadharma s.	0.81	-0.4285	12	5	5	1	2	1.8863	2019	2	1.8863
1167	"gunadi, iskandar k."	0.3778	-0.8454	17	9	9	1	6	5.6589	2019	6	5.6589
1168	"gunadi, kalim a.s."	0.3779	-0.8456	17	3	3	1	1	0.9432	2019	1	0.9432
1208	hadi s.p.	0.6469	-0.6881	31	4	4	12	12	11.3179	2019	1	0.9432
1216	hadisaputra s.	-0.4689	-0.3776	14	12	29	5	15	14.1473	2019	3	2.8295
1219	hadiyanto h.	-0.2609	0.5586	36	3	6	2	1	0.9432	2019	0.5	0.4716
1223	haeck j.	0.8982	-0.1509	8	6	17	1	5	4.7158	2019	5	4.7158
1228	hakika d.c.	-0.5378	0.7465	13	6	6	1	1	0.9432	2019	1	0.9432
1229	hakim a.	-0.4692	-0.3777	14	6	6	1	1	0.9432	2019	1	0.9432
1241	hamdiani s.	-0.469	-0.3776	14	12	21	3	11	10.3747	2019	3.6667	3.4582
1295	harahap w.a.	0.8849	0.1436	1	18	20	2	6	5.6589	2019	3	2.8295
1296	harapan h.	-0.6747	-0.6113	6	21	34	2	10	9.4315	2019	5	4.7158
1305	harianja v.	-0.7428	-0.0725	10	9	11	1	2	1.8863	2019	2	1.8863
1319	hariyono d.n.h.	0.2118	-0.4073	19	8	11	5	3	2.8295	2019	0.6	0.5659
1324	harmayani e.	0.8964	-0.1518	8	13	54	6	8	7.5452	2019	1.3333	1.2575
1350	"hartono, imron m.a."	0.0719	0.5766	45	2	4	2	1	0.9432	2019	0.5	0.4716
1364	haryana s.m.	0.8846	0.1446	1	10	10	3	1	0.9432	2019	0.3333	0.3144
1371	haryono e.	0.3219	0.7571	3	18	55	12	21	19.8063	2019	1.75	1.6505
1376	hasanah s.a.	0.1477	-0.8976	7	11	45	2	11	10.3747	2019	5.5	5.1874
1388	hastuti d.p.	0.7263	-0.5883	26	6	9	2	3	2.8295	2019	1.5	1.4147
1396	hawkins s.	-0.3297	-0.8713	27	4	4	1	0	0	2019	0	0
1424	hendryan a.	-0.7432	-0.072	10	9	11	1	2	1.8863	2019	2	1.8863
1453	hermawan a.	0.7714	0.4483	5	2	3	6	6	5.6589	2019	1	0.9432
1462	hernando a.	-0.5357	0.7475	13	3	3	1	0	0	2019	0	0
1467	herviastuti r.	0.8847	0.1439	1	18	20	1	4	3.7726	2019	4	3.7726
1484	hidayat m.	-0.5379	0.7464	13	6	6	8	7	6.6021	2019	0.875	0.8253
1487	hidayat r.	-0.8604	-0.2162	20	2	4	19	8	7.5452	2019	0.4211	0.3971
1489	hidayat s.n.	0.1394	-0.8981	7	19	43	4	14	13.2042	2019	3.5	3.301
1508	hinneh m.	0.8964	-0.1538	8	10	39	2	14	13.2042	2019	7	6.6021
1547	hudaya a.z.	-0.8618	0.0711	11	2	2	1	5	4.7158	2019	5	4.7158
1560	hutahaean b.	-0.7432	-0.072	10	9	11	1	2	1.8863	2019	2	1.8863
1561	hutahaean b.p.	-0.7417	-0.072	10	13	13	1	2	1.8863	2019	2	1.8863
1567	ibrahim a.	0.3596	-0.5378	29	5	8	7	1	0.9432	2019	0.1429	0.1347
1568	ichsan i.	-0.6759	-0.6117	6	21	34	2	10	9.4315	2019	5	4.7158
1581	ikawati m.	-0.7638	0.5008	9	9	10	4	5	4.7158	2019	1.25	1.1789
1588	ikram i.	-0.6749	-0.6119	6	21	34	2	10	9.4315	2019	5	4.7158
1592	"ilhamsyah, hamdiani s."	-0.4694	-0.3774	14	6	6	1	2	1.8863	2019	2	1.8863
1595	ilmawati g.p.n.	-0.764	0.5006	9	4	4	1	2	1.8863	2019	2	1.8863
1598	imaduddin f.	-0.0592	0.9311	22	7	10	4	10	9.4315	2019	2.5	2.3579
1604	imrie a.	-0.6764	-0.6108	6	15	15	1	6	5.6589	2019	6	5.6589
1610	indah r.	-0.6756	-0.612	6	21	34	2	10	9.4315	2019	5	4.7158
1614	indarto	-0.8618	0.0711	11	2	2	1	9	8.4884	2019	9	8.4884
1619	"indarto, deendarlianto"	-0.8579	0.0574	11	11	12	6	18	16.9768	2019	3	2.8295
1620	"indarto, ozzilenda soegiharto k.d."	-0.8615	0.0701	11	8	10	1	0	0	2019	0	0
1621	"indarto, widyaparaga a."	-0.86	0.0651	11	5	5	1	4	3.7726	2019	4	3.7726
1648	irawan m.z.	0.0307	0.7372	35	3	3	3	7	6.6021	2019	2.3333	2.2007
1664	"irnawati, erwanto y."	0.774	0.4432	5	3	3	1	3	2.8295	2019	3	2.8295
1665	"irnawati, riyanto s."	0.7737	0.4462	5	8	10	1	1	0.9432	2019	1	0.9432
1677	ishii f.	0.8879	-0.3087	33	3	4	2	11	10.3747	2019	5.5	5.1874
1679	iskandar k.	0.3779	-0.8454	17	3	3	4	7	6.6021	2019	1.75	1.6505
1701	"istarno, djurdjani, ramadhan g.r."	-0.8812	0.3227	23	2	2	1	0	0	2019	0	0
1708	iswahyudi s.	-0.3284	0.8712	32	3	3	2	1	0.9432	2019	0.5	0.4716
1710	iswanto p.t.	-0.6228	-0.4363	38	2	2	5	6	5.6589	2019	1.2	1.1318
1712	"iswanto, megantoro p."	-0.199	-0.9001	15	4	8	2	5	4.7158	2019	2.5	2.3579
1715	"iswanto, wiyagi r.o."	-0.1989	-0.9002	15	7	8	1	16	15.0905	2019	16	15.0905
1725	jahromi m.f.	-0.4985	0.4526	24	5	5	1	2	1.8863	2019	2	1.8863
1733	jamilatun s.	-0.2609	0.5586	36	3	10	4	10	9.4315	2019	2.5	2.3579
1751	jenie r.i.	-0.764	0.5006	9	4	4	5	7	6.6021	2019	1.4	1.3204
1759	joko t.	0.5323	-0.5097	21	7	9	4	5	4.7158	2019	1.25	1.1789
1773	julian t.	0.1394	-0.8982	7	19	43	4	14	13.2042	2019	3.5	3.301
1791	juwana w.e.	-0.8604	0.0661	11	10	10	3	11	10.3747	2019	3.6667	3.4582
1796	kaharudin h.a.f.	-0.3298	-0.8712	27	4	4	1	0	0	2019	0	0
1800	kakiuchi k.	-0.7594	0.5071	9	10	10	1	2	1.8863	2019	2	1.8863
1812	kanaya s.	-0.7593	0.5067	9	12	20	2	4	3.7726	2019	2	1.8863
1817	kapoor a.	0.3778	-0.8454	17	9	9	1	6	5.6589	2019	6	5.6589
1827	kartika a.i.	0.8853	0.1445	1	10	10	2	2	1.8863	2019	1	0.9432
1831	kartini i.	-0.4697	-0.3797	14	2	4	4	4	3.7726	2019	1	0.9432
1836	karyadi j.n.w.	0.8967	-0.1558	8	6	9	9	0	0	2019	0	0
1842	kasiamdari r.s.	-0.4199	-0.8338	28	3	3	9	2	1.8863	2019	0.2222	0.2096
1849	kato j.-y.	-0.7607	0.505	9	16	24	4	9	8.4884	2019	2.25	2.1221
1859	kee l.t.	-0.4986	0.4527	24	5	5	1	2	1.8863	2019	2	1.8863
1868	kenangalem e.	-0.8326	-0.0966	4	35	37	7	21	19.8063	2019	3	2.8295
1869	kencana s.m.s.	0.3778	-0.8455	17	3	3	1	1	0.9432	2019	1	0.9432
1894	kheng-seang l.	0.81	-0.4281	12	14	14	1	1	0.9432	2019	1	0.9432
1902	khumaira a.	-0.7638	0.5009	9	9	10	3	3	2.8295	2019	1	0.9432
1920	kisworo b.	-0.0503	-0.9218	16	6	6	1	2	1.8863	2019	2	1.8863
1927	kluczykoff m.	0.8961	-0.1548	8	10	22	1	9	8.4884	2019	9	8.4884
1967	kristina s.a.	-0.1986	-0.9004	15	4	4	11	127	119.7807	2019	11.5455	10.8892
1972	kuch u.	-0.6745	-0.6122	6	15	15	1	6	5.6589	2019	6	5.6589
1986	kuncahyo i.	0.7589	0.471	18	4	4	3	4	3.7726	2019	1.3333	1.2575
2004	kurniasari j.	0.8966	-0.1516	8	13	54	3	0	0	2019	0	0
2005	kurniasari m.	-0.5362	0.7473	13	5	5	1	4	3.7726	2019	4	3.7726
2016	kurniawan i.a.	0.3222	0.7569	3	15	22	2	9	8.4884	2019	4.5	4.2442
2019	kurniawan k.r.	-0.7417	-0.0723	10	13	13	1	1	0.9432	2019	1	0.9432
2055	kusumaatmaja a.	0.1468	-0.8976	7	11	110	8	49	46.2714	2019.125	6.125	5.7839
2071	kusumawardani s.s.	-0.2438	-0.4117	43	2	4	8	5	4.7158	2019	0.625	0.5895
2090	laksmana w.t.	-0.5368	0.747	13	10	11	3	7	6.6021	2019	2.3333	2.2007
2091	laksono d.	-0.8811	0.3227	23	5	5	3	3	2.8295	2019	1	0.9432
2092	laksono i.s.	-0.8375	-0.1074	4	19	19	1	1	0.9432	2019	1	0.9432
2096	lampah d.a.	-0.8375	-0.1075	4	19	19	3	3	2.8295	2019	1	0.9432
2105	larasati b.	-0.4199	-0.8337	28	3	3	2	1	0.9432	2019	0.5	0.4716
2106	larasati d.	0.759	0.4708	18	5	5	1	1	0.9432	2019	1	0.9432
2122	laukkala j.	-0.8213	-0.0693	2	11	11	1	1	0.9432	2019	1	0.9432
2130	lazuardi l.	0.8856	0.1311	1	4	8	13	38	35.8399	2019	2.9231	2.7569
2131	lazuardi w.	0.6001	0.7269	39	3	4	7	7	6.6021	2019	1	0.9432
2133	le v.-t.	0.8105	-0.4279	12	5	5	1	2	1.8863	2019	2	1.8863
2141	lee j.-h.	0.2119	-0.4072	19	8	11	2	2	1.8863	2019	1	0.9432
2148	lei y.-p.	-0.5436	-0.7631	30	5	13	2	4	3.7726	2019	2	1.8863
2155	lelono d.	0.1367	-0.8983	7	6	6	2	3	2.8295	2019	1.5	1.4147
2164	lestari a.d.	0.7745	0.4477	5	3	3	1	0	0	2019	0	0
2165	lestari b.	-0.7591	0.5071	9	12	12	4	7	6.6021	2019	1.75	1.6505
2174	lestari t.	-0.7892	-0.0705	2	32	35	5	10	9.4315	2019	2	1.8863
2177	lestarii t.	-0.7431	-0.0719	10	9	11	1	2	1.8863	2019	2	1.8863
2180	liana e.	0.3776	-0.8454	17	3	3	1	1	0.9432	2019	1	0.9432
2190	lim k.-s.	0.8097	-0.4283	12	5	5	1	2	1.8863	2019	2	1.8863
2220	lukitaningsih e.	0.7739	0.4431	5	3	3	5	4	3.7726	2019	0.8	0.7545
2225	lumban-gaol i.	-0.0505	-0.9219	16	8	8	1	7	6.6021	2019	7	6.6021
2234	lutfiyah r.a.	0.8959	-0.1558	8	6	9	2	0	0	2019	0	0
2269	maharani d.	0.2118	-0.4072	19	8	11	10	5	4.7158	2019	0.5	0.4716
2281	mahendradhata y.	-0.8298	-0.0392	2	17	17	7	9	8.4884	2019	1.2857	1.2126
2285	"mahirta, kealy s."	-0.3298	-0.8712	27	6	7	2	4	3.7726	2019	2	1.8863
2290	main s.	-0.8214	-0.069	2	11	11	1	1	0.9432	2019	1	0.9432
2293	majid a.i.	-0.86	0.0649	11	5	5	3	4	3.7726	2019	1.3333	1.2575
2294	majumdar s.	-0.8215	-0.0692	2	11	11	1	1	0.9432	2019	1	0.9432
2295	makhmudi a.	0.3777	-0.8454	17	10	10	6	15	14.1473	2019	2.5	2.3579
2302	maloney t.	-0.3298	-0.8713	27	5	5	1	4	3.7726	2019	4	3.7726
2309	manjula p.	0.2117	-0.4072	19	5	5	1	2	1.8863	2019	2	1.8863
2335	marfai m.a.	0.3255	0.7506	3	3	6	13	3	2.8295	2019	0.2308	0.2177
2337	marfurt j.	-0.8379	-0.1084	4	8	8	1	9	8.4884	2019	9	8.4884
2355	marsiano a.f.d.	-0.8587	-0.2072	20	1	1	3	1	0.9432	2019	0.3333	0.3144
2365	martien r.	0.7574	0.4736	18	8	10	11	12	11.3179	2019	1.0909	1.0289
2371	martono s.	0.7739	0.4468	5	10	22	12	5	4.7158	2019	0.4167	0.393
2401	masrul m.	0.8856	0.1311	1	4	4	1	1	0.9432	2019	1	0.9432
2423	maulana r.	-0.6752	-0.612	6	21	34	2	10	9.4315	2019	5	4.7158
2426	maurya p.k.	-0.5435	-0.7632	30	5	13	2	4	3.7726	2019	2	1.8863
2439	mazlan s.a.	-0.0591	0.9312	22	7	10	5	23	21.6926	2019	4.6	4.3385
2445	megantoro p.	-0.1987	-0.9003	15	6	6	1	2	1.8863	2019	2	1.8863
2455	meiyanto e.	-0.7607	0.5049	9	16	24	16	18	16.9768	2019	1.125	1.061
2463	messens k.	0.8975	-0.1502	8	6	17	1	5	4.7158	2019	5	4.7158
2478	mindaryani a.	-0.5379	0.7465	13	6	6	3	1	0.9432	2019	0.3333	0.3144
2479	minh-anle t.	0.81	-0.4282	12	14	14	1	1	0.9432	2019	1	0.9432
2501	mohamad n.	-0.0593	0.9312	22	5	5	1	2	1.8863	2019	2	1.8863
2509	morimoto t.	-0.7591	0.5068	9	12	20	2	4	3.7726	2019	2	1.8863
2520	muchtaridi m.	0.7738	0.4464	5	3	3	2	4	3.7726	2019	2	1.8863
2530	mudatsir m.	-0.6753	-0.6117	6	21	34	2	10	9.4315	2019	5	4.7158
2549	muhtadi w.k.	0.7565	0.4752	18	4	4	1	2	1.8863	2019	2	1.8863
2552	mujib a.	0.3219	0.7557	3	8	8	1	4	3.7726	2019	4	3.7726
2588	munir m.	0.6001	0.7268	39	3	3	3	2	1.8863	2019	0.6667	0.6288
2596	murhandarwati e.e.h.	-0.8391	-0.1146	4	20	20	6	7	6.6021	2019	1.1667	1.1003
2659	müller r.	-0.674	-0.6114	6	15	15	1	6	5.6589	2019	6	5.6589
2666	nafingah r.	0.8967	-0.1517	8	13	54	3	0	0	2019	0	0
2678	nakamae i.	-0.7593	0.5069	9	12	20	3	7	6.6021	2019	2.3333	2.2007
2692	nasruddin	-0.8599	0.065	11	5	5	1	2	1.8863	2019	2	1.8863
2707	naufal m.	0.3218	0.7586	3	9	13	8	2	1.8863	2019	0.25	0.2358
2721	ngadiman n.	0.1367	-0.8985	7	6	6	1	3	2.8295	2019	3	2.8295
2740	nindrea r.d.	0.8857	0.1313	1	4	10	8	24	22.6357	2019	3	2.8295
2777	novitasari l.	0.7565	0.4751	18	4	6	2	4	3.7726	2019	2	1.8863
2779	noviyani p.	-0.7418	-0.0723	10	13	13	1	1	0.9432	2019	1	0.9432
2780	noviyanti r.	-0.8372	-0.1085	4	8	8	1	9	8.4884	2019	9	8.4884
2798	nugraheni a.d.	0.7264	-0.5884	26	3	3	1	0	0	2019	0	0
2801	nugraheni y.r.	-0.7737	0.3365	25	3	3	2	4	3.7726	2019	2	1.8863
2805	nugroho a.k.	0.7591	0.4709	18	5	5	3	1	0.9432	2019	0.3333	0.3144
2810	nugroho d.b.	0.1463	-0.8977	7	11	77	6	34	32.0673	2019	5.6667	5.3445
2814	nugroho h.a.	-0.8603	-0.2154	20	3	5	31	19	17.9199	2019	0.6129	0.5781
2817	nugroho l.e.	0.0706	0.4503	44	2	4	15	18	16.9768	2019	1.2	1.1318
2833	nurbaiti n.	0.1467	-0.8962	7	8	17	1	3	2.8295	2019	3	2.8295
2836	nurcahyo w.	-0.7737	0.3365	25	4	4	4	6	5.6589	2019	1.5	1.4147
2841	nurfauzi r.	-0.8587	-0.2072	20	1	1	6	2	1.8863	2019	0.3333	0.3144
2855	nurjani e.	0.3212	0.7577	3	9	13	7	2	1.8863	2019	0.2857	0.2695
2859	nurkholis a.	0.3221	0.7576	3	17	49	7	16	15.0905	2019	2.2857	2.1558
2870	nurteisa y.t.	0.3226	0.7584	3	9	13	2	0	0	2019	0	0
2878	nurwantoro p.	0.7263	-0.5883	26	6	10	4	6	5.6589	2019	1.5	1.4147
2883	nuryono	-0.4689	-0.378	14	6	12	3	4	3.7726	2019	1.3333	1.2575
2884	nuryono n.	-0.4693	-0.3785	14	14	25	6	17	16.0336	2019	2.8333	2.6723
2895	o'connor s.	-0.3298	-0.8713	27	6	7	2	4	3.7726	2019	2	1.8863
2904	"ohnmar, chua a.e."	0.8098	-0.4278	12	5	5	1	2	1.8863	2019	2	1.8863
2928	orbayinah s.	0.7716	0.4484	5	2	3	1	3	2.8295	2019	3	2.8295
2939	paesal p.	-0.538	0.7464	13	4	4	1	2	1.8863	2019	2	1.8863
3006	penttinen p.	-0.8373	-0.1082	4	8	8	1	9	8.4884	2019	9	8.4884
3012	peres a.m.	0.1365	-0.8983	7	10	13	2	4	3.7726	2019	2	1.8863
3019	permanasari a.e.	-0.2437	-0.4117	43	2	4	10	8	7.5452	2019	0.8	0.7545
3021	permatasari h.a.	0.1337	-0.8985	7	2	2	1	1	0.9432	2019	1	0.9432
3030	pertiwiningrum a.	-0.7432	-0.0722	10	9	11	12	6	5.6589	2019	0.5	0.4716
3034	phatama k.y.	-0.0506	-0.922	16	6	6	1	2	1.8863	2019	2	1.8863
3037	phung s.	-0.8214	-0.0696	2	11	11	1	1	0.9432	2019	1	0.9432
3052	poespoprodjo j.r.	-0.8326	-0.0966	4	35	37	8	24	22.6357	2019	3	2.8295
3070	prabowo i.e.	-0.1987	-0.9004	15	6	6	1	2	1.8863	2019	2	1.8863
3077	pradecta m.r.	-0.86	0.065	11	5	5	2	4	3.7726	2019	2	1.8863
3113	prananto y.p.	-0.4685	-0.3779	14	6	6	1	2	1.8863	2019	2	1.8863
3125	prasetya a.	-0.538	0.7464	13	4	4	11	12	11.3179	2019	1.0909	1.0289
3134	prasetyo i.	-0.5359	0.7474	13	6	8	5	4	3.7726	2019	0.8	0.7545
3143	prasidya d.a.	0.5805	-0.1623	40	2	2	1	0	0	2019	0	0
3150	prastowo j.	-0.7737	0.3366	25	3	3	3	5	4.7158	2019	1.6667	1.5719
3169	pratiwi r.	0.774	0.4464	5	3	3	5	3	2.8295	2019	0.6	0.5659
3188	"prayoga, thio f."	-0.8383	-0.1083	4	8	8	1	9	8.4884	2019	9	8.4884
3198	price r.n.	-0.8377	-0.1087	4	8	8	6	22	20.7494	2019	3.6667	3.4582
3207	primananda e.	-0.7369	-0.0724	10	1	1	2	6	5.6589	2019	3	2.8295
3229	pujiono e.	0.0719	0.5766	45	2	4	2	1	0.9432	2019	0.5	0.4716
3230	pujiyanta a.	0.0706	0.4503	44	2	4	2	3	2.8295	2019	1.5	1.4147
3234	purba n.b.r.	0.7744	0.4477	5	3	11	3	4	3.7726	2019	1.3333	1.2575
3254	purnomo	-0.4346	-0.7403	46	2	4	7	11	10.3747	2019	1.5714	1.4821
3259	purnomo e.	0.3777	-0.8455	17	3	3	1	1	0.9432	2019	1	0.9432
3261	purnomo j.	0.8846	0.143	1	10	10	1	2	1.8863	2019	2	1.8863
3288	purwoko a.a.	-0.4688	-0.3777	14	12	29	4	10	9.4315	2019	2.5	2.3579
3307	putera d.d.	-0.8399	-0.0064	2	5	5	2	2	1.8863	2019	1	0.9432
3317	putra d.d.i.	0.2118	-0.4072	19	8	8	1	0	0	2019	0	0
3344	putri a.r.	0.7716	0.4481	5	7	8	3	8	7.5452	2019	2.6667	2.5151
3403	rafi m.	0.7743	0.4433	5	3	3	3	5	4.7158	2019	1.6667	1.5719
3413	raharjo c.a.	0.8848	0.1439	1	18	20	1	4	3.7726	2019	4	3.7726
3417	rahayoe s.	0.8968	-0.1514	8	13	34	6	0	0	2019	0	0
3439	rahman a.	-0.8602	0.0651	11	5	5	2	2	1.8863	2019	1	0.9432
3452	rahmawati e.	-0.5435	-0.7631	30	5	17	3	4	3.7726	2019	1.3333	1.2575
3454	rahmawati r.	-0.4687	-0.3772	14	6	6	4	7	6.6021	2019	1.75	1.6505
3458	"rahmawati, asnawati d."	-0.4684	-0.3776	14	6	6	1	2	1.8863	2019	2	1.8863
3459	"rahmawati, hamdiani s."	-0.4691	-0.3772	14	6	6	1	2	1.8863	2019	2	1.8863
3461	rajamoorthy y.	-0.6759	-0.6112	6	21	34	2	10	9.4315	2019	5	4.7158
3466	rakhmina d.	0.8839	0.144	1	10	10	1	1	0.9432	2019	1	0.9432
3467	ralph a.	-0.8216	-0.0691	2	11	11	1	1	0.9432	2019	1	0.9432
3468	ralph a.p.	-0.8202	-0.0691	2	12	12	1	1	0.9432	2019	1	0.9432
3469	ramadana m.r.	-0.6756	-0.6113	6	21	34	2	10	9.4315	2019	5	4.7158
3507	reepmeyer c.	-0.3298	-0.8712	27	5	5	1	4	3.7726	2019	4	3.7726
3511	reinhard h.	0.3228	0.7581	3	9	13	1	0	0	2019	0	0
3519	retnaningrum e.	0.5805	-0.1623	40	3	4	5	4	3.7726	2019	0.8	0.7545
3526	rhatomy s.	-0.0504	-0.9219	16	11	12	4	9	8.4884	2019	2.25	2.1221
3528	rianjanu a.	0.1471	-0.898	7	11	110	6	47	44.3283	2019	7.8333	7.388
3545	rihadini m.s.	0.6628	-0.3466	41	3	5	1	1	0.9432	2019	1	0.9432
3552	rinca k.f.	-0.7737	0.3366	25	3	3	1	2	1.8863	2019	2	1.8863
3568	riwanto i.	0.8842	0.1444	1	10	10	2	3	2.8295	2019	1.5	1.4147
3569	riyadi g.	-0.8812	0.3227	23	2	2	2	0	0	2019	0	0
3571	riyanto i.a.	0.3212	0.7579	3	9	13	5	1	0.9432	2019	0.2	0.1886
3573	riyanto s.	0.7738	0.4466	5	3	3	6	7	6.6021	2019	1.1667	1.1003
3575	rizal a.	-0.8604	-0.2161	20	2	4	4	5	4.7158	2019	1.25	1.1789
3579	rizaldi m.i.	-0.86	0.065	11	5	5	1	2	1.8863	2019	2	1.8863
3580	rizkayanti y.	0.1337	-0.8985	7	2	2	1	5	4.7158	2019	5	4.7158
3595	"rochmadi, prasetyo i."	-0.5362	0.7473	13	5	5	1	4	3.7726	2019	4	3.7726
3602	rodríguez-morales a.j.	-0.6746	-0.6105	6	15	15	1	6	5.6589	2019	6	5.6589
3608	rohimah i.h.	-0.4688	-0.3775	14	12	17	1	5	4.7158	2019	5	4.7158
3613	rohman a.	0.7721	0.4482	5	26	47	37	60	56.5893	2019	1.6216	1.5294
3616	rohmat t.a.	-0.3285	0.8712	32	3	3	1	1	0.9432	2019	1	0.9432
3624	rosadi d.	0.5093	-0.3478	37	3	6	8	27	25.4652	2019	3.375	3.1831
3625	rosaji f.s.c.	0.3254	0.7503	3	3	6	3	1	0.9432	2019	0.3333	0.3144
3634	rosyida n.f.	0.6628	-0.3467	41	3	10	4	6	5.6589	2019	1.5	1.4147
3635	roto r.	0.1469	-0.8972	7	11	110	10	56	52.8167	2019	5.6	5.2817
3650	rukmoyo t.	-0.0505	-0.9219	16	11	12	2	9	8.4884	2019	4.5	4.2442
3660	rusman a.	0.1363	-0.8983	7	9	9	1	1	0.9432	2019	1	0.9432
3685	sadono r.	0.0719	0.5766	45	2	4	5	4	3.7726	2019	0.8	0.7545
3686	saeed o.a.	-0.4985	0.4527	24	6	10	3	3	2.8295	2019	1	0.9432
3696	saifur rohman m.	0.5323	-0.5096	21	6	7	1	0	0	2019	0	0
3706	saktiawati a.m.i.	-0.8398	-0.0067	2	7	8	4	9	8.4884	2019	2.25	2.1221
3719	samsudin a.a.	-0.4985	0.4529	24	6	10	3	3	2.8295	2019	1	0.9432
3739	santoso d.	-0.8216	-0.069	2	11	11	1	1	0.9432	2019	1	0.9432
3750	saptoadi h.	-0.4346	-0.7403	46	2	4	6	16	15.0905	2019	2.6667	2.5151
3762	saputro a.d.	0.8965	-0.153	8	21	94	11	18	16.9768	2019	1.6364	1.5433
3779	sari d.n.i.	0.884	0.1443	1	10	10	1	1	0.9432	2019	1	0.9432
3780	sari d.p.	0.5093	-0.3479	37	3	6	2	2	1.8863	2019	1	0.9432
3788	sari s.	0.5239	-0.7837	34	3	6	2	2	1.8863	2019	1	0.9432
3798	"sarjiya, budi r.f.s."	0.6469	-0.6881	31	4	4	1	8	7.5452	2019	8	7.5452
3799	"sarjiya, hadi s.p."	0.647	-0.6881	31	2	2	2	0	0	2019	0	0
3804	"sarjiya, setya budi r.f."	0.6469	-0.6881	31	2	2	1	0	0	2019	0	0
3813	sarto s.	-0.5379	0.7465	13	8	8	3	30	28.2946	2019	10	9.4315
3817	sarwendah r.a.g.	-0.5363	0.7473	13	4	4	1	1	0.9432	2019	1	0.9432
3858	savalas l.r.t.	-0.4689	-0.3775	14	12	21	2	6	5.6589	2019	3	2.8295
3865	sazili a.q.	-0.4984	0.4528	24	6	10	3	3	2.8295	2019	1	0.9432
3880	sejahtera d.p.	0.8099	-0.4282	12	17	17	2	3	2.8295	2019	1.5	1.4147
3893	senzas d.v.	-0.199	-0.9001	15	4	4	1	5	4.7158	2019	5	4.7158
3894	seo d.	0.212	-0.4072	19	5	5	1	2	1.8863	2019	2	1.8863
3913	setiawan a.m.	-0.6748	-0.6115	6	21	34	2	10	9.4315	2019	5	4.7158
3952	setyawan a.	-0.8428	0.0041	2	6	7	4	11	10.3747	2019	2.75	2.5937
3958	setyawan r.	-0.0505	-0.9217	16	6	6	3	2	1.8863	2019	0.6667	0.6288
3964	setyoheriyanto d.	0.8849	0.1438	1	18	20	1	4	3.7726	2019	4	3.7726
3965	setyoningrum r.	-0.4199	-0.8337	28	3	3	1	1	0.9432	2019	1	0.9432
3978	shapiai m.i.	-0.0592	0.9311	22	7	10	3	8	7.5452	2019	2.6667	2.5151
3984	shima h.	-0.7589	0.5066	9	10	10	1	2	1.8863	2019	2	1.8863
3991	shionyu m.	-0.7595	0.5066	9	12	20	2	4	3.7726	2019	2	1.8863
3992	shirai t.	-0.7592	0.5066	9	12	20	2	4	3.7726	2019	2	1.8863
3998	sholihun	0.7263	-0.5883	26	6	9	2	6	5.6589	2019	3	2.8295
3999	"sholihun, amalia w."	0.7263	-0.5882	26	3	3	1	0	0	2019	0	0
4002	shomad m.a.	-0.1987	-0.9004	15	6	6	1	2	1.8863	2019	2	1.8863
4010	sidadolog j.h.p.	0.2118	-0.4071	19	8	11	2	2	1.8863	2019	1	0.9432
4011	siew-tim l.	0.8101	-0.4281	12	14	14	1	1	0.9432	2019	1	0.9432
4017	sihakhom p.	-0.8586	-0.2073	20	1	1	1	1	0.9432	2019	1	0.9432
4019	sikora s.a.	-0.8375	-0.1075	4	19	19	1	1	0.9432	2019	1	0.9432
4028	simpson j.a.	-0.8381	-0.1076	4	8	8	4	13	12.261	2019	3.25	3.0653
4039	sirait d.n.	0.3777	-0.8452	17	3	3	1	1	0.9432	2019	1	0.9432
4075	soenarto y.	-0.8376	-0.1081	4	8	8	8	19	17.9199	2019	2.375	2.24
4087	soffan a.	0.5323	-0.5097	21	6	7	1	0	0	2019	0	0
4110	sri kasiamdari r.	-0.4199	-0.8337	28	4	4	1	0	0	2019	0	0
4126	stienstra y.	-0.8397	-0.0069	2	5	5	2	4	3.7726	2019	2	1.8863
4149	subandiyah s.	0.5323	-0.5095	21	3	3	4	27	25.4652	2019	6.75	6.3663
4162	subronto y.w.	-0.8397	-0.0068	2	5	5	5	10	9.4315	2019	2	1.8863
4188	sudjadi s.	0.7713	0.4482	5	2	3	1	3	2.8295	2019	3	2.8295
4202	sugiarto p.	-0.8374	-0.1074	4	23	25	5	14	13.2042	2019	2.8	2.6408
4221	suhartanto b.	-0.743	-0.0718	10	9	11	9	3	2.8295	2019	0.3333	0.3144
4244	"sukamdi, rijanta"	0.0458	0.9375	42	2	2	2	0	0	2019	0	0
4245	"sukamdi, rijanta r."	0.0458	0.9375	42	2	2	1	2	1.8863	2019	2	1.8863
4258	sulaiman a.	0.774	0.4431	5	3	3	1	3	2.8295	2019	3	2.8295
4260	sulaiman t.n.s.	0.7591	0.4708	18	5	5	4	4	3.7726	2019	1	0.9432
4298	"sumardi, supit f."	-0.8396	-0.0069	2	5	5	1	2	1.8863	2019	2	1.8863
4325	"sunarto, khakim n."	0.3253	0.7504	3	3	6	1	1	0.9432	2019	1	0.9432
4338	suparto b.	-0.7429	-0.0722	10	9	11	1	2	1.8863	2019	2	1.8863
4341	suparwitri s.	0.6628	-0.3466	41	3	5	1	2	1.8863	2019	2	1.8863
4347	suprayogi s.	0.3221	0.7582	3	15	20	6	4	3.7726	2019	0.6667	0.6288
4386	suryana r.	0.1468	-0.8992	7	8	17	1	7	6.6021	2019	7	6.6021
4413	susastriawan a.a.p.	-0.4346	-0.7404	46	2	4	4	9	8.4884	2019	2.25	2.1221
4432	sutapa f.a.k.p.g.	-0.2437	-0.4117	43	2	4	2	2	1.8863	2019	1	0.9432
4442	sutrisno s.	-0.3285	0.8712	32	3	3	1	1	0.9432	2019	1	0.9432
4444	"sutrisno, rohmat t.a."	-0.3286	0.8712	32	3	3	2	2	1.8863	2019	1	0.9432
4452	suwardjo s.	0.8849	0.1447	1	10	10	1	2	1.8863	2019	2	1.8863
4492	syahputra r.	-0.1989	-0.9003	15	7	8	2	17	16.0336	2019	8.5	8.0168
4517	tan c.-t.	0.8099	-0.4278	12	5	5	1	2	1.8863	2019	2	1.8863
4525	tanjung d.s.	0.8853	0.1432	1	10	10	2	2	1.8863	2019	1	0.9432
4529	tanyong i.b.	-0.538	0.7464	13	4	4	1	2	1.8863	2019	2	1.8863
4530	tanzil h.	-0.0506	-0.9218	16	6	6	1	2	1.8863	2019	2	1.8863
4531	tarigan a.k.m.	0.0307	0.7372	35	1	1	1	2	1.8863	2019	2	1.8863
4574	thuy le m.-a.	0.8098	-0.4285	12	5	5	1	2	1.8863	2019	2	1.8863
4608	trianom b.	0.5323	-0.5096	21	3	3	1	1	0.9432	2019	1	0.9432
4609	triasih r.	-0.8207	-0.0693	2	19	21	2	2	1.8863	2019	1	0.9432
4624	triyana k.	0.1423	-0.8979	7	19	123	18	56	52.8167	2019	3.1111	2.9343
4649	tuntas s.	-0.8811	0.3227	23	2	2	1	0	0	2019	0	0
4655	tzeng c.-r.	-0.5437	-0.7632	30	5	17	3	4	3.7726	2019	1.3333	1.2575
4656	ubaidillah	-0.0592	0.931	22	5	5	1	2	1.8863	2019	2	1.8863
4658	"ubaidillah, choi s.-b."	-0.0592	0.9311	22	7	7	1	4	3.7726	2019	4	3.7726
4661	ubra r.r.	-0.8201	-0.0689	2	12	12	1	1	0.9432	2019	1	0.9432
4671	ulil absor m.a.	0.8879	-0.3086	33	2	2	1	3	2.8295	2019	3	2.8295
4702	utami s.n.h.	0.5322	-0.5096	21	3	3	6	2	1.8863	2019	0.3333	0.3144
4709	utomo p.s.	-0.6748	-0.611	6	21	34	2	10	9.4315	2019	5	4.7158
4711	utomo r.y.	-0.764	0.5006	9	4	4	9	12	11.3179	2019	1.3333	1.2575
4717	van asselt a.d.i.	-0.0444	-0.6965	47	0	0	2	4	3.7726	2019	2	1.8863
4718	van baak m.a.	-0.1091	-0.5529	48	0	0	1	4	3.7726	2019	4	3.7726
4719	van ballegooijen w.	0.0195	-0.0698	49	0	0	1	2	1.8863	2019	2	1.8863
4720	van bockstaele f.	-0.6092	0.4626	50	0	0	1	0	0	2019	0	0
4721	van bortel t.	0.4048	0.0719	51	0	0	1	1	0.9432	2019	1	0.9432
4722	van crevel r.	-0.8698	0.3855	52	0	0	1	4	3.7726	2019	4	3.7726
4723	van de walle d.	0.8966	-0.1545	8	10	49	3	18	16.9768	2019	6	5.6589
4724	van den boogard c.	-0.8202	-0.069	2	12	12	1	1	0.9432	2019	1	0.9432
4725	van der heijde-mulder m.	-0.3636	0.525	53	0	0	1	4	3.7726	2019	4	3.7726
4726	van der knaap w.	0.3677	0.5425	54	0	0	1	0	0	2019	0	0
4727	van der laan k.j.	0.5774	0.545	55	0	0	2	5	4.7158	2019	2.5	2.3579
4728	van der meeren p.	-0.0973	0.4118	56	0	0	3	16	15.0905	2019	5.3333	5.0302
4729	van der mei h.c.	0.5553	0.385	57	0	0	1	7	6.6021	2019	7	6.6021
4730	van der vleuten c.	0.2961	0.9086	58	0	0	1	0	0	2019	0	0
4731	van der werf t.s.	-0.8398	-0.0067	2	7	8	4	9	8.4884	2019	2.25	2.1221
4732	van dijk j.p.	-0.676	0.6634	59	0	0	1	2	1.8863	2019	2	1.8863
4733	van doorslaer e.	0.0112	0.9473	60	0	0	1	3	2.8295	2019	3	2.8295
4734	van durme j.	0.8955	-0.1505	8	6	17	1	5	4.7158	2019	5	4.7158
4735	vanderbilt g.	-0.2915	-0.5256	61	0	0	1	0	0	2019	0	0
4736	vanderkluysen l.	-0.365	0.1551	62	0	0	1	13	12.261	2019	13	12.261
4737	vankelecom i.f.j.	0.4791	0.0584	63	0	0	1	7	6.6021	2019	7	6.6021
4738	velasquez z.d.	-0.4527	0.1158	64	0	0	1	0	0	2019	0	0
4739	veldhuis r.	-0.5846	-0.7176	65	0	0	1	1	0.9432	2019	1	0.9432
4740	veloso a.c.	0.1366	-0.8981	7	6	6	1	3	2.8295	2019	3	2.8295
4741	veloso a.c.a.	0.1362	-0.8983	7	9	9	1	1	0.9432	2019	1	0.9432
4742	verboven p.	0.1673	0.1207	66	0	0	1	0	0	2019	0	0
4743	vermeir l.	0.0633	0.2039	67	0	0	1	3	2.8295	2019	3	2.8295
4744	vernooij-dassen m.	0.1755	0.5784	68	0	0	1	2	1.8863	2019	2	1.8863
4745	vesterinen h.m.	0.5449	0.7748	69	0	0	1	2	1.8863	2019	2	1.8863
4746	vierman	0.3996	0.3297	70	0	0	2	0	0	2019	0	0
4747	"vierman, koesmara h."	0.1394	0.8158	71	0	0	1	0	0	2019	0	0
4748	viniwidihastuti f.	-0.4342	-0.6124	72	0	0	1	0	0	2019	0	0
4749	virgawati s.	0.69	-0.6465	73	0	0	1	0	0	2019	0	0
4750	viriyathorn s.	0.4419	-0.682	74	0	0	1	5	4.7158	2019	5	4.7158
4751	virmoux c.	0.0591	-0.3402	75	0	0	1	4	3.7726	2019	4	3.7726
4752	vissink a.	0.6564	-0.4699	76	0	0	1	1	0.9432	2019	1	0.9432
4753	visudtibhan a.	0.8101	-0.4277	12	5	5	1	2	1.8863	2019	2	1.8863
4754	vitriana	0.3164	-0.2556	77	0	0	1	0	0	2019	0	0
4755	vogel a.	0.543	0.4444	78	0	0	1	1	0.9432	2019	1	0.9432
4756	vorachit s.	0.8102	-0.4285	12	5	5	1	2	1.8863	2019	2	1.8863
4757	vyazovskiy v.v.	-0.3342	0.2252	79	0	0	1	4	3.7726	2019	4	3.7726
4758	w karyadi j.n.	0.2974	0.1612	80	0	0	1	0	0	2019	0	0
4759	waag a.	0.3945	-0.2805	81	0	0	1	0	0	2019	0	0
4760	wachid m.n.	-0.0554	0.7851	82	0	0	1	0	0	2019	0	0
4761	wagner a.l.	-0.6753	-0.6108	6	21	34	2	10	9.4315	2019	5	4.7158
4762	wahab n.a.a.	-0.0591	0.9312	22	5	5	1	2	1.8863	2019	2	1.8863
4763	wahdi a.e.	-0.6174	0.4034	83	0	0	2	1	0.9432	2019	0.5	0.4716
4764	wahidah i.	-0.5221	0.2068	84	0	0	1	0	0	2019	0	0
4765	wahidah t.	0.1703	-0.7251	85	0	0	1	0	0	2019	0	0
4766	wahjono h.	-0.4154	0.8193	86	0	0	1	0	0	2019	0	0
4767	wahono a.t.u.	0.1045	-0.2796	87	0	0	3	0	0	2019	0	0
4768	wahono s.k.	-0.0114	0.6613	88	0	0	2	5	4.7158	2019	2.5	2.3579
4769	"wahono, indradewa d."	-0.0881	0.8311	89	0	0	1	2	1.8863	2019	2	1.8863
4770	wahyono s.b.	-0.39	0.8477	90	0	0	1	1	0.9432	2019	1	0.9432
4771	wahyono t.y.m.	0.497	-0.7135	91	0	0	1	6	5.6589	2019	6	5.6589
4772	wahyono w.	0.4796	-0.6265	92	0	0	1	0	0	2019	0	0
4773	wahyu m.	0.7214	-0.1358	93	0	0	1	1	0.9432	2019	1	0.9432
4774	wahyudi	-0.3742	-0.6198	94	0	0	1	0	0	2019	0	0
4775	wahyudi d.	-0.1814	-0.1009	95	0	0	1	0	0	2019	0	0
4776	wahyudi d.a.p.	-0.0174	0.2269	96	0	0	1	1	0.9432	2019	1	0.9432
4777	wahyudi m.	-0.325	-0.5877	97	0	0	1	0	0	2019	0	0
4778	wahyudi t.	0.6578	-0.6254	98	0	0	1	8	7.5452	2019	8	7.5452
4779	wahyunggoro o.	-0.8407	-0.4448	99	0	0	12	8	7.5452	2019	0.6667	0.6288
4780	wahyungoro o.	-0.2892	0.6805	100	0	0	1	0	0	2019	0	0
4781	wahyuni a.e.t.h.	-0.3802	-0.1978	101	0	0	1	3	2.8295	2019	3	2.8295
4782	wahyuni d.k.	0.2961	0.3573	102	0	0	1	0	0	2019	0	0
4783	wahyuni e.t.	-0.5208	-0.6578	103	0	0	4	5	4.7158	2019	1.25	1.1789
4784	wahyuni f.c.	-0.0755	0.5351	104	0	0	1	0	0	2019	0	0
4785	wahyuni h.	0.4004	-0.3496	105	0	0	1	0	0	2019	0	0
4786	wahyuni h.i.	-0.3672	0.8104	106	0	0	2	0	0	2019	0	0
4787	wahyuni s.	-0.0878	-0.206	107	0	0	3	1	0.9432	2019	0.3333	0.3144
4788	wahyuniati n.	-0.6751	-0.6108	6	21	34	2	10	9.4315	2019	5	4.7158
4789	wahyuningrum t.	-0.6752	0.6173	108	0	0	1	2	1.8863	2019	2	1.8863
4790	wahyuningsih k.	0.2669	-0.1811	109	0	0	1	0	0	2019	0	0
4791	wahyuningsih m.s.h.	0.5802	-0.2798	110	0	0	2	0	0	2019	0	0
4792	wahyuningsih t.d.	-0.1275	-0.05	111	0	0	4	7	6.6021	2019	1.75	1.6505
4793	wahyuningtyas e.	-0.1854	0.9283	112	0	0	2	3	2.8295	2019	1.5	1.4147
4794	wahyuono s.	0.9486	-0.0227	113	0	0	2	0	0	2019	0	0
4795	wajdi f.	0.4317	-0.6263	114	0	0	1	0	0	2019	0	0
4796	wakka a.k.	0.2375	0.9234	115	0	0	1	0	0	2019	0	0
4797	wakti m.h.	-0.4626	0.6216	116	0	0	1	0	0	2019	0	0
4798	walidah z.	0.3374	-0.6626	117	0	0	1	1	0.9432	2019	1	0.9432
4799	walinono t.	0.6063	0.5842	118	0	0	2	0	0	2019	0	0
4800	walsh e.j.	-0.5527	0.5606	119	0	0	1	0	0	2019	0	0
4801	walter t.r.	-0.1874	0.7995	120	0	0	1	13	12.261	2019	13	12.261
4802	waluyati l.r.	-0.6612	0.6816	121	0	0	5	1	0.9432	2019	0.2	0.1886
4803	waluyo j.	0.2857	-0.8767	122	0	0	3	1	0.9432	2019	0.3333	0.3144
4804	wan muda w.a.m.	-0.1065	-0.4562	123	0	0	1	4	3.7726	2019	4	3.7726
4805	wandita t.g.	-0.2364	0.778	124	0	0	1	1	0.9432	2019	1	0.9432
4806	wang c.-h.	-0.3609	0.4735	125	0	0	1	0	0	2019	0	0
4807	wang c.-y.	0.3495	0.2156	126	0	0	1	0	0	2019	0	0
4808	wang c.h.	0.5937	-0.6394	127	0	0	1	1	0.9432	2019	1	0.9432
4809	wang d.	0.4833	0.8187	128	0	0	1	3	2.8295	2019	3	2.8295
4810	wang f.	0.698	0.2404	129	0	0	1	0	0	2019	0	0
4811	wang h.-c.	-0.1715	-0.1909	130	0	0	1	0	0	2019	0	0
4812	wang j.-c.	0.5647	-0.7554	131	0	0	1	0	0	2019	0	0
4813	wang j.c.	-0.0736	-0.629	132	0	0	1	0	0	2019	0	0
4814	wang l.	0.2789	-0.8404	133	0	0	1	3	2.8295	2019	3	2.8295
4815	wang w.	-0.4171	0.6756	134	0	0	2	6	5.6589	2019	3	2.8295
4816	wang w.-j.	0.4652	-0.8241	135	0	0	1	2	1.8863	2019	2	1.8863
4817	wang w.-q.	0.6924	-0.2461	136	0	0	2	1	0.9432	2019	0.5	0.4716
4818	wang y.	0.1872	0.8842	137	0	0	2	14	13.2042	2019	7	6.6021
4819	wangchuk p.	0.6728	-0.1074	138	0	0	1	3	2.8295	2019	3	2.8295
4820	wangchuk t.	0.2179	-0.7439	139	0	0	1	3	2.8295	2019	3	2.8295
4821	wangmo k.	-0.4203	0.7869	140	0	0	1	5	4.7158	2019	5	4.7158
4822	wangmo s.	0.3091	-0.7556	141	0	0	1	5	4.7158	2019	5	4.7158
4823	waramori g.	-0.8375	-0.1084	4	8	8	1	9	8.4884	2019	9	8.4884
4824	wardana a.	-0.1539	0.8371	142	0	0	2	5	4.7158	2019	2.5	2.3579
4825	wardana a.n.i.	-0.0956	0.5955	143	0	0	1	1	0.9432	2019	1	0.9432
4826	wardana d.s.	0.4884	0.2254	144	0	0	1	1	0.9432	2019	1	0.9432
4827	wardana t.	0.8856	0.144	1	10	10	2	1	0.9432	2019	0.5	0.4716
4828	wardana t.a.p.	0.0911	-0.5258	145	0	0	1	0	0	2019	0	0
4829	wardani a.e.	-0.0505	-0.922	16	8	8	1	7	6.6021	2019	7	6.6021
4830	wardani d.p.	-0.3585	0.3034	146	0	0	1	0	0	2019	0	0
4831	"wardatutthoyyibah, pudyatmoko s."	0.2101	0.9277	147	0	0	1	2	1.8863	2019	2	1.8863
4832	wardhana a.	0.8809	0.315	148	0	0	2	1	0.9432	2019	0.5	0.4716
4833	wardhana a.h.	0.6779	-0.1821	149	0	0	1	2	1.8863	2019	2	1.8863
4834	wardhani t.a.k.	0.14	0.1961	150	0	0	1	3	2.8295	2019	3	2.8295
4835	wardhani v.	-0.8097	-0.4505	151	0	0	1	2	1.8863	2019	2	1.8863
4836	wardhani y.	-0.3538	-0.1271	152	0	0	1	0	0	2019	0	0
4837	wardiani r.	0.0599	-0.4671	153	0	0	1	0	0	2019	0	0
4838	wardoyo r.	-0.5701	0.6074	154	0	0	1	0	0	2019	0	0
4839	warih a.	-0.5993	0.5196	155	0	0	1	0	0	2019	0	0
4840	warmada i.w.	0.5805	-0.1623	40	2	2	3	9	8.4884	2019	3	2.8295
4841	"warsinggih, hatta m."	-0.0615	-0.3951	156	0	0	1	0	0	2019	0	0
4842	"warsito, triyana k."	0.5298	0.5477	157	0	0	1	0	0	2019	0	0
4843	waruwu a.	0.1851	0.9289	158	0	0	1	0	0	2019	0	0
4844	wasisdi g.	-0.037	0.8332	159	0	0	1	0	0	2019	0	0
4845	wasisto h.s.	0.1459	-0.8965	7	8	17	2	7	6.6021	2019	3.5	3.301
4846	wasito r.	-0.0128	0.5189	160	0	0	2	1	0.9432	2019	0.5	0.4716
4847	wasityastuti w.	-0.227	-0.5153	161	0	0	3	2	1.8863	2019	0.6667	0.6288
4848	waskito a.t.	0.6214	0.037	162	0	0	1	1	0.9432	2019	1	0.9432
4849	waskito w.a.	0.322	0.7569	3	15	22	2	9	8.4884	2019	4.5	4.2442
4850	wasonowati c.	0.15	0.8913	163	0	0	2	0	0	2019	0	0
4851	wassmer p.	-0.1128	0.1032	164	0	0	1	4	3.7726	2019	4	3.7726
4852	watanabe t.	0.2195	0.1812	165	0	0	2	1	0.9432	2019	0.5	0.4716
4853	wati m.r.	0.4991	0.7052	166	0	0	1	1	0.9432	2019	1	0.9432
4854	wati r.	0.3573	0.8944	167	0	0	1	0	0	2019	0	0
4855	wati r.i.	0.4803	0.5221	168	0	0	1	0	0	2019	0	0
4856	watts e.	0.3042	-0.8985	169	0	0	2	1	0.9432	2019	0.5	0.4716
4857	wayan adiyasa i.	-0.6293	0.2819	170	0	0	3	0	0	2019	0	0
4858	wayan mustika i.	-0.2387	0.3669	171	0	0	2	0	0	2019	0	0
4859	wayan sumardika i.	0.3708	-0.4026	172	0	0	1	1	0.9432	2019	1	0.9432
4860	wayan warmada i.	0.4496	-0.082	173	0	0	1	0	0	2019	0	0
4861	wei x.	0.6032	-0.728	174	0	0	1	9	8.4884	2019	9	8.4884
4862	weldon a.	-0.1691	0.7514	175	0	0	1	2	1.8863	2019	2	1.8863
4863	wellappuli n.	0.6821	0.1923	176	0	0	1	5	4.7158	2019	5	4.7158
4864	welli y.	-0.6046	0.6292	177	0	0	1	1	0.9432	2019	1	0.9432
4865	wen s.-c.	0.5848	0.3251	178	0	0	4	4	3.7726	2019	1	0.9432
4866	wende m.	-0.6067	0.564	179	0	0	1	0	0	2019	0	0
4867	werdana v.a.p.	0.2138	0.4617	180	0	0	1	1	0.9432	2019	1	0.9432
4868	werdhani f.k.	-0.1692	0.6109	181	0	0	1	0	0	2019	0	0
4869	westers h.	-0.4253	0.0479	182	0	0	1	5	4.7158	2019	5	4.7158
4870	westra j.	0.5377	-0.7202	183	0	0	1	1	0.9432	2019	1	0.9432
4871	wibawa a.d.	-0.7834	-0.4735	184	0	0	2	0	0	2019	0	0
4872	wibawa h.	0.5536	0.0382	185	0	0	2	4	3.7726	2019	2	1.8863
4873	wibawa m.s.	-0.4787	0.5726	186	0	0	1	0	0	2019	0	0
4874	wibawa t.	0.7944	-0.0311	187	0	0	1	1	0.9432	2019	1	0.9432
4875	wibawanto g.r.	-0.7445	-0.4745	188	0	0	1	0	0	2019	0	0
4876	wibirama s.	0.0986	-0.081	189	0	0	10	2	1.8863	2019	0.2	0.1886
4877	wibisono d.p.	-0.5193	0.605	190	0	0	1	0	0	2019	0	0
4878	wibisono g.	0.2891	0.5169	191	0	0	2	1	0.9432	2019	0.5	0.4716
4879	wibowo a.	0.5862	-0.7469	192	0	0	4	2	1.8863	2019	0.5	0.4716
4880	wibowo a.b.	-0.1619	0.9358	193	0	0	1	0	0	2019	0	0
4881	wibowo a.h.	0.2735	0.9151	194	0	0	2	1	0.9432	2019	0.5	0.4716
4882	wibowo a.u.a.	0.1624	0.9342	195	0	0	1	0	0	2019	0	0
4883	wibowo b.s.	-0.0486	-0.8002	196	0	0	4	4	3.7726	2019	1	0.9432
4884	wibowo h.	-0.5948	0.3548	197	0	0	1	1	0.9432	2019	1	0.9432
4885	wibowo m.f.	-0.0628	0.1697	198	0	0	1	0	0	2019	0	0
4886	wibowo m.h.	-0.0528	-0.2715	199	0	0	2	9	8.4884	2019	4.5	4.2442
4887	wibowo m.s.	0.4487	0.5756	200	0	0	1	0	0	2019	0	0
4888	wibowo r.a.	-0.3827	0.766	201	0	0	1	1	0.9432	2019	1	0.9432
4889	wibowo r.c.	-0.0017	-0.8115	202	0	0	1	0	0	2019	0	0
4890	wibowo s.	-0.0373	-0.1386	203	0	0	2	1	0.9432	2019	0.5	0.4716
4891	wibowo s.b.	-0.3285	0.8712	32	4	4	7	3	2.8295	2019	0.4286	0.4042
4892	wibowo t.o.	0.8429	-0.2922	204	0	0	1	2	1.8863	2019	2	1.8863
4893	wibowo t.w.	0.6507	-0.5349	205	0	0	6	0	0	2019	0	0
4894	wibowo y.a.	0.3257	0.7507	3	3	6	2	1	0.9432	2019	0.5	0.4716
4895	wicaksono a.	-0.1198	0.7187	206	0	0	5	0	0	2019	0	0
4896	wicaksono d.	0.1945	0.254	207	0	0	1	0	0	2019	0	0
4897	wicaksono k.s.	-0.1726	0.2411	208	0	0	3	1	0.9432	2019	0.3333	0.3144
4898	wicaksono p.	0.6001	0.7268	39	3	4	9	7	6.6021	2019	0.7778	0.7336
4899	wicaksono s.e.	0.545	0.4928	209	0	0	1	0	0	2019	0	0
4900	wicaksono w.a.	-0.3999	0.7247	210	0	0	1	0	0	2019	0	0
4901	wichienchot s.	-0.2602	-0.5852	211	0	0	2	5	4.7158	2019	2.5	2.3579
4902	wicking k.	-0.3103	-0.6488	212	0	0	2	4	3.7726	2019	2	1.8863
4903	widada h.	0.7713	0.4482	5	2	3	2	3	2.8295	2019	1.5	1.4147
4904	widada j.	-0.4663	0.2374	213	0	0	1	0	0	2019	0	0
4905	widagdo a.	-0.2868	0.8025	214	0	0	1	0	0	2019	0	0
4906	widagdo h.	-0.1428	0.9049	215	0	0	1	0	0	2019	0	0
4907	widanapathirana n.	-0.3056	-0.1757	216	0	0	1	5	4.7158	2019	5	4.7158
4908	widarni n.a.a.	-0.8249	-0.421	217	0	0	1	0	0	2019	0	0
4909	widartono b.s.	0.5708	0.2195	218	0	0	5	6	5.6589	2019	1.2	1.1318
4910	widasmara m.y.	0.4712	-0.1533	219	0	0	2	0	0	2019	0	0
4911	widati a.a.	-0.4697	-0.3797	14	2	4	2	4	3.7726	2019	2	1.8863
4912	widati a.w.	-0.3838	0.8732	220	0	0	1	0	0	2019	0	0
4913	widayani p.	0.1791	-0.0982	221	0	0	2	0	0	2019	0	0
4914	widayanti r.	0.3596	-0.5378	29	5	8	5	2	1.8863	2019	0.4	0.3773
4915	widayat w.	-0.2864	0.9077	222	0	0	1	0	0	2019	0	0
4916	widayati d.t.	-0.3619	-0.778	223	0	0	6	0	0	2019	0	0
4917	widayati k.	0.5239	-0.7837	34	3	6	2	2	1.8863	2019	1	0.9432
4918	widharna r.m.	-0.4274	0.1762	224	0	0	1	1	0.9432	2019	1	0.9432
4919	widhianata h.	0.9316	-0.022	225	0	0	2	0	0	2019	0	0
4920	widhiarso w.	0.2494	0.5263	226	0	0	2	1	0.9432	2019	0.5	0.4716
4921	widi t.s.m.	0.809	-0.2887	227	0	0	12	2	1.8863	2019	0.1667	0.1572
4922	widianingrum d.c.	-0.5902	0.2996	228	0	0	1	2	1.8863	2019	2	1.8863
4923	widianto s.	-0.2614	0.9115	229	0	0	1	1	0.9432	2019	1	0.9432
4924	widiarti w.	0.246	-0.2485	230	0	0	1	1	0.9432	2019	1	0.9432
4925	widiasih d.a.	-0.7879	-0.5275	231	0	0	2	1	0.9432	2019	0.5	0.4716
4926	widiastuti a.	0.1261	-0.1552	232	0	0	1	0	0	2019	0	0
4927	widiastuti a.n.	-0.18	0.0844	233	0	0	1	0	0	2019	0	0
4928	widiastuti d.	-0.8467	-0.4229	234	0	0	1	0	0	2019	0	0
4929	widiastuti k.	-0.7417	-0.0721	10	13	13	1	1	0.9432	2019	1	0.9432
4930	widiastuti u.	-0.413	-0.1416	235	0	0	1	1	0.9432	2019	1	0.9432
4931	widiati r.	0.4495	0.8445	236	0	0	2	0	0	2019	0	0
4932	widiatmono r.	0.0577	-0.655	237	0	0	2	0	0	2019	0	0
4933	widiharto a.	0.4967	0.6604	238	0	0	1	0	0	2019	0	0
4934	widita s.s.	0.539	0.1033	239	0	0	1	0	0	2019	0	0
4935	widiyanto s.	0.3565	0.4502	240	0	0	1	0	0	2019	0	0
4936	widiyantoro s.	0.1171	-0.6629	241	0	0	2	6	5.6589	2019	3	2.8295
4937	widiyastuti d.	0.718	-0.5186	242	0	0	2	0	0	2019	0	0
4938	widiyastuti w.	0.5657	0.5996	243	0	0	1	5	4.7158	2019	5	4.7158
4939	widiyatmoko a.	-0.0236	0.5964	244	0	0	2	2	1.8863	2019	1	0.9432
4940	"widiyatno, ilfana z.r."	0.2112	0.545	245	0	0	1	2	1.8863	2019	2	1.8863
4941	widiyono i.	-0.7737	0.3366	25	4	4	2	2	1.8863	2019	1	0.9432
4942	widjajanti n.	-0.0574	-0.064	246	0	0	3	0	0	2019	0	0
4943	widjajanto e.	0.0285	-0.7699	247	0	0	1	0	0	2019	0	0
4944	widodo	-0.2582	0.8758	248	0	0	1	0	0	2019	0	0
4945	widodo d.p.	-0.7737	0.3366	25	3	3	1	2	1.8863	2019	2	1.8863
4946	widodo h.	-0.274	-0.801	249	0	0	1	1	0.9432	2019	1	0.9432
4947	widodo i.	0.8857	0.1438	1	10	10	2	2	1.8863	2019	1	0.9432
4948	widodo s.	0.0103	0.88	250	0	0	7	1	0.9432	2019	0.1429	0.1347
4949	widodo t.w.	-0.0405	0.0831	251	0	0	1	0	0	2019	0	0
4950	widodo w.	-0.5441	-0.692	252	0	0	3	1	0.9432	2019	0.3333	0.3144
4951	"widodo, artama w.t."	-0.1524	-0.7238	253	0	0	1	0	0	2019	0	0
4952	"widodo, aryati l."	0.5938	0.155	254	0	0	1	0	0	2019	0	0
4953	"widodo, indrati c.r."	0.1951	-0.1807	255	0	0	2	2	1.8863	2019	1	0.9432
4954	widowati k.	-0.0235	-0.7541	256	0	0	1	0	0	2019	0	0
4955	widya a.	-0.0981	0.024	257	0	0	1	1	0.9432	2019	1	0.9432
4956	widyadharma i.p.e.	-0.1774	-0.3318	258	0	0	1	1	0.9432	2019	1	0.9432
4957	widyahening i.s.	0.1172	-0.7208	259	0	0	1	2	1.8863	2019	2	1.8863
4958	widyandana d.	0.3765	0.1418	260	0	0	1	1	0.9432	2019	1	0.9432
4959	widyandana w.	0.4615	-0.2609	261	0	0	1	1	0.9432	2019	1	0.9432
4960	widyaningrum r.	0.3226	0.9041	262	0	0	1	1	0.9432	2019	1	0.9432
4961	widyaningsih s.	0.5322	-0.5097	21	3	3	1	2	1.8863	2019	2	1.8863
4962	widyantari i.n.	0.0397	0.3466	263	0	0	1	0	0	2019	0	0
4963	widyanti a.	0.5402	0.6877	264	0	0	2	0	0	2019	0	0
4964	widyaparaga a.	-0.8618	0.0711	11	2	2	3	9	8.4884	2019	3	2.8295
4965	widyarini s.	-0.476	-0.6499	265	0	0	5	3	2.8295	2019	0.6	0.5659
4966	widyarto s.	0.0202	-0.7055	266	0	0	1	0	0	2019	0	0
4967	widyas n.	0.352	-0.7253	267	0	0	2	0	0	2019	0	0
4968	widyasari y.d.l.	0.0807	0.6586	268	0	0	1	3	2.8295	2019	3	2.8295
4969	widyasrini d.a.	-0.0867	-0.7489	269	0	0	1	0	0	2019	0	0
4970	widyastuti a.	0.2729	-0.8002	270	0	0	2	3	2.8295	2019	1.5	1.4147
4971	widyastuti m.	0.3215	0.758	3	9	13	7	1	0.9432	2019	0.1429	0.1347
4972	widyastuti s.m.	0.5173	-0.0766	271	0	0	1	0	0	2019	0	0
4973	widyastuti y.	0.6798	-0.5026	272	0	0	1	0	0	2019	0	0
4974	widyaswara a.s.	-0.4284	0.3135	273	0	0	1	0	0	2019	0	0
4975	widyatama a.	-0.8605	0.0665	11	10	12	3	20	18.8631	2019	6.6667	6.2877
4976	widyatmanti w.	0.6762	0.0896	274	0	0	3	13	12.261	2019	4.3333	4.087
4977	widyatmoko a.	-0.4126	0.6247	275	0	0	2	2	1.8863	2019	1	0.9432
4978	widyatmoko h.	0.6317	0.207	276	0	0	1	0	0	2019	0	0
4979	widyawan	0.0706	0.4503	44	2	4	7	4	3.7726	2019	0.5714	0.5389
4980	widyawan m.h.	-0.6476	0.6356	277	0	0	1	2	1.8863	2019	2	1.8863
4981	widyawan s.t.	0.2234	-0.032	278	0	0	1	0	0	2019	0	0
4982	widyawan w.	-0.2322	0.6541	279	0	0	1	0	0	2019	0	0
4983	"widyawan, adji t.b."	0.4267	-0.0026	280	0	0	3	0	0	2019	0	0
4984	"widyawan, hamamoto k."	0.5769	-0.7083	281	0	0	1	1	0.9432	2019	1	0.9432
4985	"widyawan, lazuardi l."	0.5373	0.7332	282	0	0	2	6	5.6589	2019	3	2.8295
4986	"widyawan, najib w."	0.6962	-0.0503	283	0	0	1	0	0	2019	0	0
4987	"widyawan, reizky damayanti n."	-0.3076	0.3642	284	0	0	1	0	0	2019	0	0
4988	"widyawan, rizal m.n."	-0.0067	-0.6399	285	0	0	2	2	1.8863	2019	1	0.9432
4989	widyawati	-0.4997	-0.8082	286	0	0	1	1	0.9432	2019	1	0.9432
4990	widyawati r.	0.084	-0.2138	287	0	0	1	0	0	2019	0	0
4991	widyawati w.	-0.4769	-0.7842	288	0	0	2	9	8.4884	2019	4.5	4.2442
4992	widyobroto b.p.	0.2948	-0.7037	289	0	0	4	0	0	2019	0	0
4993	widyorini r.	0.2862	-0.6352	290	0	0	1	2	1.8863	2019	2	1.8863
4994	wiedyaningsih c.	-0.394	0.3649	291	0	0	1	0	0	2019	0	0
4995	wigati s.s.	0.642	-0.5796	292	0	0	1	0	0	2019	0	0
4996	wiguna i.g.l.n.a.a.	-0.5048	-0.6059	293	0	0	1	0	0	2019	0	0
4997	wihadmadyatami h.	0.6172	0.6394	294	0	0	2	2	1.8863	2019	1	0.9432
4998	wihandoyo	-0.2937	-0.273	295	0	0	1	0	0	2019	0	0
4999	"wihandoyo, akhirini n."	0.462	-0.7314	296	0	0	1	0	0	2019	0	0
5000	"wihandoyo, harimurti s."	0.6131	0.0974	297	0	0	1	0	0	2019	0	0
5001	"wihandoyo, sasongko h."	-0.1804	-0.6699	298	0	0	2	0	0	2019	0	0
5002	"wihandoyo, waluyo k."	-0.0964	-0.8102	299	0	0	1	0	0	2019	0	0
5003	wijanarko a.	-0.6515	0.3717	300	0	0	1	0	0	2019	0	0
5004	wijanarko f.	0.0307	0.7372	35	1	1	1	2	1.8863	2019	2	1.8863
5005	wijanarti s.	-0.0955	0.254	301	0	0	1	0	0	2019	0	0
5006	wijatniko b.d.	0.5933	-0.3941	302	0	0	1	1	0.9432	2019	1	0.9432
5007	wijaya a.	0.3406	-0.316	303	0	0	1	0	0	2019	0	0
5008	wijaya a.r.	-0.2564	0.1028	304	0	0	2	0	0	2019	0	0
5009	wijaya d.f.	-0.1555	0.3179	305	0	0	1	3	2.8295	2019	3	2.8295
5010	wijaya f.	-0.6939	0.6484	306	0	0	1	2	1.8863	2019	2	1.8863
5011	wijaya f.d.	-0.2348	0.4352	307	0	0	2	0	0	2019	0	0
5012	wijaya k.	-0.3676	0.5875	308	0	0	3	4	3.7726	2019	1.3333	1.2575
5013	wijayana s.	0.5079	0.8064	309	0	0	2	3	2.8295	2019	1.5	1.4147
5014	wijayaningsih m.s.d.	0.5042	0.7502	310	0	0	1	0	0	2019	0	0
5015	wijayanta a.t.	-0.2248	-0.7142	311	0	0	1	17	16.0336	2019	17	16.0336
5016	wijayanti a.	-0.771	-0.5042	312	0	0	1	2	1.8863	2019	2	1.8863
5017	wijayanti a.d.	-0.1416	-0.2597	313	0	0	1	0	0	2019	0	0
5018	wijayanti h.	-0.2522	-0.6606	314	0	0	1	0	0	2019	0	0
5019	wijayanti i.e.	0.7286	-0.1921	315	0	0	4	1	0.9432	2019	0.25	0.2358
5020	wijayanti m.a.	-0.6289	0.6653	316	0	0	2	1	0.9432	2019	0.5	0.4716
5021	wijayanti n.	0.3974	0.8774	317	0	0	3	0	0	2019	0	0
5022	wijayanti n.f.	0.1945	0.0441	318	0	0	1	1	0.9432	2019	1	0.9432
5023	wijayanti s.m.p.	0.1642	0.8488	319	0	0	1	0	0	2019	0	0
5024	wijayanti t.	0.6651	0.142	320	0	0	1	1	0.9432	2019	1	0.9432
5025	wijayanto a.p.	-0.4229	-0.6689	321	0	0	1	0	0	2019	0	0
5026	wijayanto h.	0.2175	0.8946	322	0	0	1	0	0	2019	0	0
5027	wijayanto i.	0.612	-0.606	323	0	0	3	3	2.8295	2019	1	0.9432
5028	wijayanto t.	0.098	-0.5946	324	0	0	7	1	0.9432	2019	0.1429	0.1347
5029	wijonarko a.	-0.1345	0.179	325	0	0	1	1	0.9432	2019	1	0.9432
5030	wijoyo y.	-0.1986	-0.9005	15	4	4	1	34	32.0673	2019	34	32.0673
5031	wijoyo y.s.	-0.7338	-0.4242	326	0	0	1	0	0	2019	0	0
5032	wikandari r.	-0.0685	0.661	327	0	0	2	7	6.6021	2019	3.5	3.301
5033	wikanthi s.	0.4287	0.1908	328	0	0	1	0	0	2019	0	0
5034	wikantika k.	0.5423	-0.63	329	0	0	1	1	0.9432	2019	1	0.9432
5035	wilastonegoro n.n.	0.5082	-0.6679	330	0	0	1	5	4.7158	2019	5	4.7158
5036	wilisiani f.	0.5642	0.7627	331	0	0	2	7	6.6021	2019	3.5	3.301
5037	willems d.l.	0.0625	-0.0058	332	0	0	1	1	0.9432	2019	1	0.9432
5038	willetts j.	-0.107	-0.6865	333	0	0	1	1	0.9432	2019	1	0.9432
5039	williams c.t.	-0.2487	0.0322	334	0	0	1	3	2.8295	2019	3	2.8295
5040	williams j.h.	0.403	-0.142	335	0	0	1	14	13.2042	2019	14	13.2042
5041	willis a.c.	-0.5261	0.2608	336	0	0	1	3	2.8295	2019	3	2.8295
5042	wilopo s.	0.7047	0.6326	337	0	0	2	2	1.8863	2019	1	0.9432
5043	wilopo s.a.	0.3384	-0.1887	338	0	0	2	0	0	2019	0	0
5044	wilopo w.	0.5805	-0.1623	40	3	4	7	27	25.4652	2019	3.8571	3.6379
5045	wilopoorcid s.a.	0.2412	-0.6894	339	0	0	1	1	0.9432	2019	1	0.9432
5046	wimbarti s.	0.3014	-0.0436	340	0	0	2	2	1.8863	2019	1	0.9432
5047	winanta a.	-0.2171	-0.279	341	0	0	1	1	0.9432	2019	1	0.9432
5048	winanta k.a.	-0.2793	-0.329	342	0	0	2	0	0	2019	0	0
5049	winanto t.	0.0262	-0.2742	343	0	0	1	0	0	2019	0	0
5050	"winardi, soetarto e.s."	0.1131	0.3488	344	0	0	1	0	0	2019	0	0
5051	winarni d.r.a.	0.7406	-0.0856	345	0	0	1	1	0.9432	2019	1	0.9432
5052	winarni w.w.	0.2309	-0.5648	346	0	0	1	0	0	2019	0	0
5053	winarno a.	0.6711	0.6756	347	0	0	2	1	0.9432	2019	0.5	0.4716
5054	winarno h.	0.4968	-0.2219	348	0	0	1	0	0	2019	0	0
5055	winarno h.a.	-0.4922	-0.7018	349	0	0	1	0	0	2019	0	0
5056	winarso g.	-0.0168	-0.4488	350	0	0	1	0	0	2019	0	0
5057	winarto h.	-0.6013	-0.7358	351	0	0	1	1	0.9432	2019	1	0.9432
5058	winata r.	0.0344	-0.5824	352	0	0	1	1	0.9432	2019	1	0.9432
5059	winaya a.	0.6435	0.7014	353	0	0	1	0	0	2019	0	0
5060	winayu i.j.	0.1221	0.2737	354	0	0	1	0	0	2019	0	0
5061	windarsih a.	0.7741	0.443	5	3	3	5	13	12.261	2019	2.6	2.4522
5062	windhi niasari s.	0.7561	-0.0359	355	0	0	1	1	0.9432	2019	1	0.9432
5063	windia h.	-0.2874	0.7421	356	0	0	1	2	1.8863	2019	2	1.8863
5064	windiaka b.u.	0.4608	0.3601	357	0	0	1	0	0	2019	0	0
5065	winduratna b.	-0.3298	0.7815	358	0	0	5	2	1.8863	2019	0.4	0.3773
5066	windyaraini d.h.	0.0366	-0.4029	359	0	0	1	0	0	2019	0	0
5067	winkler m.	0.51	0.5991	360	0	0	1	0	0	2019	0	0
5068	wintariani n.p.	0.2452	0.1054	361	0	0	1	1	0.9432	2019	1	0.9432
5069	wintoko j.	-0.2186	0.8904	362	0	0	1	0	0	2019	0	0
5070	wiraagni i.a.	0.7529	0.2649	363	0	0	1	3	2.8295	2019	3	2.8295
5071	wirakusuma g.	0.6408	0.6071	364	0	0	1	0	0	2019	0	0
5072	wirasatriya a.	-0.7054	0.6296	365	0	0	3	0	0	2019	0	0
5073	wiratih i.	0.5921	0.6687	366	0	0	1	0	0	2019	0	0
5074	wiratni	-0.2334	0.7202	367	0	0	1	0	0	2019	0	0
5075	wirawan d.n.	-0.7932	-0.4233	368	0	0	2	9	8.4884	2019	4.5	4.2442
5076	wirawan s.k.	-0.6685	0.3353	369	0	0	5	4	3.7726	2019	0.8	0.7545
5077	wirjaatmadja r.	0.1553	-0.5529	370	0	0	1	0	0	2019	0	0
5078	wirohadidjojo w.	-0.4544	0.8258	371	0	0	1	1	0.9432	2019	1	0.9432
5079	wirohadidjojo y.w.	0.0479	0.2759	372	0	0	4	1	0.9432	2019	0.25	0.2358
5080	wiryawan b.k.p.	-0.2526	0.8333	373	0	0	2	0	0	2019	0	0
5081	wiryohanjoyo d.v.	0.4964	-0.0119	374	0	0	1	2	1.8863	2019	2	1.8863
5082	wiryono p.	0.4089	-0.2125	375	0	0	1	0	0	2019	0	0
5083	wirzal m.d.h.	0.772	-0.5438	376	0	0	1	7	6.6021	2019	7	6.6021
5084	wisaksana r.	0.859	0.3032	377	0	0	1	3	2.8295	2019	3	2.8295
5085	wisambodhi s.m.	0.0104	0.1455	378	0	0	1	0	0	2019	0	0
5086	wisnugraha b.b.	0.2504	0.3047	379	0	0	1	1	0.9432	2019	1	0.9432
5087	wisudawan h.n.p.	-0.3045	-0.0062	380	0	0	1	0	0	2019	0	0
5088	witasari l.d.	0.3983	-0.7245	381	0	0	1	6	5.6589	2019	6	5.6589
5089	witjaksono	0.4219	-0.4207	382	0	0	1	0	0	2019	0	0
5090	wiyarsi a.	0.4653	0.8302	383	0	0	1	0	0	2019	0	0
5091	wiyoso t.	-0.2433	-0.216	384	0	0	1	2	1.8863	2019	2	1.8863
5092	wong g.y.	0.1164	0.0544	385	0	0	1	1	0.9432	2019	1	0.9432
5093	wonoputri n.	0.6534	-0.0114	386	0	0	1	0	0	2019	0	0
5094	woo e.m.	0.0658	0.8217	387	0	0	1	1	0.9432	2019	1	0.9432
5095	woodberry t.	-0.1331	-0.7857	388	0	0	1	6	5.6589	2019	6	5.6589
5096	worabay n.s.	0.6182	-0.0652	389	0	0	1	0	0	2019	0	0
5097	wu c.-h.	-0.5395	0.328	390	0	0	2	5	4.7158	2019	2.5	2.3579
5098	wu c.-j.	-0.6714	0.2979	391	0	0	1	2	1.8863	2019	2	1.8863
5099	wu c.-m.	-0.4797	-0.8213	392	0	0	2	5	4.7158	2019	2.5	2.3579
5100	wu j.	-0.4017	-0.5575	393	0	0	1	11	10.3747	2019	11	10.3747
5101	wulandari a.r.	-0.3537	-0.7311	394	0	0	1	0	0	2019	0	0
5102	wulandari b.	0.1834	-0.6706	395	0	0	1	1	0.9432	2019	1	0.9432
5103	wulandari c.	0.6119	0.2795	396	0	0	1	0	0	2019	0	0
5104	wulandari d.	-0.7415	-0.0721	10	13	14	4	10	9.4315	2019	2.5	2.3579
5105	wulandari m.d.	-0.1304	0.6545	397	0	0	1	0	0	2019	0	0
5106	wulandari r.	0.6909	0.6534	398	0	0	2	1	0.9432	2019	0.5	0.4716
5107	wulandari s.s.	-0.0913	0.3394	399	0	0	1	1	0.9432	2019	1	0.9432
5108	wulandari y.w.	-0.2953	0.4468	400	0	0	1	1	0.9432	2019	1	0.9432
5109	"wulandari, widyobroto b.p."	-0.8577	0.4063	401	0	0	1	0	0	2019	0	0
5110	wulandaric d.	-0.7431	-0.0725	10	9	11	1	2	1.8863	2019	2	1.8863
5111	wulaningsih w.	0.8847	0.1438	1	18	20	2	6	5.6589	2019	3	2.8295
5112	wuragil d.k.	-0.3187	-0.7846	402	0	0	1	1	0.9432	2019	1	0.9432
5113	wuri m.a.	0.0826	0.8969	403	0	0	3	1	0.9432	2019	0.3333	0.3144
5114	"wuryaningsih, susilastuti d.h."	0.1824	0.3346	404	0	0	1	0	0	2019	0	0
5115	wuryastuti h.	0.1674	-0.6104	405	0	0	1	1	0.9432	2019	1	0.9432
5116	wuryastuty h.	0.4634	-0.7875	406	0	0	1	0	0	2019	0	0
5117	wusahaningtyas l.s.	-0.0672	0.7296	407	0	0	1	1	0.9432	2019	1	0.9432
5118	xaphakdy k.	-0.8587	-0.2072	20	1	1	2	1	0.9432	2019	0.5	0.4716
5119	xiang j.	0.2901	0.4369	408	0	0	1	10	9.4315	2019	10	9.4315
5120	xiong w.	0.0868	0.9462	409	0	0	1	4	3.7726	2019	4	3.7726
5121	xiong z.	-0.1391	-0.393	410	0	0	1	10	9.4315	2019	10	9.4315
5122	yahya i.m.	-0.6363	0.5928	411	0	0	1	0	0	2019	0	0
5123	yakob l.	0.1253	0.7375	412	0	0	1	5	4.7158	2019	5	4.7158
5124	yamagishi y.	-0.4402	0.8425	413	0	0	1	0	0	2019	0	0
5125	yamamoto h.	-0.291	-0.0898	414	0	0	1	3	2.8295	2019	3	2.8295
5126	yamamoto k.	-0.1833	0.6899	415	0	0	2	1	0.9432	2019	0.5	0.4716
5127	yamamoto k.-i.	-0.2745	-0.7497	416	0	0	2	4	3.7726	2019	2	1.8863
5128	yamamoto t.	-0.5098	-0.5522	417	0	0	1	23	21.6926	2019	23	21.6926
5129	yamamoto y.	0.7484	-0.2376	418	0	0	1	1	0.9432	2019	1	0.9432
5130	yamamura m.	0.4274	0.8599	419	0	0	1	1	0.9432	2019	1	0.9432
5131	yamanoi k.	0.543	0.2731	420	0	0	1	1	0.9432	2019	1	0.9432
5132	yamauchi a.	-0.4284	-0.1966	421	0	0	2	4	3.7726	2019	2	1.8863
5133	yanel k.	0.3566	0.3815	422	0	0	1	0	0	2019	0	0
5134	yang w.-c.v.	-0.5436	-0.7633	30	5	17	3	4	3.7726	2019	1.3333	1.2575
5135	yani m.	0.1125	0.7866	423	0	0	1	1	0.9432	2019	1	0.9432
5136	yano y.	-0.2267	-0.7724	424	0	0	1	0	0	2019	0	0
5137	yanti n.a.	-0.6965	-0.4179	425	0	0	1	0	0	2019	0	0
5138	yanti r.j.	0.7767	-0.274	426	0	0	1	0	0	2019	0	0
5139	yanti z.	0.118	0.9092	427	0	0	1	0	0	2019	0	0
5140	yanuarso p.b.	-0.023	0.381	428	0	0	1	3	2.8295	2019	3	2.8295
5141	"yanuartono, nurcahyo w."	-0.3993	0.0976	429	0	0	1	1	0.9432	2019	1	0.9432
5142	yanuaryska r.d.	-0.0625	-0.5058	430	0	0	1	2	1.8863	2019	2	1.8863
5143	yasin m.	0.4866	-0.814	431	0	0	1	4	3.7726	2019	4	3.7726
5144	yasirroni m.	0.3801	-0.0604	432	0	0	4	0	0	2019	0	0
5145	yasmin a.	-0.406	-0.0825	433	0	0	1	0	0	2019	0	0
5146	yasmini l.p.b.	0.1454	-0.0205	434	0	0	1	0	0	2019	0	0
5147	yasrul r.t.	0.2334	-0.6195	435	0	0	1	0	0	2019	0	0
5148	yassin n.	0.8096	-0.428	12	5	5	1	2	1.8863	2019	2	1.8863
5149	yasuda h.	-0.2953	0.1614	436	0	0	1	0	0	2019	0	0
5150	yasufuku n.	-0.7094	-0.4562	437	0	0	1	0	0	2019	0	0
5151	yathindranath v.	-0.1649	-0.4799	438	0	0	1	4	3.7726	2019	4	3.7726
5152	yatini y.	0.3303	0.5221	439	0	0	1	0	0	2019	0	0
5153	yayusman l.	-0.3563	0.4132	440	0	0	1	1	0.9432	2019	1	0.9432
5154	yeh c.-y.	-0.1749	0.0081	441	0	0	1	1	0.9432	2019	1	0.9432
5155	yen h.-j.	0.8959	0.3134	442	0	0	1	5	4.7158	2019	5	4.7158
5156	yeo i.c.	0.5262	0.7882	443	0	0	2	0	0	2019	0	0
5157	yeo t.w.	-0.3551	-0.0526	444	0	0	1	6	5.6589	2019	6	5.6589
5158	yesery esar s.	-0.7644	-0.4353	445	0	0	1	1	0.9432	2019	1	0.9432
5159	yeung s.	-0.8381	-0.108	4	8	8	1	9	8.4884	2019	9	8.4884
5160	yoga b.h.	-0.4189	0.5522	446	0	0	1	1	0.9432	2019	1	0.9432
5161	yoga g.p.	0.657	0.2614	447	0	0	1	0	0	2019	0	0
5162	yogyantoro r.n.	0.2765	0.2365	448	0	0	1	2	1.8863	2019	2	1.8863
5163	yokoyama t.	-0.7592	0.507	9	12	20	2	4	3.7726	2019	2	1.8863
5164	yokozeki t.	0.1357	0.6733	449	0	0	2	13	12.261	2019	6.5	6.1305
5165	yonas e.	0.4974	0.4099	450	0	0	1	1	0.9432	2019	1	0.9432
5166	yoneda-kato n.	-0.7595	0.5068	9	12	20	3	7	6.6021	2019	2.3333	2.2007
5167	yoshida m.	0.8854	-0.0236	451	0	0	1	2	1.8863	2019	2	1.8863
5168	yoshihara a.	-0.1809	0.4689	452	0	0	1	0	0	2019	0	0
5169	yoshikawa k.	-0.4014	0.2419	453	0	0	1	6	5.6589	2019	6	5.6589
5170	youneng k.	-0.4161	0.8561	454	0	0	1	0	0	2019	0	0
5171	yu v.f.	0.1386	0.9403	455	0	0	2	5	4.7158	2019	2.5	2.3579
5172	yuana k.a.	0.2533	-0.1082	456	0	0	3	0	0	2019	0	0
5173	yuana s.l.	0.3336	0.2921	457	0	0	1	8	7.5452	2019	8	7.5452
5174	yuanita e.	0.0895	0.1293	458	0	0	1	2	1.8863	2019	2	1.8863
5175	yuda handaya a.	0.2828	-0.9037	459	0	0	1	1	0.9432	2019	1	0.9432
5176	yuda t.k.	0.1076	0.855	460	0	0	3	8	7.5452	2019	2.6667	2.5151
5177	yudhani r.d.	0.1666	-0.2432	461	0	0	1	5	4.7158	2019	5	4.7158
5178	yudi p.	-0.1765	0.8871	462	0	0	1	1	0.9432	2019	1	0.9432
5179	yudianto a.	0.6435	-0.4316	463	0	0	2	0	0	2019	0	0
5180	yudianto d.	0.3521	0.015	464	0	0	1	0	0	2019	0	0
5181	yudiati e.	-0.2073	0.8474	465	0	0	1	4	3.7726	2019	4	3.7726
5182	yudono p.	0.1643	0.4126	466	0	0	5	0	0	2019	0	0
5183	yugatama a.	-0.2927	0.2889	467	0	0	1	0	0	2019	0	0
5184	yuhertiana i.	-0.3408	0.7234	468	0	0	1	1	0.9432	2019	1	0.9432
5185	yulaikhah	-0.1679	0.3923	469	0	0	1	0	0	2019	0	0
5186	yulaikhah y.	-0.8147	-0.4895	470	0	0	1	0	0	2019	0	0
5187	yulandari e.d.	0.4197	0.4156	471	0	0	1	1	0.9432	2019	1	0.9432
5188	yulianda d.	0.4745	0.4654	472	0	0	1	1	0.9432	2019	1	0.9432
5189	yuliando h.	-0.1367	0.9382	473	0	0	1	0	0	2019	0	0
5190	yuliani s.	0.7342	-0.2889	474	0	0	1	5	4.7158	2019	5	4.7158
5191	yuliani s.v.	-0.3033	-0.7083	475	0	0	1	0	0	2019	0	0
5192	yuliansyah a.t.	0.4591	0.1268	476	0	0	4	5	4.7158	2019	1.25	1.1789
5193	yulianto a.	0.5704	-0.027	477	0	0	1	2	1.8863	2019	2	1.8863
5194	yulianto h.d.k.	-0.1799	-0.7702	478	0	0	2	0	0	2019	0	0
5195	yulianto m.d.e.	0.3597	-0.5377	29	4	4	1	0	0	2019	0	0
5196	yulianto n.	0.6601	0.6455	479	0	0	1	0	0	2019	0	0
5197	yulianto v.i.	-0.0297	0.3005	480	0	0	1	1	0.9432	2019	1	0.9432
5198	yuliarto b.	0.1115	0.9436	481	0	0	2	2	1.8863	2019	1	0.9432
5199	yuliatmo r.	-0.1222	0.8654	482	0	0	1	0	0	2019	0	0
5200	yuliestyan a.	0.3304	-0.1159	483	0	0	1	1	0.9432	2019	1	0.9432
5201	yulis m.	-0.309	-0.4719	484	0	0	1	1	0.9432	2019	1	0.9432
5202	yuliyanda i.	0.5538	0.6441	485	0	0	2	0	0	2019	0	0
5203	yulizar e.	-0.3556	-0.5293	486	0	0	1	2	1.8863	2019	2	1.8863
5204	yulyanti v.	0.4706	0.291	487	0	0	1	0	0	2019	0	0
5205	yun j.h.	0.0357	0.0674	488	0	0	2	0	0	2019	0	0
5206	yunartha n.a.	-0.2058	-0.6101	489	0	0	1	0	0	2019	0	0
5207	yuniarti e.	0.4098	0.5576	490	0	0	1	1	0.9432	2019	1	0.9432
5208	yuniarti n.	-0.2059	0.1611	491	0	0	1	0	0	2019	0	0
5209	yuniarto h.a.	-0.224	0.2977	492	0	0	1	0	0	2019	0	0
5210	yuniawati f.	-0.3262	0.0812	493	0	0	1	0	0	2019	0	0
5211	yunita y.	0.3251	0.0876	494	0	0	1	0	0	2019	0	0
5212	yunus j.	-0.3401	-0.2376	495	0	0	2	0	0	2019	0	0
5213	yunus m.	-0.2319	-0.0462	496	0	0	1	1	1	2020	1	1
5214	yusabih a.	-0.4832	0.3124	497	0	0	1	0	0	2019	0	0
5215	yusal m.s.	0.4661	0.622	498	0	0	1	0	0	2019	0	0
5216	yusiati l.m.	0.0441	-0.1444	499	0	0	14	0	0	2019	0	0
5217	"yusnaini, suryanto e."	-0.0999	-0.3265	500	0	0	1	0	0	2019	0	0
5218	yustinus m.	-0.3675	0.0268	501	0	0	1	1	0.9432	2019	1	0.9432
5219	yustisia y.	0.388	-0.6662	502	0	0	1	0	0	2019	0	0
5220	yusuf a.n.a.	-0.1182	0.7861	503	0	0	1	1	0.9432	2019	1	0.9432
5221	yusuf b.	0.0097	0.8323	504	0	0	1	0	0	2019	0	0
5222	yusuf s.	-0.8027	-0.5101	505	0	0	1	0	0	2019	0	0
5223	yusuf s.a.a.	0.5197	0.1672	506	0	0	2	2	1.8863	2019	1	0.9432
5224	yusuf w.a.	-0.5505	-0.5165	507	0	0	3	0	0	2019	0	0
5225	yusuf y.	0.1344	-0.8984	7	8	8	12	15	14.1473	2019	1.25	1.1789
5226	yusufiyah h.k.n.	0.2729	0.0305	508	0	0	1	2	1.8863	2019	2	1.8863
5227	yuwana s.	-0.021	0.0047	509	0	0	1	0	0	2019	0	0
5228	yuwaningsih d.a.	-0.4088	-0.0173	510	0	0	2	0	0	2019	0	0
5229	yuwati t.w.	0.7279	0.0038	511	0	0	1	2	1.8863	2019	2	1.8863
5230	yuwono b.d.	0.2585	-0.7613	512	0	0	1	0	0	2019	0	0
5231	yuwono n.	0.0137	-0.5176	513	0	0	1	0	0	2019	0	0
5232	yuwono p.s.h.	0.637	-0.2477	514	0	0	1	3	2.8295	2019	3	2.8295
5233	yuwono t.	0.5267	0.337	515	0	0	1	0	0	2019	0	0
5234	yuwono y.c.h.	0.4131	0.4862	516	0	0	1	0	0	2019	0	0
5235	zachari m.y.	-0.5752	0.2476	517	0	0	1	14	13.2042	2019	14	13.2042
5236	zahroh m.	0.6411	0.6768	518	0	0	1	0	0	2019	0	0
5237	zainuddin m.	-0.3668	-0.6809	519	0	0	1	0	0	2019	0	0
5238	zainuri m.	-0.458	-0.5655	520	0	0	1	0	0	2019	0	0
5239	zakaria z.	0.7744	0.4432	5	3	3	1	3	2.8295	2019	3	2.8295
5240	zakri k.w.	0.5653	-0.673	521	0	0	1	0	0	2019	0	0
5241	zalizar l.	-0.2512	0.2217	522	0	0	1	0	0	2019	0	0
5242	zamzuri h.	-0.8294	-0.4689	523	0	0	1	2	1.8863	2019	2	1.8863
5243	zangmo t.	-0.8464	0.3849	524	0	0	1	5	4.7158	2019	5	4.7158
5244	zayyanul afwani m.	0.2337	0.3916	525	0	0	1	0	0	2019	0	0
5245	zealandia sarah n.f.	-0.173	-0.5509	526	0	0	1	0	0	2019	0	0
5246	zhafarina z.	-0.2368	0.9202	527	0	0	3	2	1.8863	2019	0.6667	0.6288
5247	zhang g.-r.	-0.1485	0.5384	528	0	0	1	2	1.8863	2019	2	1.8863
5248	zhang s.	0.436	-0.7584	529	0	0	2	6	5.6589	2019	3	2.8295
5249	zhang z.	0.0504	0.8713	530	0	0	1	3	2.8295	2019	3	2.8295
5250	zhao b.	-0.0027	-0.2064	531	0	0	1	23	21.6926	2019	23	21.6926
5251	zhao z.	0.1585	0.6227	532	0	0	1	3	2.8295	2019	3	2.8295
5252	zimmerman l.a.	0.0691	-0.7334	533	0	0	1	2	1.8863	2019	2	1.8863
5253	zithny ilman p.	0.6803	0.6213	534	0	0	1	0	0	2019	0	0
5254	zohri m.	0.155	0.5051	535	0	0	1	1	0.9432	2019	1	0.9432
5255	zuhri s.	-0.2383	-0.1417	536	0	0	1	1	0.9432	2019	1	0.9432
5256	zuhria f.	-0.3632	0.6714	537	0	0	1	0	0	2019	0	0
5257	zukhri z.	0.4062	0.2595	538	0	0	1	0	0	2019	0	0
5258	"zulaela, kartiko s.h."	-0.1148	-0.1353	539	0	0	1	0	0	2019	0	0
5259	zulfa i.h.	-0.1123	0.4751	540	0	0	1	0	0	2019	0	0
5260	"zulfakriza, meilano i."	-0.0161	-0.3425	541	0	0	1	4	3.7726	2019	4	3.7726
5261	"zulfanahri, frannita e.l."	-0.2101	0.9261	542	0	0	1	3	2.8295	2019	3	2.8295
5262	zulfatina i.b.	-0.0372	-0.573	543	0	0	1	1	0.9432	2019	1	0.9432
5263	zulfikhar z.	0.4893	0.7852	544	0	0	1	1	0.9432	2019	1	0.9432
5264	zulhendry d.w.	0.2542	0.9048	545	0	0	1	1	0.9432	2019	1	0.9432
5265	zulijanto a.	-0.484	0.1674	546	0	0	1	0	0	2019	0	0
5266	zulkarnain a.k.	-0.1368	-0.6189	547	0	0	3	0	0	2019	0	0
5267	zulkifli f.y.	-0.3261	0.6325	548	0	0	1	1	0.9432	2019	1	0.9432
5268	zunaim d.	-0.0344	0.4534	549	0	0	1	0	0	2019	0	0
5269	zuprizal	0.6926	0.0404	550	0	0	2	1	0.9432	2019	0.5	0.4716
5270	"zuprizal, dono n.d."	-0.6424	0.6948	551	0	0	4	2	1.8863	2019	0.5	0.4716
