id	label	x	y	cluster	weight<Links>	weight<Total link strength>	weight<Documents>	weight<Citations>	weight<Norm. citations>	score<Avg. pub. year>	score<Avg. citations>	score<Avg. norm. citations>
2	a'yun y.q.	0.6754	-0.0058	14	6	24	4	0	0	2019	0	0
10	abdullah m.	-0.2402	0.2567	1	5	5	6	3	2.4785	2019	0.5	0.4131
12	abdullah n.a.	-0.26	-0.2594	2	5	7	3	8	6.6093	2019	2.6667	2.2031
20	abidin z.	0.3534	-0.5268	27	5	11	4	0	0	2019	0	0
21	abinawanto a.	0.6206	-0.0831	14	12	43	14	0	0	2019	0	0
23	abraham p.	-0.5444	0.669	25	20	20	1	9	7.4354	2019	9	7.4354
24	abubakar s.	-0.1131	0.387	1	18	18	1	1	0.8262	2019	1	0.8262
25	abuzairi t.	-0.3146	-0.5028	2	2	6	6	7	5.7831	2019	1.1667	0.9639
35	adawiyah r.	-0.0251	-0.2336	4	10	10	2	0	0	2019	0	0
56	aditianingsih d.	0.8574	0.0238	14	12	27	4	4	3.3046	2019	1	0.8262
81	adylkhanov t.	-0.726	-0.3499	23	15	15	1	1	0.8262	2019	1	0.8262
91	afini i.	0.5332	-1.0342	39	4	8	2	4	3.3046	2019	2	1.6523
98	afrizal s.h.	0.5184	-0.5408	27	3	8	3	2	1.6523	2019	0.6667	0.5508
110	agustina r.	-0.1442	0.193	1	24	25	3	38	31.3941	2019	12.6667	10.4647
118	ahmad s.a.	-0.088	0.1117	1	22	22	1	36	29.7417	2019	36	29.7417
121	ahn m.y.	-0.3288	0.7209	5	24	24	1	3	2.4785	2019	3	2.4785
122	ahsan a.	1.0153	0.63	54	0	0	4	7	5.7831	2019	1.75	1.4458
134	aisyah n.	-0.1917	-0.3401	2	3	3	4	7	5.7831	2019	1.75	1.4458
144	ajiwibowo m.w.	0.0361	-0.9861	47	2	8	4	11	9.0878	2019	2.75	2.2719
145	akaza h.	0.7118	-0.4138	7	21	23	2	11	9.0878	2019	5.5	4.5439
157	alam a.	0.3877	0.4618	28	17	17	1	2	1.6523	2019	2	1.6523
166	aldila d.	0.5859	1.1818	51	1	3	9	13	10.7401	2019	1.4444	1.1933
173	alfiany n.	0.0889	-0.3457	4	5	8	4	5	4.1308	2019	1.25	1.0327
179	alhamid m.i.	-0.2398	-0.3498	2	10	17	11	23	19.0017	2019	2.0909	1.7274
183	ali a.	0.4391	0.9884	30	15	15	1	8	6.6093	2019	8	6.6093
194	alisjahbana b.	0.3871	0.5061	28	17	17	1	2	1.6523	2019	2	1.6523
195	alkaff a.h.	-0.3869	1.0255	43	3	10	4	4	3.3046	2019	1	0.8262
196	alkatiri a.a.	0.0642	-0.305	2	4	4	2	4	3.3046	2019	2	1.6523
197	allard j.p.	0.5065	0.9844	30	15	15	1	8	6.6093	2019	8	6.6093
205	alvianingsih g.	-0.5796	-0.2776	15	3	9	5	0	0	2019	0	0
208	amal m.i.	-0.6741	-0.6178	10	6	12	3	3	2.4785	2019	1	0.8262
246	anand i.	0.2536	-0.6765	12	13	13	1	7	5.7831	2019	7	5.7831
247	anand i.s.	0.1229	-0.6168	12	21	21	1	22	18.1755	2019	22	18.1755
255	andika r.	0.0488	-0.0615	9	1	1	3	7	5.7831	2019	2.3333	1.9277
257	andini p.w.	0.2444	0.1296	24	17	17	1	4	3.3046	2019	4	3.3046
259	andjani h.n.	-0.3403	-0.6642	3	5	12	3	2	1.6523	2019	0.6667	0.5508
260	andraini t.	-1.1806	-0.0479	38	2	4	3	11	9.0878	2019	3.6667	3.0293
270	andrijono a.	-0.0999	-0.1429	9	6	7	3	4	3.3046	2019	1.3333	1.1015
275	anfasa f.	1.0953	-0.7611	52	1	2	2	7	5.7831	2019	3.5	2.8916
277	angelina m.	0.3723	0.7435	35	6	12	4	4	3.3046	2019	1	0.8262
296	anita n.	0.6512	-0.037	14	6	24	4	0	0	2019	0	0
298	ann soenarta a.	0.5811	0.0864	21	16	16	1	5	4.1308	2019	5	4.1308
302	annur d.	-0.6519	-0.6019	10	7	14	4	6	4.957	2019	1.5	1.2392
305	antarianto r.d.	-0.5436	-0.6378	10	5	8	4	3	2.4785	2019	0.75	0.6196
306	antariksawan a.r.	-0.1641	-0.2372	2	8	18	3	1	0.8262	2019	0.3333	0.2754
315	anzup cancer trials group	0.7349	-0.4601	7	20	20	1	10	8.2616	2019	10	8.2616
317	aoki-nonaka y.	0.2624	-1.0121	34	11	16	2	3	2.4785	2019	1.5	1.2392
320	apinuntavech s.	1.0332	-0.2429	11	23	23	1	5	4.1308	2019	5	4.1308
322	apriandanu d.o.b.	-0.0913	-0.3001	3	2	6	5	16	13.2186	2019	3.2	2.6437
328	aprilia y.y.	0.111	0.4689	13	15	15	1	1	0.8262	2019	1	0.8262
331	apriono c.	-0.0811	-0.814	4	2	8	12	11	9.0878	2019	0.9167	0.7573
354	ardiyati t.	-0.1987	-0.196	2	8	13	2	1	0.8262	2019	0.5	0.4131
358	ariane a.	-0.5843	0.0566	15	5	10	3	3	2.4785	2019	1	0.8262
359	ariani y.	-0.6723	0.9303	49	2	7	4	0	0	2019	0	0
396	arozal w.	-0.3962	-0.0996	15	2	4	4	3	2.4785	2019	0.75	0.6196
400	arsianti a.	0.2188	1.1798	55	0	0	4	3	2.4785	2019	0.75	0.6196
414	aryani d.r.	-0.5288	-0.2595	15	7	11	6	1	0.8262	2019	0.1667	0.1377
416	arymurthy a.m.	-0.0199	-0.5002	4	3	4	4	5	4.1308	2019	1.25	1.0327
427	asian-hf (asian sudden cardiac death in heart failure) registry investigators	0.2269	-0.6735	12	13	13	1	7	5.7831	2019	7	5.7831
453	asvial m.	-0.1322	-0.7173	4	5	6	5	8	6.6093	2019	1.6	1.3219
463	auerkari e.i.	0.0718	-0.2118	9	3	7	8	4	3.3046	2019	0.5	0.4131
473	avihingasanon a.	-0.1115	0.6436	5	23	23	1	1	0.8262	2019	1	0.8262
474	avihingsanon a.	-0.2877	0.749	5	28	47	2	9	7.4354	2019	4.5	3.7177
476	awanis a.	0.6801	-0.0477	14	6	24	4	0	0	2019	0	0
481	ayuning budi n.f.	0.4316	-0.5986	27	5	8	4	2	1.6523	2019	0.5	0.4131
493	aziz m.	0.0277	-0.9669	47	2	8	4	11	9.0878	2019	2.75	2.2719
502	azzahro f.	0.4638	-0.4956	27	4	9	6	6	4.957	2019	1	0.8262
505	bachtiar b.m.	-0.716	-0.0935	6	19	28	4	12	9.9139	2019	3	2.4785
506	bachtiar e.w.	-0.7005	-0.1174	6	19	28	4	12	9.9139	2019	3	2.4785
507	bachtiar n.s.	0.1348	0.2971	13	13	16	2	2	1.6523	2019	1	0.8262
521	bak y.-t.	-0.5694	0.6859	25	20	20	1	9	7.4354	2019	9	7.4354
525	ball p.	0.4629	0.9986	30	15	15	1	8	6.6093	2019	8	6.6093
533	banu p.a.	-0.7709	-0.3079	23	15	15	1	1	0.8262	2019	1	0.8262
534	barack r.	0.3142	-0.1225	32	14	14	1	2	1.6523	2019	2	1.6523
535	bardosono s.	-0.1007	-0.1009	9	6	9	7	11	9.0878	2019	1.5714	1.2983
542	bartlett a.w.	0.1302	0.7604	17	23	39	2	3	2.4785	2019	1.5	1.2392
556	baskoro a.s.	-0.7288	-0.5528	10	2	3	5	6	4.957	2019	1.2	0.9914
558	basrowi r.w.	0.6642	0.4196	8	11	16	3	8	6.6093	2019	2.6667	2.2031
567	batubara j.r.l.	0.7823	-0.1372	11	2	2	2	2	1.6523	2019	1	0.8262
572	beaney t.	0.2891	-0.1366	32	14	14	1	2	1.6523	2019	2	1.6523
576	bee p.	0.3307	-0.2642	33	8	14	2	4	3.3046	2019	2	1.6523
583	bennett a.	0.9892	-0.1295	11	23	23	1	5	4.1308	2019	5	4.1308
584	benninga m.	0.6535	0.6295	8	19	19	1	1	0.8262	2019	1	0.8262
587	berawi m.a.	-0.2041	-0.7257	4	4	9	15	32	26.4371	2019	2.1333	1.7625
589	berger j.	-0.9114	0.1735	26	18	18	1	6	4.957	2019	6	4.957
590	berger m.m.	0.4489	0.9209	30	15	15	1	8	6.6093	2019	8	6.6093
592	bernard k.	-0.1638	0.3227	1	18	18	1	1	0.8262	2019	1	0.8262
596	besse c.	-0.4684	-0.9818	18	15	15	1	1	0.8262	2019	1	0.8262
598	bhoomikumar j.	1.0287	-0.216	11	23	23	1	5	4.1308	2019	5	4.1308
609	bismo s.	-0.2061	-0.3892	2	6	13	13	5	4.1308	2019	0.3846	0.3178
610	blaauw r.	0.4723	0.9119	30	15	15	1	8	6.6093	2019	8	6.6093
615	bogus j.	-0.1442	1.1242	20	22	22	1	9	7.4354	2019	9	7.4354
616	boland a.	-0.4074	-0.96	18	15	15	1	1	0.8262	2019	1	0.8262
625	bowolaksono a.	0.6289	-0.1438	7	3	14	6	1	0.8262	2019	0.1667	0.1377
629	breaud a.	0.8227	0.3637	19	15	15	1	2	1.6523	2019	2	1.6523
631	brooks h.	0.2941	-0.264	33	8	14	2	4	3.3046	2019	2	1.6523
633	brucato n.	-0.4603	-0.9576	18	15	15	1	1	0.8262	2019	1	0.8262
635	buchan n.c.	0.8038	-0.4938	7	20	20	1	10	8.2616	2019	10	8.2616
640	budi i.	0.3936	-0.5343	27	3	3	9	4	3.3046	2019	0.4444	0.3672
641	budi n.f.a.	0.3825	-0.504	27	7	15	7	1	0.8262	2019	0.1429	0.118
643	budiansyah m.a.	-0.5851	-0.2558	15	3	8	4	0	0	2019	0	0
645	budianto e.	-0.1829	-0.0317	9	6	9	5	4	3.3046	2019	0.8	0.6609
665	budiyanto m.a.	-0.2425	-0.3265	2	2	3	6	16	13.2186	2019	2.6667	2.2031
667	bui q.	1.0296	0.3621	19	14	23	2	7	5.7831	2019	3.5	2.8916
672	buntaran s.	0.0125	-0.1665	4	7	13	3	0	0	2019	0	0
674	buranakitjaroen p.	0.5443	0.1522	21	23	51	3	36	29.7417	2019	12	9.9139
675	burgner d.p.	0.0624	0.641	17	4	4	2	2	1.6523	2019	1	0.8262
676	burnett d.l.	-0.3078	-0.0887	9	7	14	2	11	9.0878	2019	5.5	4.5439
677	bustamam a.	0.1428	-0.3283	4	9	13	7	4	3.3046	2019	0.5714	0.4721
691	calaguas m.j.	-0.8026	-0.3035	23	15	15	1	1	0.8262	2019	1	0.8262
695	cao j.	-0.7819	-0.2858	23	15	15	1	1	0.8262	2019	1	0.8262
701	carpino g.	0.6778	-0.826	31	15	15	1	6	4.957	2019	6	4.957
703	carus w.s.	-0.1827	0.3478	1	18	18	1	1	0.8262	2019	1	0.8262
704	cattaert t.	0.6297	0.6162	8	19	19	1	1	0.8262	2019	1	0.8262
706	cerny v.	-0.4514	-0.9328	18	15	15	1	1	0.8262	2019	1	0.8262
713	chaiwarith r.	-0.2083	0.7026	5	35	70	3	10	8.2616	2019	3.3333	2.7539
714	chalid m.	-0.3749	-0.3957	2	5	9	15	9	7.4354	2019	0.6	0.4957
715	chamberlain t.w.	-0.2803	-0.0883	9	7	14	2	11	9.0878	2019	5.5	4.5439
719	chan l.-n.	0.4943	0.9518	30	15	15	1	8	6.6093	2019	8	6.6093
723	chandramouli c.	0.2393	-0.6467	12	13	13	1	7	5.7831	2019	7	5.7831
725	chang c.-s.	-0.5503	0.739	25	20	20	1	9	7.4354	2019	9	7.4354
729	chansilpa y.	-0.7491	-0.3398	23	15	15	1	1	0.8262	2019	1	0.8262
731	charlton m.r.	-0.5939	0.2916	29	17	17	1	2	1.6523	2019	2	1.6523
737	chea m.	-0.9431	0.1346	26	18	18	1	6	4.957	2019	6	4.957
738	chen c.-h.	0.5106	0.1718	21	23	51	3	36	29.7417	2019	12	9.9139
739	chen l.	-0.989	-0.1701	6	14	14	1	12	9.9139	2019	12	9.9139
740	chen m.	-0.607	0.7275	25	20	20	1	9	7.4354	2019	9	7.4354
741	chen s.-l.	-0.9986	-0.1924	6	14	14	1	12	9.9139	2019	12	9.9139
742	chen x.	-0.9841	-0.2289	6	14	14	1	12	9.9139	2019	12	9.9139
743	cheng j.	0.5999	0.6839	8	19	19	1	1	0.8262	2019	1	0.8262
746	cheon k.-a.	1.0097	-0.1737	11	23	23	1	5	4.1308	2019	5	4.1308
747	cherkasov n.	-0.2604	-0.1071	9	7	14	2	11	9.0878	2019	5.5	4.5439
751	chia y.-c.	0.4794	0.229	21	18	18	1	12	9.9139	2019	12	9.9139
752	chia y.c.	0.6041	0.116	21	20	33	2	24	19.8278	2019	12	9.9139
753	chin tay j.	0.5239	0.0783	21	16	16	1	5	4.1308	2019	5	4.1308
755	chiong e.	0.7455	-0.4838	7	20	20	1	10	8.2616	2019	10	8.2616
756	chittchang u.	-0.9196	0.2253	26	18	18	1	6	4.957	2019	6	4.957
757	cho c.-k.	-0.7224	-0.3235	23	15	15	1	1	0.8262	2019	1	0.8262
760	choi j.y.	-0.1754	0.7065	5	35	70	3	10	8.2616	2019	3.3333	2.7539
761	choi m.-g.	-0.599	0.6911	25	20	20	1	9	7.4354	2019	9	7.4354
765	chokephaibulkit k.	0.0656	0.8083	17	23	39	2	3	2.4785	2019	1.5	1.2392
766	chong c.k.	-0.1535	0.3466	1	18	18	1	1	0.8262	2019	1	0.8262
772	christian m.	-0.1546	1.0949	20	22	22	1	9	7.4354	2019	9	7.4354
774	christwardana m.	-0.3389	-0.4067	2	3	4	3	2	1.6523	2019	0.6667	0.5508
776	chua a.s.b.	-0.5657	0.656	25	20	20	1	9	7.4354	2019	9	7.4354
777	chuang w.-l.	-0.7803	0.4507	16	22	41	2	20	16.5232	2019	10	8.2616
779	chung b.h.	0.7381	-0.4002	7	21	23	2	11	9.0878	2019	5.5	4.5439
780	cicero a.	-0.1719	0.3955	1	18	18	1	1	0.8262	2019	1	0.8262
787	clarke w.	0.8505	0.3751	19	15	15	1	2	1.6523	2019	2	1.6523
795	cox m.p.	-0.4955	-0.9399	18	24	32	3	31	25.6109	2019	10.3333	8.537
796	craig l.a.	-1.0669	0.4828	45	3	5	2	3	2.4785	2019	1.5	1.2392
798	crawford d.h.g.	-0.7851	0.511	16	22	41	2	20	16.5232	2019	10	8.2616
801	cua i.h.	-0.6211	0.2806	29	17	17	1	2	1.6523	2019	2	1.6523
828	darmawan a.	0.0146	-0.9834	47	2	8	5	11	9.0878	2019	2.2	1.8176
832	darmowidjojo b.	-0.3398	0.0894	22	19	19	1	0	0	2019	0	0
834	dartanto t.	-0.1365	0.1152	1	22	22	3	38	31.3941	2019	12.6667	10.4647
836	darusallam c.c.	-0.57	-0.9721	18	13	13	1	30	24.7848	2019	30	24.7848
842	dashtseren b.	-0.6831	0.2888	29	17	17	1	2	1.6523	2019	2	1.6523
847	davaasuren o.	1.0025	-0.2329	11	23	23	1	5	4.1308	2019	5	4.1308
850	davis i.d.	0.7083	-0.4482	7	20	20	1	10	8.2616	2019	10	8.2616
852	de geyter c.	0.6733	0.6109	8	19	19	1	1	0.8262	2019	1	0.8262
853	de jong i.e.m.	0.7017	-0.8357	31	15	15	1	6	4.957	2019	6	4.957
862	degirmenci v.	-0.2976	-0.1568	9	13	22	4	13	10.7401	2019	3.25	2.685
864	deleuze j.-f.	-0.4353	-0.9659	18	15	15	1	1	0.8262	2019	1	0.8262
865	delliana j.	0.3374	-0.1194	32	14	14	1	2	1.6523	2019	2	1.6523
874	desti h.	0.376	0.7216	35	6	12	4	4	3.3046	2019	1	0.8262
875	destyanto a.r.	-0.1212	-1.1992	46	1	6	6	24	19.8278	2019	4	3.3046
881	devi c.r.b.	-0.7859	-0.3253	23	15	15	1	1	0.8262	2019	1	0.8262
887	dewantari a.k.	0.1374	0.458	13	15	15	1	1	0.8262	2019	1	0.8262
892	dewi b.e.	0.3507	0.7445	35	6	12	5	4	3.3046	2019	0.8	0.6609
907	dewiputri s.	-0.3647	0.0752	22	19	19	1	0	0	2019	0	0
910	dhaneswara d.	-0.4263	-0.4681	2	1	5	6	5	4.1308	2019	0.8333	0.6885
912	dharma s.	0.2304	-0.3517	32	3	4	3	5	4.1308	2019	1.6667	1.3769
918	dhenni r.	0.1595	0.4736	13	15	15	1	1	0.8262	2019	1	0.8262
923	dian s.	0.3003	0.1293	24	17	17	1	4	3.3046	2019	4	3.3046
944	ditangco r.	-0.2397	0.642	5	35	70	3	10	8.2616	2019	3.3333	2.7539
946	divinagracia r.	0.5429	0.2218	21	20	35	2	31	25.6109	2019	15.5	12.8055
959	djer m.m.	0.8008	-0.1352	11	4	4	2	4	3.3046	2019	2	1.6523
960	djoerban z.	0.8664	0.3518	19	15	15	1	2	1.6523	2019	2	1.6523
962	djuardi y.	-0.105	1.0183	20	22	27	3	13	10.7401	2019	4.3333	3.58
963	djuhana d.	-0.0639	-0.0361	9	2	4	11	3	2.4785	2019	0.2727	0.2253
964	djuwita r.	-0.1569	0.2559	1	3	4	3	5	4.1308	2019	1.6667	1.3769
965	dkcrush-v investigators	-0.9476	-0.1977	6	14	14	1	12	9.9139	2019	12	9.9139
966	do c.d.	-0.1432	0.7415	5	30	46	2	7	5.7831	2019	3.5	2.8916
967	do t.t.	-0.9024	0.2037	26	18	19	2	6	4.957	2019	3	2.4785
968	do v.c.	0.0836	0.7768	17	23	39	2	3	2.4785	2019	1.5	1.2392
972	dokmeci a.k.	-0.6884	0.5329	16	20	20	1	12	9.9139	2019	12	9.9139
983	du q.t.	0.1713	0.7623	17	21	21	1	0	0	2019	0	0
985	dubray c.	-0.0779	1.1545	20	23	36	2	11	9.0878	2019	5.5	4.5439
987	duger d.	-0.6109	0.3411	29	17	17	1	2	1.6523	2019	2	1.6523
990	dumchev k.	0.9058	0.3449	19	25	29	2	4	3.3046	2019	2	1.6523
995	dwinastiti y.a.	-0.0137	-0.1376	4	7	11	2	0	0	2019	0	0
999	dwiranti a.	-0.5621	1.0637	42	2	5	5	2	1.6523	2019	0.4	0.3305
1018	einaga y.	-0.5032	-0.1258	23	2	5	4	17	14.0447	2019	4.25	3.5112
1033	elya b.	0.332	0.6949	35	7	8	4	2	1.6523	2019	0.5	0.4131
1050	erwinanto e.	0.3696	-0.1434	32	14	14	1	2	1.6523	2019	2	1.6523
1051	eryando t.	0.5038	-0.5587	27	3	8	3	2	1.6523	2019	0.6667	0.5508
1052	eshleman s.h.	0.8493	0.3185	19	15	15	1	2	1.6523	2019	2	1.6523
1054	estiasari r.	0.1601	0.1242	24	21	27	5	11	9.0878	2019	2.2	1.8176
1056	estuningtyas a.	-0.3665	-0.1571	15	5	11	7	5	4.1308	2019	0.7143	0.5901
1062	excler j.-l.	0.1517	0.2731	13	13	13	1	2	1.6523	2019	2	1.6523
1076	fahmida u.	-0.8788	0.1756	26	19	20	4	9	7.4354	2019	2.25	1.8589
1090	fakhri d.	0.7872	-0.1221	11	3	3	2	2	1.6523	2019	1	0.8262
1094	fang x.	-0.5581	0.7126	25	20	20	1	9	7.4354	2019	9	7.4354
1101	farida s.	-0.151	-0.4139	3	13	18	8	4	3.3046	2019	0.5	0.4131
1122	fatriansyah j.f.	-0.4162	-0.4554	2	2	6	6	5	4.1308	2019	0.8333	0.6885
1126	faure c.	0.654	0.6559	8	19	19	1	1	0.8262	2019	1	0.8262
1128	fauzantoro a.	-0.3109	-0.6407	3	5	13	5	9	7.4354	2019	1.8	1.4871
1134	fauzia v.	0.0265	-0.0753	9	5	16	14	40	33.0464	2019	2.8571	2.3605
1149	februhartanty j.	-0.0945	-0.0698	9	2	5	4	4	3.3046	2019	1	0.8262
1154	ferdian d.	-0.6209	-0.4678	10	3	3	4	2	1.6523	2019	0.5	0.4131
1160	ferguson e.l.	-0.9785	0.1798	26	18	18	1	6	4.957	2019	6	4.957
1161	fernandes v.	-0.4111	-0.9861	18	15	15	1	1	0.8262	2019	1	0.8262
1173	findyartini a.	0.7267	0.2549	14	1	1	5	8	6.6093	2019	1.6	1.3219
1188	fischer j.	-0.1455	0.392	1	18	18	1	1	0.8262	2019	1	0.8262
1189	fischer p.u.	-0.0117	1.0595	20	23	40	3	12	9.9139	2019	4	3.3046
1203	fitriani w.r.	0.3869	-0.6164	27	3	7	4	3	2.4785	2019	0.75	0.6196
1205	fogel j.m.	0.8402	0.343	19	15	15	1	2	1.6523	2019	2	1.6523
1208	fong m.s.	0.0986	0.747	17	23	39	2	3	2.4785	2019	1.5	1.2392
1215	frida m.	0.2555	0.1069	24	17	17	1	4	3.3046	2019	4	3.3046
1227	fukudo s.	-0.5132	0.6941	25	20	20	1	9	7.4354	2019	9	7.4354
1229	fung d.	1.0057	-0.2005	11	23	23	1	5	4.1308	2019	5	4.1308
1239	gandhi a.	0.4295	-0.3488	33	3	19	10	7	5.7831	2019	0.7	0.5783
1240	gane e.j.	-0.6694	0.2626	29	17	17	1	2	1.6523	2019	2	1.6523
1244	gani r.a.	-0.5075	0.1978	1	8	19	6	12	9.9139	2019	2	1.6523
1245	ganiem a.r.	0.2672	0.0833	24	17	17	1	4	3.3046	2019	4	3.3046
1250	garniwa i.	-0.4877	-0.2526	15	5	9	13	4	3.3046	2019	0.3077	0.2542
1253	gau s.	1.0628	-0.2334	11	23	23	1	5	4.1308	2019	5	4.1308
1254	gaudio e.	0.6593	-0.8074	31	15	15	1	6	4.957	2019	6	4.957
1267	ghoshal u.c.	-0.5336	0.6415	25	20	20	1	9	7.4354	2019	9	7.4354
1272	ginting m.j.	-0.0903	-0.6034	3	6	27	6	2	1.6523	2019	0.3333	0.2754
1274	go v.f.	0.9697	0.3686	19	14	23	2	7	5.7831	2019	3.5	2.8916
1276	goessens w.h.f.	0.8725	0.0912	14	11	21	2	2	1.6523	2019	1	0.8262
1277	gondhowiardjo s.	-0.4385	0.0429	22	22	22	3	13	10.7401	2019	4.3333	3.58
1278	gonlachanvit s.	-0.6113	0.6486	25	20	20	1	9	7.4354	2019	9	7.4354
1280	goss c.w.	-0.0598	1.0157	20	23	40	3	12	9.9139	2019	4	3.3046
1282	gottrand f.	0.6476	0.5961	8	19	19	1	1	0.8262	2019	1	0.8262
1283	gouw a.s.h.	0.6688	-0.7578	31	15	15	1	6	4.957	2019	6	4.957
1284	gozan m.	-0.2589	-0.5435	3	24	48	27	36	29.7417	2019	1.3333	1.1015
1290	grobbee d.e.	0.0428	0.6288	17	4	8	3	8	6.6093	2019	2.6667	2.2031
1293	guerrero a.	1.0378	-0.1643	11	23	23	1	5	4.1308	2019	5	4.1308
1299	gunadi g.g.r.	-0.2034	-1.0647	44	3	10	4	0	0	2019	0	0
1300	gunardi h.	0.1857	0.2252	13	14	14	3	4	3.3046	2019	1.3333	1.1015
1304	gunawan d.	0.3074	0.0998	24	17	17	4	6	4.957	2019	1.5	1.2392
1310	guo x.	0.8231	0.3079	19	15	15	1	2	1.6523	2019	2	1.6523
1317	gwee k.a.	-0.6234	0.6746	25	20	20	1	9	7.4354	2019	9	7.4354
1318	ha t.v.	0.9203	0.3156	19	25	29	2	4	3.3046	2019	2	1.6523
1328	hadinegoro s.r.	0.0804	0.3207	13	32	41	7	19	15.697	2019	2.7143	2.2424
1331	hadiwardoyo s.p.	0.9418	0.7141	56	0	0	7	7	5.7831	2019	1	0.8262
1346	hakim i.i.	-0.23	-0.2764	2	6	9	4	8	6.6093	2019	2	1.6523
1347	hakim i.m.	1.0856	-0.4556	57	0	0	5	0	0	2019	0	0
1348	hakim l.	0.6897	-0.3513	7	4	4	2	1	0.8262	2019	0.5	0.4131
1360	hall b.	0.9798	-0.2129	11	23	23	1	5	4.1308	2019	5	4.1308
1362	hamid a.r.a.h.	0.799	-0.2948	7	4	8	3	5	4.1308	2019	1.6667	1.3769
1366	hamid s.s.	-0.7681	0.4817	16	22	41	2	20	16.5232	2019	10	8.2616
1369	hamilton e.l.	0.8938	0.3874	19	25	29	2	4	3.3046	2019	2	1.6523
1377	han w.m.	-0.2484	0.8184	5	23	23	1	6	4.957	2019	6	4.957
1378	han y.	-1.0236	-0.2	6	14	14	1	12	9.9139	2019	12	9.9139
1380	hanafi m.	0.3565	0.6825	35	8	10	4	1	0.8262	2019	0.25	0.2065
1385	handari b.d.	0.5756	1.188	51	1	3	9	5	4.1308	2019	0.5556	0.459
1390	handayani p.w.	0.4888	-0.5152	27	6	19	13	8	6.6093	2019	0.6154	0.5084
1395	handayani t.	-1.1995	-0.0068	38	2	2	5	3	2.4785	2019	0.6	0.4957
1396	handayani w.	0.1298	-0.0434	9	4	9	9	2	1.6523	2019	0.2222	0.1836
1401	handoko d.	0.6507	-0.3098	7	2	4	4	0	0	2019	0	0
1406	handryastuti s.	0.1919	0.5011	13	18	18	2	3	2.4785	2019	1.5	1.2392
1420	hanscom b.	0.8476	0.2908	19	15	15	1	2	1.6523	2019	2	1.6523
1421	hansudewechakul r.	0.0492	0.78	17	23	39	2	3	2.4785	2019	1.5	1.2392
1427	hapsari m.m.d.e.a.h.	0.359	0.5111	28	17	17	1	2	1.6523	2019	2	1.6523
1430	harahap a.f.p.	-0.2693	-0.5897	3	3	13	5	0	0	2019	0	0
1437	harbuwono d.s.	-0.3347	0.1406	22	19	19	2	2	1.6523	2019	1	0.8262
1441	hardy m.	-0.0534	1.0902	20	23	36	2	11	9.0878	2019	5.5	4.5439
1455	harjanto s.	-0.4945	-0.3739	15	4	6	8	5	4.1308	2019	0.625	0.5163
1460	hartanto d.	-0.2445	-0.4374	2	2	2	2	5	4.1308	2019	2.5	2.0654
1461	hartanto o.s.	0.227	0.1079	24	17	17	1	4	3.3046	2019	4	3.3046
1467	hartomo b.t.	0.0852	-0.2039	9	1	5	5	1	0.8262	2019	0.2	0.1652
1475	harwahyu r.	-0.1674	-0.8237	4	1	10	11	10	8.2616	2019	0.9091	0.7511
1485	harzif a.k.	-0.4326	-0.552	10	11	13	4	4	3.3046	2019	1	0.8262
1487	hasan i.	-0.5672	0.2437	29	23	32	5	12	9.9139	2019	2.4	1.9828
1497	hasibuan z.a.	0.2325	-0.4403	3	1	6	6	0	0	2019	0	0
1502	haswinzky r.a.	-0.014	-0.1629	4	7	11	2	0	0	2019	0	0
1522	hegar b.	0.6573	0.5413	8	29	36	6	12	9.9139	2019	2	1.6523
1541	herdiansyah h.	-0.1998	0.0079	9	2	2	18	3	2.4785	2019	0.1667	0.1377
1551	hermansyah h.	-0.0735	-0.5174	3	16	68	19	19	15.697	2019	1	0.8262
1559	hermiawaty e.	0.293	-0.1092	32	14	14	1	2	1.6523	2019	2	1.6523
1566	hershow r.b.	0.973	0.4207	19	14	23	2	7	5.7831	2019	3.5	2.8916
1572	hestiantoro a.	-0.4094	-0.5667	10	11	13	4	6	4.957	2019	1.5	1.2392
1576	hidayanto a.n.	0.4284	-0.5609	27	16	48	35	37	30.5679	2019	1.0571	0.8734
1581	hidayat b.	-0.0605	0.1443	1	22	22	1	36	29.7417	2019	36	29.7417
1586	hidayat r.	0.1259	-0.1207	4	4	5	4	10	8.2616	2019	2.5	2.0654
1590	hidayatno a.	-0.1214	-1.217	46	2	7	8	26	21.4802	2019	3.25	2.685
1602	hirota t.	1.0852	-0.2108	11	23	23	1	5	4.1308	2019	5	4.1308
1605	hoang n.c.	-0.7313	-0.2983	23	15	15	1	1	0.8262	2019	1	0.8262
1606	hoffman i.	0.9158	0.3704	19	25	29	2	4	3.3046	2019	2	1.6523
1608	hojsak i.	0.5789	0.6619	8	19	19	1	1	0.8262	2019	1	0.8262
1610	hongo m.	-0.5894	0.6665	25	20	20	1	9	7.4354	2019	9	7.4354
1613	hope asia network	0.6066	0.1969	21	17	17	1	19	15.697	2019	19	15.697
1619	hoshide s.	0.5399	0.1853	21	23	51	3	36	29.7417	2019	12	9.9139
1623	hou x.	-0.5865	0.6343	25	20	20	1	9	7.4354	2019	9	7.4354
1636	hudaya c.	-0.4326	-0.3348	2	6	8	9	9	7.4354	2019	1	0.8262
1639	hudjashov g.	-0.5622	-0.8912	18	13	17	2	30	24.7848	2019	15	12.3924
1640	hui e.	-0.097	0.6781	5	23	23	1	1	0.8262	2019	1	0.8262
1647	hung c.l.	0.0428	-0.6682	12	21	21	1	22	18.1755	2019	22	18.1755
1651	husnayain f.	-0.4635	-0.2765	15	6	13	6	1	0.8262	2019	0.1667	0.1377
1661	huysentruyt k.	0.6776	0.6691	8	19	19	1	1	0.8262	2019	1	0.8262
1663	hynes n.	-0.1887	0.3741	1	18	18	1	1	0.8262	2019	1	0.8262
1666	ibrahim a.	-0.6895	0.4908	16	22	41	2	20	16.5232	2019	10	8.2616
1679	idris n.s.	0.0681	0.6188	17	4	8	3	8	6.6093	2019	2.6667	2.2031
1681	iedea asia-pacific	-0.3224	0.761	5	28	47	2	9	7.4354	2019	4.5	3.7177
1690	ikono r.	-0.7183	-0.1368	6	19	27	2	10	8.2616	2019	5	4.1308
1699	imawan c.	-0.0063	-0.0458	9	4	10	11	11	9.0878	2019	1	0.8262
1700	imran d.	0.1912	0.1134	24	19	23	4	16	13.2186	2019	4	3.3046
1705	indonesian health systems group	-0.1323	0.1478	1	22	22	1	36	29.7417	2019	36	29.7417
1718	inglesby t.	-0.192	0.413	1	18	18	1	1	0.8262	2019	1	0.8262
1737	irmansyah i.	0.3055	-0.3071	33	8	14	2	4	3.3046	2019	2	1.6523
1739	irmawati f.p.	0.0128	-0.1404	4	7	11	2	0	0	2019	0	0
1751	iskandar a.t.p.	0.1816	0.428	13	15	15	1	1	0.8262	2019	1	0.8262
1755	iskandar l.	0.2867	-0.2894	33	8	14	2	4	3.3046	2019	2	1.6523
1768	ismarwanti s.	-0.1915	-0.2218	2	8	13	2	1	0.8262	2019	0.5	0.4131
1782	iswandana r.	0.6848	-0.7988	31	15	15	1	6	4.957	2019	6	4.957
1789	ivandini t.a.	-0.4775	-0.1217	23	4	8	11	31	25.6109	2019	2.8182	2.3283
1795	jacobs g.s.	-0.5926	-0.9079	18	13	13	1	30	24.7848	2019	30	24.7848
1797	jamal mohamed t.a.	0.1263	0.7218	17	21	21	1	0	0	2019	0	0
1798	jambulingam p.	-0.0213	1.1224	20	23	36	2	11	9.0878	2019	5.5	4.5439
1808	jargalsaikhan g.	-0.6603	0.3106	29	17	17	1	2	1.6523	2019	2	1.6523
1812	jason liang c.	0.3992	0.4327	28	17	17	1	2	1.6523	2019	2	1.6523
1814	jatmiko w.	0.0822	-0.3683	4	6	11	10	10	8.2616	2019	1	0.8262
1818	jiamsakul a.	-0.2466	0.7408	5	35	70	3	10	8.2616	2019	3.3333	2.7539
1820	jindal a.	-0.7569	0.5295	16	22	41	2	20	16.5232	2019	10	8.2616
1836	juarsa m.	-0.1723	-0.1855	2	8	18	3	1	0.8262	2019	0.3333	0.2754
1838	jufri f.h.	-0.4863	-0.3022	15	8	20	13	45	37.1772	2019	3.4615	2.8598
1839	jufri m.	-0.308	-0.6687	3	5	10	3	6	4.957	2019	2	1.6523
1844	jumiyanti n.	0.1345	0.4853	13	15	15	1	1	0.8262	2019	1	0.8262
1847	jung j.	-0.5113	-0.3156	15	1	6	6	44	36.351	2019	7.3333	6.0585
1850	junus k.	0.1518	-0.4424	3	2	8	5	5	4.1308	2019	1	0.8262
1851	jurewitsch b.	0.5174	0.9633	30	15	15	1	8	6.6093	2019	8	6.6093
1854	jusuf a.a.	0.6907	0.0337	14	7	25	5	2	1.6523	2019	0.4	0.3305
1859	kadim m.	0.6846	0.4756	8	6	6	2	1	0.8262	2019	0.5	0.4131
1860	kadir dokmeci a.	-0.8255	0.4547	16	21	21	1	8	6.6093	2019	8	6.6093
1862	kagami h.	-0.7436	-0.1329	6	19	27	2	10	8.2616	2019	5	4.1308
1870	kamal a.f.	-0.6334	-0.567	10	3	3	5	8	6.6093	2019	1.6	1.3219
1874	kamarulzaman a.	-0.2424	0.7069	5	35	70	3	10	8.2616	2019	3.3333	2.7539
1880	kan j.	-1.0097	-0.1526	6	14	14	1	12	9.9139	2019	12	9.9139
1882	kanda t.	-0.7994	0.4794	16	22	41	2	20	16.5232	2019	10	8.2616
1883	kaneko h.	1.0414	-0.1376	11	23	23	1	5	4.1308	2019	5	4.1308
1884	kanesvaran r.	0.71	-0.4766	7	20	20	1	10	8.2616	2019	10	8.2616
1885	kanoko m.	-0.0806	-0.1411	9	3	3	2	2	1.6523	2019	1	0.8262
1886	kantipong p.	-0.1484	0.6277	5	23	23	1	1	0.8262	2019	1	0.8262
1888	kao j.-h.	-0.7593	0.4207	16	22	41	2	20	16.5232	2019	10	8.2616
1889	karamah e.f.	-0.1145	-0.353	2	3	6	9	2	1.6523	2019	0.2222	0.1836
1895	kariminia a.	0.1259	0.8208	17	23	39	2	3	2.4785	2019	1.5	1.2392
1899	kario k.	0.575	0.1622	21	23	51	3	36	29.7417	2019	12	9.9139
1911	kartohardjono s.	-0.3545	-0.3463	2	3	4	5	7	5.7831	2019	1.4	1.1566
1914	karuniawati a.	0.8161	0.1281	14	14	29	4	5	4.1308	2019	1.25	1.0327
1915	karyana m.	0.3708	0.4862	28	17	17	1	2	1.6523	2019	2	1.6523
1917	karyanti m.r.	0.2516	0.4492	28	32	34	3	4	3.3046	2019	1.3333	1.1015
1925	kaswandani n.	0.7836	0.5756	8	5	5	2	3	2.4785	2019	1.5	1.2392
1929	kato s.	-0.7725	-0.3444	23	15	15	1	1	0.8262	2019	1	0.8262
1934	kekalih a.	0.03	-0.2228	4	9	11	4	2	1.6523	2019	0.5	0.4131
1947	khalil m.	-0.3352	-0.1289	9	5	5	6	5	4.1308	2019	0.8333	0.6885
1952	khochikar m.	0.8158	-0.4403	7	20	20	1	10	8.2616	2019	10	8.2616
1955	khol v.	-0.3242	0.6527	5	24	24	1	3	2.4785	2019	3	2.4785
1962	khov k.	-0.9162	0.1459	26	18	18	1	6	4.957	2019	6	4.957
1964	khusun h.	-0.0887	0.0348	1	24	26	3	38	31.3941	2019	12.6667	10.4647
1965	khusuwan s.	-0.2966	0.7925	5	28	47	2	9	7.4354	2019	4.5	3.7177
1967	kiertiburanakul s.	-0.1816	0.7411	5	35	70	3	10	8.2616	2019	3.3333	2.7539
1975	king c.l.	-0.0549	1.1185	20	23	36	2	11	9.0878	2019	5.5	4.5439
1977	kiriazova t.	1.0221	0.3923	19	14	23	2	7	5.7831	2019	3.5	2.8916
1980	kiswanto g.	-0.7335	-0.5691	10	3	4	9	8	6.6093	2019	0.8889	0.7344
1981	klaassen c.h.w.	0.8904	0.1171	14	11	21	2	2	1.6523	2019	1	0.8262
1991	kodrat h.	-0.4159	0.1001	22	19	19	1	0	0	2019	0	0
1994	koesno s.	0.2091	0.2919	13	13	13	1	2	1.6523	2019	2	1.6523
1996	koestoer r.a.	-0.2072	-0.2962	2	3	4	5	6	4.957	2019	1.2	0.9914
2007	koppen i.	0.6261	0.6949	8	19	19	1	1	0.8262	2019	1	0.8262
2010	koren e.	0.9777	-0.1851	11	23	23	1	5	4.1308	2019	5	4.1308
2014	kosasih h.	0.3706	0.4392	28	17	17	1	2	1.6523	2019	2	1.6523
2018	kounnavong s.	-0.9275	0.1939	26	18	18	1	6	4.957	2019	6	4.957
2025	krisanti e.a.	-0.5291	-0.4202	6	5	17	14	13	10.7401	2019	0.9286	0.7671
2026	krishnamoorthy k.	-0.1232	1.0813	20	22	22	1	9	7.4354	2019	9	7.4354
2033	krisnandi y.k.	-0.2159	-0.0811	9	12	29	14	30	24.7848	2019	2.1429	1.7703
2047	kumar m.	-0.7224	0.4772	16	22	41	2	20	16.5232	2019	10	8.2616
2049	kumaralalita l.	0.3613	-0.5949	27	2	5	4	7	5.7831	2019	1.75	1.4458
2050	kumarasamy n.	-0.065	0.7598	5	57	109	5	13	10.7401	2019	2.6	2.148
2055	kuncoro a.s.	0.345	-0.096	32	14	14	1	2	1.6523	2019	2	1.6523
2067	kurniati n.	0.0803	0.7064	17	27	43	4	6	4.957	2019	1.5	1.2392
2070	kurniawan b.	0.0623	-1.1419	48	2	8	7	1	0.8262	2019	0.1429	0.118
2073	kurniawan f.	-0.3919	0.1145	22	19	19	1	0	0	2019	0	0
2075	kurniawan j.	-0.5182	0.025	15	13	15	4	9	7.4354	2019	2.25	1.8589
2077	kurniawan m.	-0.0231	0.0674	1	23	23	3	40	33.0464	2019	13.3333	11.0155
2091	kusmardi k.	-0.3083	-0.1999	15	3	11	15	2	1.6523	2019	0.1333	0.1102
2097	kusrini e.	-0.2994	-0.3187	2	21	35	15	23	19.0017	2019	1.5333	1.2668
2111	kusuma m.h.	-0.1665	-0.2113	2	8	18	3	1	0.8262	2019	0.3333	0.2754
2112	kusuma p.	-0.5042	-0.9703	18	24	28	2	31	25.6109	2019	15.5	12.8055
2131	kusumoputro b.	-0.1562	-0.4863	3	9	11	6	6	4.957	2019	1	0.8262
2136	kuttiat v.s.	-0.115	1.1084	20	22	22	1	9	7.4354	2019	9	7.4354
2137	kwa c.g.	-0.2109	0.3576	1	18	18	1	1	0.8262	2019	1	0.8262
2138	kwan t.w.	-0.9585	-0.2216	6	14	14	1	12	9.9139	2019	12	9.9139
2153	laksmi p.w.	-0.559	0.0273	15	5	6	2	10	8.2616	2019	5	4.1308
2156	laksono i.	0.3787	0.4139	28	17	17	1	2	1.6523	2019	2	1.6523
2157	lalisang t.j.m.	0.7488	0.1863	14	4	5	2	2	1.6523	2019	1	0.8262
2159	lam c.s.p.	0.1735	-0.6607	12	28	34	2	29	23.9586	2019	14.5	11.9793
2160	laman m.	-0.0433	1.1477	20	23	36	2	11	9.0878	2019	5.5	4.5439
2166	lancaster k.e.	0.9872	0.3931	19	14	23	2	7	5.7831	2019	3.5	2.8916
2168	lansing j.s.	-0.5803	-0.9438	18	13	13	1	30	24.7848	2019	30	24.7848
2172	lapphra k.	0.1835	0.79	17	21	21	1	0	0	2019	0	0
2185	latief y.	-0.2237	-0.7346	4	1	2	14	8	6.6093	2019	0.5714	0.4721
2186	latkin c.a.	1.0107	0.3355	19	14	23	2	7	5.7831	2019	3.5	2.8916
2187	lau c.-y.	0.4035	0.4848	28	17	17	1	2	1.6523	2019	2	1.6523
2189	lau g.k.k.	-0.7173	0.512	16	22	41	2	20	16.5232	2019	10	8.2616
2196	lawson d.j.	-0.5694	-0.9214	18	13	13	1	30	24.7848	2019	30	24.7848
2200	le b.m.	-0.9605	0.1594	26	18	18	1	6	4.957	2019	6	4.957
2201	le chuyen v.	0.736	-0.4336	7	20	20	1	10	8.2616	2019	10	8.2616
2210	lee m.p.	-0.2644	0.7771	5	28	47	2	9	7.4354	2019	4.5	3.7177
2211	lee o.y.	-0.5587	0.6285	25	20	20	1	9	7.4354	2019	9	7.4354
2213	leineweber k.	0.0832	-0.6877	12	21	21	1	22	18.1755	2019	22	18.1755
2214	lemoine j.f.	-0.0777	1.0688	20	23	36	2	11	9.0878	2019	5.5	4.5439
2217	leon m.b.	-0.9839	-0.1433	6	14	14	1	12	9.9139	2019	12	9.9139
2218	lesmana c.r.a.	-0.5691	0.3695	16	34	64	9	34	28.0894	2019	3.7778	3.121
2219	lesmana l.a.	-0.6036	0.2582	29	20	21	2	3	2.4785	2019	1.5	1.2392
2222	lestari d.	0.1615	-0.3418	4	1	1	6	0	0	2019	0	0
2232	lestari r.	0.6163	-0.1896	7	7	26	11	0	0	2019	0	0
2237	letran j.	0.7517	-0.5124	7	20	20	1	10	8.2616	2019	10	8.2616
2238	leventhal b.	1.0469	-0.1103	11	23	23	1	5	4.1308	2019	5	4.1308
2240	li n.	-0.6888	-0.163	6	15	15	1	6	4.957	2019	6	4.957
2241	li x.	-0.8754	-0.1763	6	29	29	2	18	14.8709	2019	9	7.4354
2246	liew h.b.	0.0967	-0.6623	12	21	21	1	22	18.1755	2019	22	18.1755
2262	ling l.h.	0.1477	-0.678	12	28	34	2	29	23.9586	2019	14.5	11.9793
2264	lischer k.	-0.1331	-0.5289	3	5	11	3	0	0	2019	0	0
2265	lisman t.	0.6599	-0.7813	31	15	15	1	6	4.957	2019	6	4.957
2272	logan coughlin k.	0.4817	0.9718	30	15	15	1	8	6.6093	2019	8	6.6093
2274	lojanapiwat b.	0.7731	-0.487	7	20	20	1	10	8.2616	2019	10	8.2616
2282	louisa m.	-0.4047	-0.0726	15	5	11	12	6	4.957	2019	0.5	0.4131
2283	lovell k.	0.3304	-0.2993	33	8	15	3	5	4.1308	2019	1.6667	1.3769
2286	lu c.-l.	-0.5802	0.7405	25	20	20	1	9	7.4354	2019	9	7.4354
2293	lubis l.e.	-1.0486	0.4848	45	3	6	3	4	3.3046	2019	1.3333	1.1015
2299	lukito w.	-0.6677	0.146	1	2	5	3	5	4.1308	2019	1.6667	1.3769
2302	lukman n.	0.3185	0.4547	28	17	17	1	2	1.6523	2019	2	1.6523
2303	lumbiganon p.	0.0871	0.8365	17	23	39	2	3	2.4785	2019	1.5	1.2392
2304	lupita o.	-0.1068	0.1641	1	22	22	1	36	29.7417	2019	36	29.7417
2307	luthfansyah m.	-0.7071	-0.1962	6	15	15	1	6	4.957	2019	6	4.957
2310	ly p.s.	0.003	0.7503	17	45	62	3	4	3.3046	2019	1.3333	1.1015
2316	macdonald m.	0.0511	-0.6382	12	21	21	1	22	18.1755	2019	22	18.1755
2317	macdonald m.r.	0.2386	-0.7043	12	13	13	1	7	5.7831	2019	7	5.7831
2321	made gede dwi lingga utama i.	0.3441	0.4786	28	17	17	1	2	1.6523	2019	2	1.6523
2322	made susila utama i.	0.3514	0.4167	28	17	17	1	2	1.6523	2019	2	1.6523
2335	maharani d.a.	-0.3838	-0.2338	15	3	5	5	7	5.7831	2019	1.4	1.1566
2336	maharani k.	0.2103	0.0828	24	17	20	2	6	4.957	2019	3	2.4785
2348	mahlia t.m.i.	-0.2256	-0.2321	2	9	11	4	41	33.8725	2019	10.25	8.4681
2360	makalinao i.	-0.1288	0.4132	1	18	18	1	1	0.8262	2019	1	0.8262
2369	malik a.	0.3179	0.6529	35	3	4	4	4	3.3046	2019	1	0.8262
2375	"mamun-al-mahtab, mccaughan g.w."	-0.6974	0.4553	16	22	41	2	20	16.5232	2019	10	8.2616
2384	mangunwardoyo w.	0.3737	0.6678	35	1	2	3	1	0.8262	2019	0.3333	0.2754
2395	manzanares w.	0.4558	0.9478	30	15	15	1	8	6.6093	2019	8	6.6093
2402	mardliyati e.	-0.7406	-0.106	6	19	27	2	10	8.2616	2019	5	4.1308
2416	mart t.	0.2047	1.079	58	0	0	12	14	11.5662	2019	1.1667	0.9639
2424	martina b.e.e.	1.0982	-0.7501	52	1	2	2	7	5.7831	2019	3.5	2.8916
2425	martiningsih d.	-0.1107	0.1281	1	22	22	1	36	29.7417	2019	36	29.7417
2432	maryanto a.e.	0.4699	-0.0859	14	2	6	5	0	0	2019	0	0
2446	matsuda-matsukawa y.	0.2379	-1.0235	34	11	11	1	2	1.6523	2019	2	1.6523
2447	matsugishi a.	0.2834	-1.0257	34	11	16	2	3	2.4785	2019	1.5	1.2392
2448	matsui t.	-0.5425	-0.1342	23	5	5	2	12	9.9139	2019	6	4.957
2449	matsumoto t.	-0.9882	-0.6113	37	6	6	1	1	0.8262	2019	1	0.8262
2453	matton a.p.m.	0.7432	-0.8088	31	15	15	1	6	4.957	2019	6	4.957
2470	mawuntu a.h.p.	0.2822	0.1051	24	17	17	1	4	3.3046	2019	4	3.3046
2481	mcmurray j.	0.2119	-0.7158	12	13	13	1	7	5.7831	2019	7	5.7831
2482	mcnulty w.	-0.8936	0.7916	36	7	7	1	1	0.8262	2019	1	0.8262
2484	medise b.e.	0.1777	0.258	13	13	13	1	2	1.6523	2019	2	1.6523
2502	menéndez a.m.	0.4311	0.9648	30	15	15	1	8	6.6093	2019	8	6.6093
2503	merati t.p.	-0.2137	0.7358	5	35	70	3	10	8.2616	2019	3.3333	2.7539
2508	metspalu m.	-0.6069	-0.9335	18	13	13	1	30	24.7848	2019	30	24.7848
2509	metzger d.	0.999	0.3659	19	14	23	2	7	5.7831	2019	3.5	2.8916
2510	meutia n.	0.3341	0.5039	28	17	17	1	2	1.6523	2019	2	1.6523
2511	meyer d.	-0.1599	0.4204	1	18	18	1	1	0.8262	2019	1	0.8262
2523	miller w.c.	0.9399	0.3438	19	25	38	3	9	7.4354	2019	3	2.4785
2526	miqdady m.	0.5877	0.6047	8	19	19	1	1	0.8262	2019	1	0.8262
2529	miraj p.	-0.1951	-0.744	4	1	5	5	8	6.6093	2019	1.6	1.3219
2532	mirande c.	0.9129	0.0984	14	11	21	2	2	1.6523	2019	1	0.8262
2541	miwa h.	-0.5411	0.6944	25	20	20	1	9	7.4354	2019	9	7.4354
2544	mizoguchi t.	-0.9567	-0.5934	37	6	6	1	1	0.8262	2019	1	0.8262
2546	mochtar c.a.	0.8064	-0.2682	7	5	10	5	7	5.7831	2019	1.4	1.1566
2549	moenadjat y.	0.7321	0.1895	14	4	5	3	4	3.3046	2019	1.3333	1.1015
2550	moersidik s.s.	-0.2241	0.0449	9	2	5	12	2	1.6523	2019	0.1667	0.1377
2556	mohamed t.j.	0.0573	0.857	17	18	18	1	3	2.4785	2019	3	2.4785
2561	mondal m.	-0.555	-0.9464	18	13	13	1	30	24.7848	2019	30	24.7848
2564	moriyama m.	-0.7241	0.5467	16	22	41	2	20	16.5232	2019	10	8.2616
2576	mubarok w.	-0.5585	-0.6138	10	5	9	3	2	1.6523	2019	0.6667	0.5508
2594	muharam y.	-0.2092	-0.6514	3	3	3	5	3	2.4785	2019	0.6	0.4957
2595	muharram r.	-0.4652	-0.586	10	11	11	1	1	0.8262	2019	1	0.8262
2596	muhiardi i.	0.7006	-0.0227	14	6	24	4	0	0	2019	0	0
2602	muktiarti d.	0.1963	0.7056	17	24	24	2	2	1.6523	2019	1	0.8262
2604	mulia k.	-0.5917	-0.3292	6	20	33	19	20	16.5232	2019	1.0526	0.8696
2605	muliawan w.	-0.7698	-0.0887	6	12	12	1	4	3.3046	2019	4	3.3046
2606	muljono d.h.	-0.6394	0.2586	29	17	17	1	2	1.6523	2019	2	1.6523
2608	mulligan c.j.	-0.4229	-1.0103	18	15	15	1	1	0.8262	2019	1	0.8262
2615	mun'im a.	-0.0285	-0.4528	3	8	10	6	18	14.8709	2019	3	2.4785
2621	munasir z.	0.6658	0.4532	8	10	14	2	7	5.7831	2019	3.5	2.8916
2626	munazat d.r.	0.0593	-1.1606	48	2	6	4	1	0.8262	2019	0.25	0.2065
2627	"mundiharno, nelwan e.j."	-0.0339	0.1104	1	22	22	1	36	29.7417	2019	36	29.7417
2628	munim a.	-0.0873	-0.4712	3	7	7	2	5	4.1308	2019	2.5	2.0654
2629	munir b.	0.2662	0.0578	24	17	17	3	5	4.1308	2019	1.6667	1.3769
2633	murfi h.	0.5125	-0.7561	59	0	0	8	10	8.2616	2019	1.25	1.0327
2636	murniati d.	0.4129	0.4575	28	17	17	1	2	1.6523	2019	2	1.6523
2637	murphy d.g.	0.7905	-0.4662	7	20	20	1	10	8.2616	2019	10	8.2616
2638	mursanto p.	0.0577	-0.4511	4	7	13	10	2	1.6523	2019	0.2	0.1652
2643	muslim e.	0.8763	0.7946	60	0	0	6	3	2.4785	2019	0.5	0.4131
2652	muthiah m.d.	-0.4912	0.4361	16	4	4	1	1	0.8262	2019	1	0.8262
2656	mutiara r.	0.4873	1.0002	30	15	15	1	8	6.6093	2019	8	6.6093
2658	myint k.s.a.	0.1338	0.4097	13	15	15	1	1	0.8262	2019	1	0.8262
2676	nagamura-inoue t.	-0.7503	-0.1571	6	19	27	2	10	8.2616	2019	5	4.1308
2679	nailes j.	0.606	0.1556	21	23	51	3	36	29.7417	2019	12	9.9139
2683	naisuty m.	0.453	-0.6284	27	3	7	3	0	0	2019	0	0
2686	nakano t.	-0.667	-0.2338	23	19	21	3	15	12.3924	2019	5	4.1308
2688	nallusamy r.	0.098	0.8077	17	23	39	2	3	2.4785	2019	1.5	1.2392
2689	nam j.-h.	0.9802	-0.5891	40	4	4	1	2	1.6523	2019	2	1.6523
2693	narasimhan c.	0.0762	-0.717	12	21	21	1	22	18.1755	2019	22	18.1755
2697	nasikin m.	-0.6211	-0.2003	6	17	17	5	10	8.2616	2019	2	1.6523
2723	natalia a.h.	-0.3907	1.0036	43	3	8	3	4	3.3046	2019	1.3333	1.1015
2737	nealon j.	-0.0169	0.3036	1	5	6	2	12	9.9139	2019	6	4.957
2743	ng c.-f.	0.7882	-0.4409	7	20	20	1	10	8.2616	2019	10	8.2616
2746	ng o.t.	-0.2213	0.6726	5	35	70	3	10	8.2616	2019	3.3333	2.7539
2749	ngarmukos t.	0.0706	-0.6595	12	21	21	1	22	18.1755	2019	22	18.1755
2751	nguyen k.v.	-0.3388	0.688	5	24	24	1	3	2.4785	2019	3	2.4785
2752	nguyen l.v.	0.0339	0.8249	17	18	18	1	3	2.4785	2019	3	2.4785
2757	nik yusoff n.k.	0.1429	0.849	17	23	39	2	3	2.4785	2019	1.5	1.2392
2760	ningsih f.	0.4444	-0.8661	41	4	8	2	8	6.6093	2019	4	3.3046
2778	noorfatima n.	-0.4889	-0.2272	15	2	6	3	0	0	2019	0	0
2779	norazmi m.n.	0.8038	0.5712	8	3	3	1	2	1.6523	2019	2	1.6523
2817	nurani d.a.	-0.2199	-0.0414	9	4	11	5	9	7.4354	2019	1.8	1.4871
2825	nurhayati r.w.	-0.566	-0.6348	10	5	9	4	2	1.6523	2019	0.5	0.4131
2828	nurjaman f.	-0.6007	-0.4588	10	3	7	3	2	1.6523	2019	0.6667	0.5508
2843	nurwahyuni a.	-0.087	0.1422	1	22	22	1	36	29.7417	2019	36	29.7417
2852	nusanti s.	-0.4224	0.1667	22	20	20	2	0	0	2019	0	0
2858	octaviana f.	0.1139	0.1294	24	3	4	3	6	4.957	2019	2	1.6523
2865	oetari a.	0.4111	-0.8639	41	4	8	2	8	6.6093	2019	4	3.3046
2866	ogawa j.	0.2564	-1.0446	34	11	11	1	2	1.6523	2019	2	1.6523
2869	ohno t.	-0.7542	-0.2861	23	15	15	1	1	0.8262	2019	1	0.8262
2871	oike t.	-0.5762	-0.1425	23	4	6	2	14	11.5662	2019	7	5.7831
2874	okonogi n.	-0.7502	-0.3176	23	15	15	1	1	0.8262	2019	1	0.8262
2884	olinga p.	0.692	-0.7485	31	15	15	1	6	4.957	2019	6	4.957
2885	olivia s.	-0.4385	-0.5992	10	11	11	1	1	0.8262	2019	1	0.8262
2888	omata m.	-0.7883	0.5508	16	22	41	2	20	16.5232	2019	10	8.2616
2889	on behalf of the asian-hf investigators	0.1179	-0.6471	12	21	21	1	22	18.1755	2019	22	18.1755
2892	ong s.h.	1.0337	-0.1893	11	23	23	1	5	4.1308	2019	5	4.1308
2893	ong t.	0.7613	-0.4371	7	20	20	1	10	8.2616	2019	10	8.2616
2896	oo t.	1.0145	-0.1468	11	23	23	1	5	4.1308	2019	5	4.1308
2897	ooka y.	-0.8012	0.4244	16	21	21	1	8	6.6093	2019	8	6.6093
2898	oosterhuis d.	0.7258	-0.8271	31	15	15	1	6	4.957	2019	6	4.957
2900	oozeerally r.	-0.2942	-0.0638	9	7	14	2	11	9.0878	2019	5.5	4.5439
2907	osatakul s.	0.605	0.6539	8	19	19	1	1	0.8262	2019	1	0.8262
2908	osland e.	0.5151	0.9364	30	15	15	1	8	6.6093	2019	8	6.6093
2911	otgaar h.	0.7977	0.8562	61	0	0	3	9	7.4354	2019	3	2.4785
2913	overi d.	0.7212	-0.7936	31	15	15	1	6	4.957	2019	6	4.957
2916	o’brian k.	0.0154	1.097	20	14	14	1	2	1.6523	2019	2	1.6523
2917	o’brian k.k.	-0.1522	1.0638	20	22	22	1	9	7.4354	2019	9	7.4354
2918	pagani l.	-0.5981	-0.9647	18	13	13	1	30	24.7848	2019	30	24.7848
2921	paiboon c.	-0.9686	-0.1814	6	14	14	1	12	9.9139	2019	12	9.9139
2926	palmieri m.	0.8924	0.0431	14	11	11	1	0	0	2019	0	0
2927	palumbo p.j.	0.8751	0.3248	19	15	15	1	2	1.6523	2019	2	1.6523
2934	pambudi s.	0.6308	-0.2674	7	6	14	4	0	0	2019	0	0
2936	pamitran a.s.	-0.22	-0.3122	2	5	7	6	7	5.7831	2019	1.1667	0.9639
2941	pandelaki j.	0.157	-0.1346	4	2	7	7	12	9.9139	2019	1.7143	1.4163
2944	pangeran d.	0.2184	0.1369	24	17	20	2	6	4.957	2019	3	2.4785
2947	pangestu t.	-0.211	0.3898	1	18	18	1	1	0.8262	2019	1	0.8262
2959	paramita n.	-1.1927	-0.0308	38	3	5	4	0	0	2019	0	0
2960	pardede d.	-0.0442	0.1675	1	22	22	1	36	29.7417	2019	36	29.7417
2961	pardede s.o.	3.0042	0.1417	53	1	1	2	10	8.2616	2019	5	4.1308
2963	park h.	-0.583	0.711	25	20	20	1	9	7.4354	2019	9	7.4354
2965	park s.	0.4954	0.1146	21	23	51	3	36	29.7417	2019	12	9.9139
2966	park s.w.	0.1144	-0.6824	12	21	21	1	22	18.1755	2019	22	18.1755
2970	parwati k.t.m.	0.3438	0.4482	28	17	17	1	2	1.6523	2019	2	1.6523
2976	paton n.i.	0.8127	0.584	8	3	3	1	2	1.6523	2019	2	1.6523
2979	patria m.p.	-0.3534	0.2174	22	1	1	14	4	3.3046	2019	0.2857	0.236
2981	pawiro s.a.	-1.0481	0.5043	45	3	3	3	4	3.3046	2019	1.3333	1.1015
2983	payawal d.a.	-0.6366	0.3011	29	17	17	1	2	1.6523	2019	2	1.6523
2985	pebriani s.	-0.0632	-0.6278	3	5	10	2	0	0	2019	0	0
2988	pelegrin a.c.	0.9181	0.0666	14	11	21	2	2	1.6523	2019	1	0.8262
2993	perdana a.	0.825	-0.1281	11	4	4	3	4	3.3046	2019	1.3333	1.1015
2995	perdani m.s.	-0.0925	-0.4236	3	6	11	3	1	0.8262	2019	0.3333	0.2754
2996	pereira l.	-0.4504	-1.0191	18	15	15	1	1	0.8262	2019	1	0.8262
2999	permaisuari n.	-0.4474	0.1871	22	1	1	2	0	0	2019	0	0
3013	pertiwi i.p.	-0.4593	-0.5631	10	11	11	1	1	0.8262	2019	1	0.8262
3015	pertiwi r.	-0.2615	-0.0693	9	8	16	3	17	14.0447	2019	5.6667	4.6816
3019	pham t.t.	-0.2885	0.6427	5	24	24	1	3	2.4785	2019	3	2.4785
3025	pinem a.a.	0.4651	-0.5213	27	3	8	5	3	2.4785	2019	0.6	0.4957
3030	piwowar-manning e.	0.8768	0.2966	19	15	15	1	2	1.6523	2019	2	1.6523
3032	poespawati n.r.	-0.293	-0.4966	2	3	9	8	15	12.3924	2019	1.875	1.549
3036	polizzotto m.	-0.1056	0.7172	5	23	23	1	1	0.8262	2019	1	0.8262
3040	porte r.j.	0.7169	-0.7462	31	15	15	1	6	4.957	2019	6	4.957
3043	poulter n.r.	0.3007	-0.1609	32	14	14	1	2	1.6523	2019	2	1.6523
3048	prabowo y.	-0.6617	-0.5782	10	7	13	5	4	3.3046	2019	0.8	0.6609
3061	prajitno p.	-0.5199	1.0115	42	1	13	15	3	2.4785	2019	0.2	0.1652
3084	pranata r.	0.0416	-0.3194	2	4	7	4	5	4.1308	2019	1.25	1.0327
3087	prasasty v.d.	0.3506	0.7152	35	6	7	2	4	3.3046	2019	2	1.6523
3110	pratama g.	-0.4999	-0.6076	10	16	21	4	3	2.4785	2019	0.75	0.6196
3117	pratama n.h.	-0.742	-0.1937	6	15	15	1	6	4.957	2019	6	4.957
3118	pratami d.k.	-0.1218	-0.476	3	16	45	12	22	18.1755	2019	1.8333	1.5146
3134	prawira b.	0.3119	-0.2806	33	8	14	2	4	3.3046	2019	2	1.6523
3137	prayitno a.	0.0965	0.4069	13	16	17	2	7	5.7831	2019	3.5	2.8916
3142	priadi c.r.	-0.2118	0.0278	9	2	4	7	5	4.1308	2019	0.7143	0.5901
3146	priambodo r.	-0.6876	0.9447	49	2	9	6	0	0	2019	0	0
3147	priangga m.	-0.4136	-0.5913	10	11	11	1	1	0.8262	2019	1	0.8262
3154	price p.	0.0875	0.1387	24	5	8	4	8	6.6093	2019	2	1.6523
3184	pu y.-s.	0.8195	-0.4686	7	20	20	1	10	8.2616	2019	10	8.2616
3189	pujari s.	-0.2233	0.7713	5	35	70	3	10	8.2616	2019	3.3333	2.7539
3194	pujowidodo h.	-0.1815	-1.04	44	3	10	4	1	0.8262	2019	0.25	0.2065
3208	purnamaningsih r.w.	-0.2996	-0.5176	2	2	6	5	11	9.0878	2019	2.2	1.8176
3210	purnamasari d.	-0.2919	0.1401	22	23	24	5	9	7.4354	2019	1.8	1.4871
3211	purnamasari p.d.	0.2336	-1.2038	62	0	0	4	0	0	2019	0	0
3213	purnomo h.d.	-0.6382	0.353	29	17	17	1	2	1.6523	2019	2	1.6523
3216	purwandari b.	0.3706	-0.5746	27	6	11	11	14	11.5662	2019	1.2727	1.0515
3225	purwanto w.w.	-0.2111	-0.6637	3	1	1	6	11	9.0878	2019	1.8333	1.5146
3231	puspita m.	0.1597	0.318	13	13	16	2	2	1.6523	2019	1	0.8262
3233	puspitasari d.	0.3179	0.4808	28	17	17	1	2	1.6523	2019	2	1.6523
3242	puteri s.a.	0.6291	-0.2338	7	4	12	3	0	0	2019	0	0
3243	puthanakit t.	0.1111	0.8576	17	23	39	2	3	2.4785	2019	1.5	1.2392
3258	putra n.	-0.195	-0.2642	2	18	36	14	43	35.5249	2019	3.0714	2.5375
3264	putra w.n.	-0.5108	-0.3799	15	1	3	4	1	0.8262	2019	0.25	0.2065
3266	putranto r.	-0.3348	0.2549	1	2	2	3	0	0	2019	0	0
3278	putri d.n.	-0.0679	-0.4259	3	6	11	4	1	0.8262	2019	0.25	0.2065
3286	putri m.f.	0.3032	-0.4851	27	6	10	3	0	0	2019	0	0
3288	putri n.d.	0.1789	0.4555	13	15	15	1	1	0.8262	2019	1	0.8262
3295	putri s.	-0.0367	0.2854	1	4	4	2	6	4.957	2019	3	2.4785
3301	putri y.r.p.	-0.099	-0.3869	3	9	12	3	11	9.0878	2019	3.6667	3.0293
3305	putrika a.	-0.5462	1.0652	42	2	5	4	1	0.8262	2019	0.25	0.2065
3306	putro a.l.r.	-0.4377	-0.5771	10	11	11	1	1	0.8262	2019	1	0.8262
3311	qiu c.	-0.978	-0.2033	6	14	14	1	12	9.9139	2019	12	9.9139
3334	rachmat j.	0.8073	-0.1166	11	3	3	2	4	3.3046	2019	2	1.6523
3346	rafsanjani r.a.	1.1808	0.1487	50	2	7	7	1	0.8262	2019	0.1429	0.118
3350	rahardjo a.	-0.4158	-0.2612	15	6	13	6	3	2.4785	2019	0.5	0.4131
3351	rahardjo e.t.	-0.0907	-0.7919	4	3	17	18	12	9.9139	2019	0.6667	0.5508
3355	rahayu d.	-0.5286	-0.611	10	5	6	2	2	1.6523	2019	1	0.8262
3356	rahayu d.u.c.	-0.1976	-0.0536	9	3	9	4	3	2.4785	2019	0.75	0.6196
3365	rahma m.m.	0.154	0.439	13	15	15	1	1	0.8262	2019	1	0.8262
3373	rahman a.	-0.3306	-0.2741	2	5	6	5	6	4.957	2019	1.2	0.9914
3374	rahman a.a.	-0.2408	-0.591	3	3	12	4	0	0	2019	0	0
3384	rahmani a.f.	0.6016	-0.2523	7	4	12	3	0	0	2019	0	0
3404	rahyussalim a.j.	-0.6086	-0.5842	10	13	16	6	1	0.8262	2019	0.1667	0.1377
3433	ramahdita g.	-0.4582	-0.4251	2	3	5	4	0	0	2019	0	0
3439	ramli k.	-0.1395	-0.6485	4	3	6	11	13	10.7401	2019	1.1818	0.9764
3449	ranuh r.g.	0.6115	0.4395	8	9	9	1	6	4.957	2019	6	4.957
3456	rasyid n.	0.7845	-0.2676	7	4	8	6	5	4.1308	2019	0.8333	0.6885
3457	ratanasuwan w.	-0.2998	0.6841	5	24	24	1	3	2.4785	2019	3	2.4785
3463	razaq d.s.	0.0794	-1.1517	48	2	6	4	1	0.8262	2019	0.25	0.2065
3473	rengganis i.	0.1229	0.2621	13	14	15	3	3	2.4785	2019	1	0.8262
3483	reyes e.b.	0.1061	-0.7124	12	21	21	1	22	18.1755	2019	22	18.1755
3497	ribes-koninckx c.	0.6544	0.6877	8	19	19	1	1	0.8262	2019	1	0.8262
3498	ricaut f.-x.	-0.5233	-0.9882	18	24	28	2	31	25.6109	2019	15.5	12.8055
3500	richards a.m.	0.1506	-0.6461	12	28	34	2	29	23.9586	2019	14.5	11.9793
3501	richardson p.	0.8132	0.3352	19	15	15	1	2	1.6523	2019	2	1.6523
3502	ridge c.	-0.8715	0.7517	36	7	7	1	1	0.8262	2019	1	0.8262
3515	rikitake y.	-0.9777	-0.5928	37	6	6	1	1	0.8262	2019	1	0.8262
3516	rinaldi i.	-0.3894	0.2214	1	5	6	4	4	3.3046	2019	1	0.8262
3525	ristya y.	-0.095	-0.9681	63	0	0	5	0	0	2019	0	0
3527	ritarwan k.	0.2807	0.153	24	17	17	1	4	3.3046	2019	4	3.3046
3528	rito t.	-0.4753	-1.0075	18	15	15	1	1	0.8262	2019	1	0.8262
3534	riyanti a.	-0.4402	-0.6249	10	11	11	1	1	0.8262	2019	1	0.8262
3550	robbie h.	-0.8917	0.7554	36	7	7	1	1	0.8262	2019	1	0.8262
3553	robinson l.j.	-0.0839	1.1241	20	23	36	2	11	9.0878	2019	5.5	4.5439
3555	rochman n.t.	-0.7897	-0.1384	6	19	27	2	10	8.2616	2019	5	4.1308
3559	rodjani a.	0.7761	-0.285	7	3	4	3	3	2.4785	2019	1	0.8262
3561	roesli r.m.a.	0.3179	-0.0947	32	14	14	1	2	1.6523	2019	2	1.6523
3568	rohsiswatmo r.	0.3041	0.6306	35	4	5	3	5	4.1308	2019	1.6667	1.3769
3570	rojroongwasinkul n.	-0.9967	0.2134	26	18	18	1	6	4.957	2019	6	4.957
3583	rosadi i.	0.5376	-1.0007	39	4	8	2	4	3.3046	2019	2	1.6523
3586	rose s.	0.9809	0.3365	19	14	23	2	7	5.7831	2019	3.5	2.8916
3587	rosenfeld r.	0.4301	0.94	30	15	15	1	8	6.6093	2019	8	6.6093
3588	rosid m.s.	0.721	0.9184	64	0	0	13	4	3.3046	2019	0.3077	0.2542
3593	rosliana i.	0.5176	-1.005	39	4	8	2	4	3.3046	2019	2	1.6523
3594	rosmalena r.	0.331	0.726	35	6	7	2	4	3.3046	2019	2	1.6523
3595	ross j.	-0.1886	0.7756	5	35	70	3	10	8.2616	2019	3.3333	2.7539
3598	rosvita m.a.	0.6454	-0.0071	14	6	24	4	0	0	2019	0	0
3603	roza l.	0.006	-0.0943	9	3	11	9	34	28.0894	2019	3.7778	3.121
3613	ruldeviyani y.	0.404	-0.3641	33	3	19	19	18	14.8709	2019	0.9474	0.7827
3623	rustam z.	0.1546	-0.1669	4	6	20	31	40	33.0464	2019	1.2903	1.066
3630	saad m.	0.7627	-0.4618	7	20	20	1	10	8.2616	2019	10	8.2616
3632	saag l.	-0.5422	-0.9116	18	13	17	2	30	24.7848	2019	15	12.3924
3634	sadikin m.	0.7331	0.1623	14	3	3	3	5	4.1308	2019	1.6667	1.3769
3636	sadrina i.n.	-0.2559	-0.6132	3	3	12	4	0	0	2019	0	0
3638	saepudin e.	-0.4764	-0.1024	23	1	2	5	2	1.6523	2019	0.4	0.3305
3641	safari d.	0.1266	0.4346	13	15	15	1	1	0.8262	2019	1	0.8262
3659	saharman y.r.	0.8389	0.0881	14	11	26	3	3	2.4785	2019	1	0.8262
3660	sahastrabuddhe s.	0.1545	0.248	13	13	13	1	2	1.6523	2019	2	1.6523
3661	sahlan m.	-0.1044	-0.5112	3	20	82	28	45	37.1772	2019	1.6071	1.3278
3666	saitou n.	-0.4431	-0.991	18	15	15	1	1	0.8262	2019	1	0.8262
3671	saksono n.	-0.3671	-0.3612	2	3	5	7	5	4.1308	2019	0.7143	0.5901
3681	salih m.	-0.6371	0.3275	29	17	17	1	2	1.6523	2019	2	1.6523
3690	salvatore s.	0.6157	0.5938	8	19	19	1	1	0.8262	2019	1	0.8262
3693	samuela j.	-0.085	1.0952	20	23	36	2	11	9.0878	2019	5.5	4.5439
3698	sandhyaduhita p.i.	0.3971	-0.5942	27	5	7	4	12	9.9139	2019	3	2.4785
3708	santika o.	-0.973	0.2326	26	18	18	1	6	4.957	2019	6	4.957
3710	santoso a.	0.2364	-0.2249	32	18	18	3	3	2.4785	2019	1	0.8262
3713	santoso d.i.s.	-1.1978	-0.0496	38	2	4	3	0	0	2019	0	0
3714	santoso h.b.	0.2065	-0.4491	3	6	22	26	15	12.3924	2019	0.5769	0.4766
3715	santoso i.	0.4528	-0.0937	14	2	6	3	0	0	2019	0	0
3720	santoso t.	-0.9446	-0.1716	6	14	14	2	13	10.7401	2019	6.5	5.37
3722	saps m.	0.5772	0.6332	8	19	19	1	1	0.8262	2019	1	0.8262
3729	saputri f.c.	-0.0501	-0.4659	3	2	3	6	16	13.2186	2019	2.6667	2.2031
3732	saputro a.h.	0.1428	-0.0291	9	1	5	13	1	0.8262	2019	0.0769	0.0636
3735	saputro k.e.	-0.7847	-0.0649	6	12	12	1	4	3.3046	2019	4	3.3046
3741	saragih m.	-0.3655	1.0248	43	3	10	4	4	3.3046	2019	1	0.8262
3742	sarasvita r.	1.0053	0.4171	19	14	23	2	7	5.7831	2019	3.5	2.8916
3743	saraswat v.a.	-0.654	0.2828	29	17	17	1	2	1.6523	2019	2	1.6523
3762	sari i.p.	-0.1485	-0.094	9	3	3	4	6	4.957	2019	1.5	1.2392
3770	sari r.f.	-0.1596	-0.804	4	2	11	20	13	10.7401	2019	0.65	0.537
3771	sari r.m.	0.1889	0.3109	13	13	13	1	2	1.6523	2019	2	1.6523
3776	sarin s.k.	-0.8272	0.496	16	22	41	2	20	16.5232	2019	10	8.2616
3782	sartorius n.	1.0924	-0.1533	11	23	23	1	5	4.1308	2019	5	4.1308
3783	sarwinda d.	0.136	-0.2806	4	6	18	11	11	9.0878	2019	1	0.8262
3786	sasaki n.	-0.9466	-0.6116	37	6	6	1	1	0.8262	2019	1	0.8262
3793	satari h.i.	0.1272	0.3393	13	28	35	6	7	5.7831	2019	1.1667	0.9639
3794	satiti s.	0.241	0.0858	24	17	17	1	4	3.3046	2019	4	3.3046
3796	sato k.	0.2094	-1.022	34	11	11	1	2	1.6523	2019	2	1.6523
3810	savitri i.	0.2485	-0.265	33	8	8	2	2	1.6523	2019	1	0.8262
3814	schechtman k.b.	-0.0469	1.0603	20	23	36	2	11	9.0878	2019	5.5	4.5439
3816	schlaich m.p.	0.327	-0.1698	32	14	14	1	2	1.6523	2019	2	1.6523
3817	schubach k.	0.7987	-0.4148	7	20	20	1	10	8.2616	2019	10	8.2616
3823	sedono r.	0.8573	0.1147	14	11	26	4	3	2.4785	2019	0.75	0.6196
3826	sekartini r.	0.1841	0.2826	13	13	13	2	3	2.4785	2019	1.5	1.2392
3837	sensuse d.i.	0.3656	-0.3584	33	5	6	16	8	6.6093	2019	0.5	0.4131
3838	sentosa y.	-0.3302	-0.6851	3	5	12	3	2	1.6523	2019	0.6667	0.5508
3851	setiabudy r.	-0.4357	-0.2266	15	7	10	15	8	6.6093	2019	0.5333	0.4406
3860	setianto b.	0.0131	-0.3274	2	6	6	3	2	1.6523	2019	0.6667	0.5508
3864	setiati s.	-0.5628	0.0494	15	5	9	4	11	9.0878	2019	2.75	2.2719
3865	setiawan a.	-0.4548	-0.3109	15	5	8	7	7	5.7831	2019	1	0.8262
3888	setyawan e.	-0.0772	0.1719	1	22	22	1	36	29.7417	2019	36	29.7417
3891	setyohadi b.	-0.599	0.0399	15	5	10	3	3	2.4785	2019	1	0.8262
3896	severin j.a.	0.8326	0.0598	14	11	26	3	3	2.4785	2019	1	0.8262
3903	shah p.l.	-0.8531	0.7885	36	7	10	2	4	3.3046	2019	2	1.6523
3904	shamir r.	0.6817	0.6388	8	19	19	1	1	0.8262	2019	1	0.8262
3905	shankar a.h.	-0.0301	0.1395	1	22	22	1	36	29.7417	2019	36	29.7417
3906	shankar r.	-0.614	0.3114	29	17	17	1	2	1.6523	2019	2	1.6523
3909	sharma b.c.	-0.8151	0.5291	16	22	41	2	20	16.5232	2019	10	8.2616
3910	sharma n.	0.798	0.5893	8	3	3	1	2	1.6523	2019	2	1.6523
3911	shatri h.	-0.3052	0.2657	1	3	3	3	2	1.6523	2019	0.6667	0.5508
3912	shearer m.p.	-0.1359	0.3678	1	18	18	1	1	0.8262	2019	1	0.8262
3914	sheiban i.	-0.9611	-0.1538	6	14	14	1	12	9.9139	2019	12	9.9139
3915	shen m.	-0.8524	0.766	36	7	10	2	4	3.3046	2019	2	1.6523
3916	shibata a.	-0.5758	-0.1218	23	4	6	2	14	11.5662	2019	7	5.7831
3917	shidiq i.p.a.	-1.2144	0.0355	38	1	1	4	8	6.6093	2019	2	1.6523
3921	shihab m.r.	0.4161	-0.5144	27	4	7	6	8	6.6093	2019	1.3333	1.1015
3922	shimizu w.	0.0537	-0.6947	12	21	21	1	22	18.1755	2019	22	18.1755
3923	shin j.	0.5153	0.14	21	23	51	3	36	29.7417	2019	12	9.9139
3928	shofi a.	-0.6028	-0.4803	10	3	7	3	2	1.6523	2019	0.6667	0.5508
3933	shukla a.	-0.5884	0.321	29	17	17	1	2	1.6523	2019	2	1.6523
3934	shun f.w.w.	0.9903	-0.6028	40	4	4	1	2	1.6523	2019	2	1.6523
3945	siddique s.	0.5689	0.1293	21	23	51	3	36	29.7417	2019	12	9.9139
3946	sidik m.	-0.3696	0.1029	22	19	19	1	0	0	2019	0	0
3954	sihombing r.	-0.1694	-0.092	9	2	3	3	4	3.3046	2019	1.3333	1.1015
3959	silvana v.	-0.4165	-0.615	10	11	11	1	1	0.8262	2019	1	0.8262
3960	sim b.l.h.	-0.1867	0.6702	5	35	70	3	10	8.2616	2019	3.3333	2.7539
3962	simadibrata m.	-0.6371	0.151	1	7	9	3	5	4.1308	2019	1.6667	1.3769
3974	sioson m.	0.4767	0.9383	30	15	15	1	8	6.6093	2019	8	6.6093
3979	sircar a.	-0.1346	1.0388	20	22	22	1	9	7.4354	2019	9	7.4354
3998	sison j.	0.4803	0.1493	21	23	51	3	36	29.7417	2019	12	9.9139
4001	siswantara a.i.	-0.2046	-1.0418	44	3	11	5	1	0.8262	2019	0.2	0.1652
4002	siswantining t.	0.1498	-0.2324	4	6	20	12	13	10.7401	2019	1.0833	0.895
4003	siswanto b.b.	0.1474	-0.5395	12	33	39	5	37	30.5679	2019	7.4	6.1136
4005	siswoyo a.d.	-0.3492	0.1179	22	19	19	1	0	0	2019	0	0
4007	sitompul r.	-0.0921	0.2424	1	42	43	3	39	32.2202	2019	13	10.7401
4013	situmorang t.d.	0.344	-0.1414	32	14	14	1	2	1.6523	2019	2	1.6523
4018	sjamsuridzal w.	0.4387	-0.8457	41	4	8	2	8	6.6093	2019	4	3.3046
4019	sjarif d.	-0.6949	0.9249	49	2	8	5	0	0	2019	0	0
4022	skokauskas n.	1.0644	-0.1823	11	23	23	1	5	4.1308	2019	5	4.1308
4029	soares p.	-0.4242	-0.9378	18	15	15	1	1	0.8262	2019	1	0.8262
4031	sobariah s.	0.5143	-1.0248	39	4	8	2	4	3.3046	2019	2	1.6523
4035	soebandrio a.	-0.1997	0.3226	1	19	19	2	1	0.8262	2019	0.5	0.4131
4036	soebardi s.	-0.3856	0.1653	22	19	19	1	0	0	2019	0	0
4041	soedjatmiko s.	0.204	0.2639	13	13	13	2	5	4.1308	2019	2.5	2.0654
4044	soegijono b.	-0.1019	-0.0306	9	2	2	18	6	4.957	2019	0.3333	0.2754
4050	soejoko d.s.	-1.0668	0.5004	45	3	6	3	4	3.3046	2019	1.3333	1.1015
4052	soekanto s.a.	-0.0681	-0.3834	3	7	10	4	2	1.6523	2019	0.5	0.4131
4055	soemardi t.p.	-0.5593	1.0012	42	1	1	4	3	2.4785	2019	0.75	0.6196
4056	soemartojo s.m.	0.1608	-0.268	4	3	9	5	2	1.6523	2019	0.4	0.3305
4057	soenarta a.a.	0.5729	0.2353	21	20	35	2	31	25.6109	2019	15.5	12.8055
4066	soesilo t.e.b.	-0.2338	0.0571	9	1	2	7	1	0.8262	2019	0.1429	0.118
4067	soetikno r.	0.2573	1.0057	65	0	0	2	9	7.4354	2019	4.5	3.7177
4072	soewondo p.	-0.2323	0.1328	22	41	43	5	43	35.5249	2019	8.6	7.105
4075	sofiatin y.	0.3535	-0.1663	32	14	14	1	2	1.6523	2019	2	1.6523
4079	sofyan n.	-0.306	-0.4026	2	5	5	3	3	2.4785	2019	1	0.8262
4081	sogunuru g.p.	0.5718	0.1934	21	23	51	3	36	29.7417	2019	12	9.9139
4082	sohn a.h.	0.0647	0.7492	17	23	39	2	3	2.4785	2019	1.5	1.2392
4083	sok d.	-0.9461	0.2128	26	18	18	1	6	4.957	2019	6	4.957
4084	sok s.	-0.973	0.1367	26	18	18	1	6	4.957	2019	6	4.957
4090	sollano j.	-0.634	0.4957	16	59	78	4	31	25.6109	2019	7.75	6.4027
4091	sommeng a.n.	-0.053	-0.5925	3	6	27	6	2	1.6523	2019	0.3333	0.2754
4103	sriram k.	0.496	0.9191	30	15	15	1	8	6.6093	2019	8	6.6093
4105	srividya a.	-0.1086	1.0561	20	22	22	1	9	7.4354	2019	9	7.4354
4107	sriyani i.y.	0.1601	0.4108	13	15	15	1	1	0.8262	2019	1	0.8262
4108	staiano a.	0.6048	0.6271	8	19	19	1	1	0.8262	2019	1	0.8262
4109	steer a.c.	-0.1162	1.1422	20	22	22	1	9	7.4354	2019	9	7.4354
4114	stone g.w.	-1.0072	-0.219	6	14	14	1	12	9.9139	2019	12	9.9139
4115	stoneking m.	-0.5212	-0.9488	18	24	32	3	31	25.6109	2019	10.3333	8.537
4116	suardana g.g.	-0.4214	0.1287	22	19	19	1	0	0	2019	0	0
4120	subekti i.	-0.3234	0.172	22	20	20	2	0	0	2019	0	0
4121	subekti m.	-0.1425	-0.1971	2	7	12	2	1	0.8262	2019	0.5	0.4131
4123	subiantistha t.	0.6026	-0.2274	7	4	12	3	0	0	2019	0	0
4126	subramanian s.	-0.0241	1.0909	20	23	36	2	11	9.0878	2019	5.5	4.5439
4128	subroto f.	0.1292	-0.1606	4	3	6	3	1	0.8262	2019	0.3333	0.2754
4130	sucahyo y.g.	0.4288	-0.376	33	3	18	10	6	4.957	2019	0.6	0.4957
4135	sudarmaji a.	0.663	-0.323	7	3	5	4	0	0	2019	0	0
4136	sudarmo s.m.	0.6238	0.4785	8	9	9	1	6	4.957	2019	6	4.957
4137	sudarmono p.	-0.1077	0.2042	1	43	46	4	38	31.3941	2019	9.5	7.8485
4143	sudewi a.a.r.	0.25	0.1547	24	17	17	1	4	3.3046	2019	4	3.3046
4144	sudiana d.	-0.1403	-0.5634	4	3	6	6	7	5.7831	2019	1.1667	0.9639
4145	sudiarto b.	-0.4646	-0.2394	15	5	11	12	1	0.8262	2019	0.0833	0.0688
4147	sudibyo h.	-0.179	-0.5363	4	2	4	5	4	3.3046	2019	0.8	0.6609
4152	sudjaritruk t.	0.1145	0.784	17	23	39	2	3	2.4785	2019	1.5	1.2392
4154	sudoyo h.	-0.5016	-0.9147	18	24	32	3	31	25.6109	2019	10.3333	8.537
4160	sugianto p.	0.271	0.1285	24	17	17	1	4	3.3046	2019	4	3.3046
4167	suhanto a.	0.4663	-0.6116	27	3	7	3	0	0	2019	0	0
4170	suharko h.	-0.3967	0.1415	22	19	19	1	0	0	2019	0	0
4171	suharno b.	-0.5756	-0.4712	10	7	15	10	14	11.5662	2019	1.4	1.1566
4172	suhartanto h.	0.0888	-0.4307	3	6	11	8	7	5.7831	2019	0.875	0.7229
4185	sukmawan r.	0.2222	-0.3385	32	3	4	2	1	0.8262	2019	0.5	0.4131
4186	sukmawati d.d.	0.363	0.4619	28	17	17	1	2	1.6523	2019	2	1.6523
4189	sulaiman a.s.	-0.5629	0.1866	1	6	12	3	6	4.957	2019	2	1.6523
4192	sulaksono a.	0.4063	-1.1383	66	0	0	16	7	5.7831	2019	0.4375	0.3614
4194	sulijaya b.	0.2535	-0.9864	34	11	23	4	11	9.0878	2019	2.75	2.2719
4209	sumarsono d.a.	0.3168	1.1306	67	0	0	5	3	2.4785	2019	0.6	0.4957
4214	sun l.p.	-0.2077	0.8163	5	23	23	1	6	4.957	2019	6	4.957
4226	sungkar s.	-0.0303	-0.0143	4	28	36	5	37	30.5679	2019	7.4	6.1136
4228	supakarapongkul w.	0.98	-0.6158	40	4	4	1	2	1.6523	2019	2	1.6523
4229	supali t.	-0.0764	1.039	20	23	41	4	15	12.3924	2019	3.75	3.0981
4233	"suparmi, achadi e.l."	-0.0875	0.083	1	22	22	1	36	29.7417	2019	36	29.7417
4235	supramono d.	-0.3634	-0.3233	2	7	7	5	8	6.6093	2019	1.6	1.3219
4239	supriadi s.	-0.6409	-0.539	10	10	23	14	11	9.0878	2019	0.7857	0.6491
4240	supriana n.	-0.7974	-0.3545	23	15	15	1	1	0.8262	2019	1	0.8262
4241	"supriatmo, kadim m."	0.6064	0.4635	8	9	9	1	6	4.957	2019	6	4.957
4244	supriatna j.	0.5015	-0.0674	14	2	4	3	17	14.0447	2019	5.6667	4.6816
4263	suriguga s.	0.705	-0.8092	31	15	15	1	6	4.957	2019	6	4.957
4265	surjandari i.	-0.1764	-0.489	3	1	1	9	13	10.7401	2019	1.4444	1.1933
4267	suroyo i.	-0.3926	0.0827	22	19	19	1	0	0	2019	0	0
4275	suryandari d.a.	-0.0794	-0.1747	9	5	6	4	3	2.4785	2019	0.75	0.6196
4276	suryanegara m.	-0.1438	-0.6844	4	3	6	6	8	6.6093	2019	1.3333	1.1015
4282	suryawan a.	0.654	0.4843	8	10	14	2	7	5.7831	2019	3.5	2.8916
4286	susami h.	0.9511	0.398	19	14	14	1	2	1.6523	2019	2	1.6523
4287	susanti h.	0.3512	-0.284	33	7	8	4	5	4.1308	2019	1.25	1.0327
4291	susanto b.h.	-0.3664	-0.2778	2	6	7	3	10	8.2616	2019	3.3333	2.7539
4293	susanto h.	-0.0488	-0.3381	2	2	2	4	1	0.8262	2019	0.25	0.2065
4298	susilawathi n.m.	0.2356	0.0606	24	17	17	1	4	3.3046	2019	4	3.3046
4302	susiloningtyas d.	-1.2046	0.0092	38	2	2	9	3	2.4785	2019	0.3333	0.2754
4303	susiloretni k.a.	-0.0583	0.0892	1	22	22	1	36	29.7417	2019	36	29.7417
4319	sutjiningsih d.	-0.0495	-1.0796	68	0	0	5	0	0	2019	0	0
4328	suzianti a.	-0.122	-1.2489	46	2	3	12	8	6.6093	2019	0.6667	0.5508
4329	suzuki h.	-0.5159	0.6654	25	20	20	1	9	7.4354	2019	9	7.4354
4352	syam a.f.	-0.5266	0.7211	25	20	20	4	20	16.5232	2019	5	4.1308
4361	szajewska h.	0.629	0.6682	8	19	19	1	1	0.8262	2019	1	0.8262
4363	tabata t.	-0.977	-0.63	37	6	6	1	1	0.8262	2019	1	0.8262
4365	tabeta k.	0.283	-0.992	34	11	21	3	6	4.957	2019	2	1.6523
4369	tahapary d.l.	-0.3203	0.1125	22	19	21	3	6	4.957	2019	2	1.6523
4370	taher a.	-0.1154	0.0931	1	22	22	1	36	29.7417	2019	36	29.7417
4372	takahashi n.	0.233	-0.966	34	11	23	4	11	9.0878	2019	2.75	2.2719
4377	takeshima n.	0.9646	-0.5932	40	4	4	1	2	1.6523	2019	2	1.6523
4382	tambunan u.s.f.	-0.3665	1.0017	43	3	8	6	8	6.6093	2019	1.3333	1.1015
4386	tan p.s.	-0.5026	0.4205	16	4	4	1	1	0.8262	2019	1	0.8262
4387	tan s.	1.0554	-0.2066	11	23	23	1	5	4.1308	2019	5	4.1308
4395	tanuma j.	-0.2016	0.6376	5	35	70	3	10	8.2616	2019	3.3333	2.7539
4400	tarigan t.j.e.	-0.3709	0.1331	22	19	19	1	0	0	2019	0	0
4406	tateno m.	1.0165	-0.1158	11	23	23	1	5	4.1308	2019	5	4.1308
4410	tay j.c.	0.4795	0.1902	21	20	35	2	31	25.6109	2019	15.5	12.8055
4411	tay w.t.	0.1484	-0.7134	12	28	34	2	29	23.9586	2019	14.5	11.9793
4414	tedjo a.	-0.3357	-0.1853	15	2	9	6	0	0	2019	0	0
4417	tenda e.d.	-0.8746	0.7768	36	7	10	2	4	3.3046	2019	2	1.6523
4418	teng t.-h.	0.069	-0.6146	12	21	21	1	22	18.1755	2019	22	18.1755
4419	teng t.-h.k.	0.2114	-0.6489	12	13	13	1	7	5.7831	2019	7	5.7831
4420	tengkawan j.	0.5551	0.068	21	16	16	1	5	4.1308	2019	5	4.1308
4421	teo b.w.	0.5089	0.2148	21	18	18	1	12	9.9139	2019	12	9.9139
4422	teoh y.l.	-0.4881	0.4094	16	4	4	1	1	0.8262	2019	1	0.8262
4424	thabrany h.	-0.0522	0.2114	1	26	26	2	42	34.6987	2019	21	17.3494
4434	thi l.t.	-0.9935	0.1573	26	18	18	1	6	4.957	2019	6	4.957
4435	thi thu thuy p.	-0.6856	0.3175	29	17	17	1	2	1.6523	2019	2	1.6523
4436	thikeo m.	1.0943	-0.1822	11	23	23	1	5	4.1308	2019	5	4.1308
4442	tiandho y.	1.1817	0.1659	50	1	4	4	0	0	2019	0	0
4449	tirtarahardja g.	-0.5837	0.0249	15	5	10	3	3	2.4785	2019	1	0.8262
4456	tjen d.	-0.1626	0.3697	1	18	18	1	1	0.8262	2019	1	0.8262
4465	tojo a.	-0.7758	-0.1644	6	19	27	2	10	8.2616	2019	5	4.1308
4475	trihono p.p.	2.9964	0.1464	53	1	1	3	9	7.4354	2019	3	2.4785
4482	triyono d.	1.1795	0.1306	50	1	3	10	10	8.2616	2019	1	0.8262
4483	tromp j.	0.169	-0.6942	12	28	34	2	29	23.9586	2019	14.5	11.9793
4484	truong k.h.	0.1449	0.7932	17	23	39	2	3	2.4785	2019	1.5	1.2392
4488	tsujii h.	-0.7752	-0.3704	23	15	15	1	1	0.8262	2019	1	0.8262
4490	tsuzuno t.	0.2066	-0.9881	34	11	16	2	5	4.1308	2019	2.5	2.0654
4496	turana y.	0.4497	0.032	21	37	65	4	38	31.3941	2019	9.5	7.8485
4500	türkeri l.	0.7696	-0.4125	7	20	20	1	10	8.2616	2019	10	8.2616
4502	udhiarto a.	-0.2638	-0.4562	2	5	5	5	12	9.9139	2019	2.4	1.9828
4504	uiterwaal c.s.p.m.	0.0488	0.6089	17	4	8	3	8	6.6093	2019	2.6667	2.2031
4519	umbas r.	0.7667	-0.3692	7	24	28	4	15	12.3924	2019	3.75	3.0981
4523	usman a.	-0.2995	-0.2875	2	13	24	9	15	12.3924	2019	1.6667	1.3769
4529	utama s.	0.1692	-0.1947	4	2	3	6	9	7.4354	2019	1.5	1.2392
4538	utari p.	0.3433	-0.4979	27	4	9	3	1	0.8262	2019	0.3333	0.2754
4540	utomo a.r.	-0.5602	-0.2628	15	4	14	9	1	0.8262	2019	0.1111	0.0918
4541	utomo b.	0.313	-0.243	33	10	16	5	7	5.7831	2019	1.4	1.1566
4543	utomo m.s.	-0.6983	-0.6001	10	7	17	7	6	4.957	2019	0.8571	0.7081
4546	van belkum a.	0.8904	0.0735	14	11	21	2	2	1.6523	2019	1	0.8262
4547	van crevel r.	0.2935	0.0743	24	17	17	1	4	3.3046	2019	4	3.3046
4550	van geffen w.h.	-0.902	0.7734	36	7	7	1	1	0.8262	2019	1	0.8262
4551	van haaften w.t.	0.7467	-0.7834	31	15	15	1	6	4.957	2019	6	4.957
4552	van minh h.	0.519	0.2502	21	18	18	1	12	9.9139	2019	12	9.9139
4553	van nguyen k.	-0.1472	0.7781	5	30	46	2	7	5.7831	2019	3.5	2.8916
4554	van nguyen l.	0.1572	0.7349	17	21	21	1	0	0	2019	0	0
4555	van nguyen t.	0.9871	-0.1583	11	23	23	1	5	4.1308	2019	5	4.1308
4557	van praagh j.b.	0.7365	-0.7619	31	15	15	1	6	4.957	2019	6	4.957
4562	van wijk l.a.	0.6885	-0.7768	31	15	15	1	6	4.957	2019	6	4.957
4563	vandenplas y.	0.6079	0.5315	8	33	41	7	14	11.5662	2019	2	1.6523
4566	verbrugh h.a.	0.8619	0.0599	14	11	26	3	3	2.4785	2019	1	0.8262
4573	vibriani a.	-0.768	-0.1235	6	19	27	2	10	8.2616	2019	5	4.1308
4577	vieira m.	0.6285	0.6422	8	19	19	1	1	0.8262	2019	1	0.8262
4585	visser j.	0.4592	0.9708	30	15	15	1	8	6.6093	2019	8	6.6093
4591	vonglokham m.	-0.9517	0.1851	26	18	18	1	6	4.957	2019	6	4.957
4601	wahyono t.y.m.	-0.0715	0.2799	1	5	5	2	9	7.4354	2019	4.5	3.7177
4616	wakatsuki m.	-0.8102	-0.3308	23	15	15	1	1	0.8262	2019	1	0.8262
4622	walton r.i.	-0.2895	-0.1131	9	7	14	2	11	9.0878	2019	5.5	4.5439
4626	wanandi s.i.	-0.4162	-0.0554	15	1	3	4	1	0.8262	2019	0.25	0.2065
4631	wang j.-g.	0.5382	0.115	21	23	51	3	36	29.7417	2019	12	9.9139
4632	wang k.-l.	0.9635	-0.6099	40	4	4	1	2	1.6523	2019	2	1.6523
4663	wasantwisut e.	-0.9455	0.2389	26	18	18	1	6	4.957	2019	6	4.957
4664	wasim j.	-0.7457	0.5008	16	22	41	2	20	16.5232	2019	10	8.2616
4671	wati d.k.	0.1632	0.8234	17	23	39	2	3	2.4785	2019	1.5	1.2392
4676	watson l.	-1.0039	0.1854	26	18	18	1	6	4.957	2019	6	4.957
4677	wei l.	-0.7468	0.4564	16	22	41	2	20	16.5232	2019	10	8.2616
4678	weil g.j.	-0.0314	1.0325	20	23	40	3	12	9.9139	2019	4	3.3046
4679	wen-wei ku s.	-0.1422	0.6638	5	23	23	1	1	0.8262	2019	1	0.8262
4682	whulanza y.	-0.6941	-0.5731	10	7	14	9	7	5.7831	2019	0.7778	0.6426
4685	wibawa y.s.	-0.4607	-0.6095	10	11	11	1	1	0.8262	2019	1	0.8262
4688	wibisono a.	0.0472	-0.4245	4	8	14	9	2	1.6523	2019	0.2222	0.1836
4691	wibowo a.	-1.2103	0.0249	38	2	2	5	4	3.3046	2019	0.8	0.6609
4697	wibowo i.	-0.7503	-0.0653	6	12	12	1	4	3.3046	2019	4	3.3046
4703	wibowo w.c.	0.1049	-0.4453	3	1	2	6	3	2.4785	2019	0.5	0.4131
4705	wibowo y.	0.6347	0.4371	8	9	9	1	6	4.957	2019	6	4.957
4706	wibulpolprasert s.	-0.1308	0.3339	1	18	18	1	1	0.8262	2019	1	0.8262
4726	widiawaty c.d.	-0.1796	-1.0638	44	3	9	3	0	0	2019	0	0
4730	widodo a.d.	0.6429	0.4603	8	10	10	2	6	4.957	2019	3	2.4785
4734	widodo s.	-0.1375	-0.2241	2	7	12	2	1	0.8262	2019	0.5	0.4131
4739	widyahening i.s.	0.7288	0.2392	14	6	6	3	7	5.7831	2019	2.3333	1.9277
4746	widyantoro b.	0.3201	-0.1456	32	14	14	1	2	1.6523	2019	2	1.6523
4749	widyastuti t.	0.5477	-1.0186	39	4	8	2	4	3.3046	2019	2	1.6523
4755	wieringa f.	-0.9709	0.2052	26	18	18	1	6	4.957	2019	6	4.957
4756	wiersema-buist j.	0.7106	-0.7733	31	15	15	1	6	4.957	2019	6	4.957
4759	wiguna t.	0.9529	-0.1579	11	24	24	6	13	10.7401	2019	2.1667	1.79
4760	wijanarko a.	-0.0806	-0.563	3	8	43	12	9	7.4354	2019	0.75	0.6196
4766	wijaya i.p.	0.0245	0.1507	24	4	4	4	9	7.4354	2019	2.25	1.8589
4773	wijaya s.k.	-0.5434	1.0197	42	4	16	17	5	4.1308	2019	0.2941	0.243
4782	williams s.	0.7812	-0.5128	7	20	20	1	10	8.2616	2019	10	8.2616
4784	wilson l.d.	-0.3085	-0.3522	2	5	9	3	7	5.7831	2019	2.3333	1.9277
4786	win k.m.	-0.6642	0.3393	29	17	17	1	2	1.6523	2019	2	1.6523
4798	winichagoon p.	-0.9361	0.1649	26	18	18	1	6	4.957	2019	6	4.957
4805	wirawan f.	-0.0624	0.1182	1	22	22	1	36	29.7417	2019	36	29.7417
4808	wisesa h.a.	0.0726	-0.3933	4	4	7	4	3	2.4785	2019	0.75	0.6196
4812	wisnu w.	-0.3595	0.187	22	20	20	2	0	0	2019	0	0
4816	witjaksono f.	-0.6869	0.1497	1	3	6	4	7	5.7831	2019	1.75	1.4458
4817	wiweko b.	-0.3844	-0.5132	10	14	19	9	4	3.3046	2019	0.4444	0.3672
4818	wiyatno a.	0.1025	0.4436	13	15	15	1	1	0.8262	2019	1	0.8262
4820	wong m.	1.0734	-0.1277	11	23	23	1	5	4.1308	2019	5	4.1308
4821	wong w.	-0.1334	0.6969	5	23	23	1	1	0.8262	2019	1	0.8262
4822	wong w.w.	-0.2831	0.7172	5	28	47	2	9	7.4354	2019	4.5	3.7177
4827	wu j.	-0.6235	0.7043	25	20	20	1	9	7.4354	2019	9	7.4354
4831	wulan w.n.	0.3274	0.4275	28	17	17	1	2	1.6523	2019	2	1.6523
4841	wulani v.	-0.3587	0.1547	22	19	19	1	0	0	2019	0	0
4847	xia x.	0.3639	-0.1167	32	14	14	1	2	1.6523	2019	2	1.6523
4848	xianqi l.	-0.7994	-0.0955	6	12	12	1	4	3.3046	2019	4	3.3046
4850	yabe s.	0.4273	-0.8773	41	4	8	2	8	6.6093	2019	4	3.3046
4851	yadamsuren e.	-0.749	-0.3663	23	15	15	1	1	0.8262	2019	1	0.8262
4853	yamada-hara m.	0.2299	-0.9979	34	11	16	2	5	4.1308	2019	2.5	2.0654
4855	yamashita t.	-0.9571	-0.6293	37	6	6	1	1	0.8262	2019	1	0.8262
4856	yamazaki k.	0.2658	-0.9648	34	11	23	4	11	9.0878	2019	2.75	2.2719
4860	yang g.-z.	-0.8713	0.8009	36	7	10	2	4	3.3046	2019	2	1.6523
4861	yang j.s.	0.164	0.2938	13	13	13	1	2	1.6523	2019	2	1.6523
4865	yanuar a.	0.0156	-0.4458	3	3	4	5	7	5.7831	2019	1.4	1.1566
4871	yap j.	0.1712	-0.6253	12	28	34	2	29	23.9586	2019	14.5	11.9793
4876	yasman y.	0.4517	-0.0689	14	5	11	7	0	0	2019	0	0
4883	yati k.	-0.3445	-0.6371	3	6	14	4	2	1.6523	2019	0.5	0.4131
4884	yatim a.	-0.2084	-0.3581	2	5	9	6	8	6.6093	2019	1.3333	1.1015
4889	ye d.-w.	0.7248	-0.5015	7	20	20	1	10	8.2616	2019	10	8.2616
4899	yohda m.	-0.114	-0.4481	3	11	18	4	7	5.7831	2019	1.75	1.4458
4901	yokoji-takeuchi m.	0.2264	-1.0459	34	11	11	1	2	1.6523	2019	2	1.6523
4902	yokosuka o.	-0.7549	0.5637	16	22	41	2	20	16.5232	2019	10	8.2616
4903	yokota a.	0.4185	-0.8446	41	4	8	2	8	6.6093	2019	4	3.3046
4907	yonas e.	0.0493	-0.3359	2	4	7	4	5	4.1308	2019	1.25	1.0327
4910	yoshida n.	-0.9675	-0.6118	37	6	6	1	1	0.8262	2019	1	0.8262
4918	yu c.-m.	0.0983	-0.6043	12	21	21	1	22	18.1755	2019	22	18.1755
4920	yu m.-l.	-0.7242	0.4318	16	22	41	2	20	16.5232	2019	10	8.2616
4921	yuanita e.	-0.3617	-0.4134	2	2	4	4	3	2.4785	2019	0.75	0.6196
4934	yugo kartono isal r.	0.2162	-0.4756	3	1	6	6	0	0	2019	0	0
4948	yulizar y.	-0.0974	-0.2735	3	8	12	11	38	31.3941	2019	3.4545	2.854
4954	yuniarni d.r.	-0.7183	-0.1718	6	15	15	1	6	4.957	2019	6	4.957
4960	yunihastuti e.	-0.2404	0.5904	5	36	71	4	11	9.0878	2019	2.75	2.2719
4968	yunus f.	0.0971	0.252	13	1	2	3	7	5.7831	2019	2.3333	1.9277
4971	yunus z.	-0.1112	0.3566	1	18	18	1	1	0.8262	2019	1	0.8262
4988	yuwono a.h.	-0.4066	-0.3996	2	5	8	10	7	5.7831	2019	0.7	0.5783
4993	zagloel t.y.m.	-0.1223	-1.2615	46	1	2	5	15	12.3924	2019	3	2.4785
5004	zavitri n.g.	0.6016	-0.1428	7	3	12	4	0	0	2019	0	0
5008	zhang f.	-0.257	0.6763	5	35	70	3	10	8.2616	2019	3.3333	2.7539
5009	zhang j.-j.	-1.0205	-0.1743	6	14	14	1	12	9.9139	2019	12	9.9139
5011	zhang s.	-0.0079	-0.5626	12	23	23	2	23	19.0017	2019	11.5	9.5008
5012	zhang y.	0.663	0.2346	21	38	66	4	38	31.3941	2019	9.5	7.8485
5013	zheng q.	-0.4763	0.4244	16	4	4	1	1	0.8262	2019	1	0.8262
5014	zheng y.	1.0644	-0.1555	11	23	23	1	5	4.1308	2019	5	4.1308
5017	zile m.	0.2066	-0.6874	12	13	13	1	7	5.7831	2019	7	5.7831
5018	zile m.r.	0.0902	-0.6347	12	21	21	1	22	18.1755	2019	22	18.1755
5024	zulfia a.	-0.4111	-0.3642	2	2	2	5	6	4.957	2019	1.2	0.9914
5034	zulkifli f.y.	-0.1004	-0.7697	4	3	11	17	9	7.4354	2019	0.5294	0.4374
