2	21	4
2	296	4
2	476	4
2	1854	4
2	2596	4
2	3598	4
10	110	1
10	964	1
10	3911	1
10	4035	1
10	4120	1
12	1346	1
12	2097	2
12	2348	1
12	3258	2
12	4523	1
20	481	1
20	641	2
20	1576	4
20	3286	2
20	4538	2
21	296	4
21	476	4
21	625	5
21	1854	4
21	2232	5
21	2596	4
21	2993	1
21	3598	4
21	4244	2
21	4876	2
21	5004	4
23	521	1
23	725	1
23	740	1
23	761	1
23	776	1
23	1094	1
23	1227	1
23	1267	1
23	1278	1
23	1317	1
23	1610	1
23	1623	1
23	2211	1
23	2286	1
23	2541	1
23	2963	1
23	4090	1
23	4329	1
23	4352	1
23	4827	1
24	592	1
24	703	1
24	766	1
24	780	1
24	1188	1
24	1663	1
24	1718	1
24	2137	1
24	2360	1
24	2511	1
24	2947	1
24	3912	1
24	4007	1
24	4035	1
24	4137	1
24	4456	1
24	4706	1
24	4971	1
25	3032	4
25	3208	2
35	672	1
35	995	1
35	1101	1
35	1502	1
35	1739	1
35	1934	1
35	3118	1
35	3661	1
35	4052	1
35	4226	1
56	1276	2
56	1914	3
56	1981	2
56	2532	2
56	2546	1
56	2926	1
56	2988	2
56	3659	3
56	3823	3
56	3896	3
56	4546	2
56	4566	3
81	533	1
81	691	1
81	695	1
81	729	1
81	757	1
81	881	1
81	1605	1
81	1929	1
81	2686	1
81	2869	1
81	2874	1
81	4240	1
81	4488	1
81	4616	1
81	4851	1
91	3583	2
91	3593	2
91	4031	2
91	4749	2
98	1051	3
98	1390	2
98	1576	3
110	118	1
110	834	1
110	964	2
110	1581	1
110	1705	1
110	1964	1
110	2077	1
110	2304	1
110	2425	1
110	2627	1
110	2843	1
110	2960	1
110	3888	1
110	3905	1
110	4007	1
110	4072	1
110	4137	1
110	4226	1
110	4233	1
110	4303	1
110	4370	1
110	4424	1
110	4805	1
118	834	1
118	1581	1
118	1705	1
118	1964	1
118	2077	1
118	2304	1
118	2425	1
118	2627	1
118	2843	1
118	2960	1
118	3888	1
118	3905	1
118	4007	1
118	4072	1
118	4137	1
118	4226	1
118	4233	1
118	4303	1
118	4370	1
118	4424	1
118	4805	1
121	474	1
121	713	1
121	760	1
121	944	1
121	1681	1
121	1818	1
121	1874	1
121	1955	1
121	1965	1
121	1967	1
121	2050	1
121	2210	1
121	2503	1
121	2746	1
121	2751	1
121	3019	1
121	3189	1
121	3457	1
121	3595	1
121	3960	1
121	4395	1
121	4822	1
121	4960	1
121	5008	1
134	179	1
134	3258	1
134	4884	1
144	493	4
144	828	4
145	315	1
145	635	1
145	755	1
145	779	2
145	850	1
145	1348	1
145	1884	1
145	1952	1
145	2201	1
145	2237	1
145	2274	1
145	2637	1
145	2743	1
145	2893	1
145	3184	1
145	3630	1
145	3817	1
145	4500	1
145	4519	2
145	4782	1
145	4889	1
157	194	1
157	1427	1
157	1812	1
157	1915	1
157	1917	1
157	2014	1
157	2156	1
157	2187	1
157	2302	1
157	2321	1
157	2322	1
157	2510	1
157	2636	1
157	2970	1
157	3233	1
157	4186	1
157	4831	1
166	1385	3
173	677	1
173	1814	4
173	1934	1
173	4688	1
173	4808	1
179	609	3
179	665	2
179	2097	2
179	3258	1
179	4235	1
179	4523	2
179	4784	1
179	4884	3
179	4948	1
183	197	1
183	525	1
183	590	1
183	610	1
183	719	1
183	1851	1
183	2272	1
183	2395	1
183	2502	1
183	2656	1
183	2908	1
183	3587	1
183	3974	1
183	4103	1
183	4585	1
194	1427	1
194	1812	1
194	1915	1
194	1917	1
194	2014	1
194	2156	1
194	2187	1
194	2302	1
194	2321	1
194	2322	1
194	2510	1
194	2636	1
194	2970	1
194	3233	1
194	4186	1
194	4831	1
195	2723	3
195	3741	4
195	4382	3
196	3084	1
196	3710	1
196	3860	1
196	4907	1
197	525	1
197	590	1
197	610	1
197	719	1
197	1851	1
197	2272	1
197	2395	1
197	2502	1
197	2656	1
197	2908	1
197	3587	1
197	3974	1
197	4103	1
197	4585	1
205	414	1
205	643	3
205	4540	5
208	302	3
208	3048	2
208	3404	1
208	4239	2
208	4543	3
208	4682	1
246	427	1
246	723	1
246	2159	1
246	2262	1
246	2317	1
246	2481	1
246	3500	1
246	4003	1
246	4411	1
246	4419	1
246	4483	1
246	4871	1
246	5017	1
247	1647	1
247	2159	1
247	2213	1
247	2246	1
247	2262	1
247	2316	1
247	2693	1
247	2749	1
247	2889	1
247	2966	1
247	3483	1
247	3500	1
247	3922	1
247	4003	1
247	4411	1
247	4418	1
247	4483	1
247	4871	1
247	4918	1
247	5011	1
247	5018	1
255	1134	1
257	923	1
257	1054	1
257	1215	1
257	1245	1
257	1304	1
257	1461	1
257	1700	1
257	2336	1
257	2470	1
257	2629	1
257	2944	1
257	3527	1
257	3794	1
257	4143	1
257	4160	1
257	4298	1
257	4547	1
259	1128	2
259	1284	2
259	1839	2
259	3838	3
259	4883	3
260	2959	2
260	3713	2
270	535	1
270	1328	1
270	1885	1
270	3793	1
270	4275	2
270	4817	1
275	2424	2
277	874	4
277	892	4
277	1033	1
277	1380	1
277	3087	1
277	3594	1
296	476	4
296	1854	4
296	2596	4
296	3598	4
298	674	1
298	738	1
298	752	1
298	753	1
298	1619	1
298	1899	1
298	2679	1
298	2965	1
298	3923	1
298	3945	1
298	3998	1
298	4081	1
298	4420	1
298	4496	1
298	4631	1
298	5012	1
302	3048	2
302	3404	1
302	4171	1
302	4239	3
302	4543	3
302	4682	1
305	2576	2
305	2825	2
305	3110	2
305	3355	1
305	3404	1
306	354	2
306	1768	2
306	1836	3
306	2111	3
306	2348	1
306	3258	3
306	4121	2
306	4734	2
315	635	1
315	755	1
315	779	1
315	850	1
315	1884	1
315	1952	1
315	2201	1
315	2237	1
315	2274	1
315	2637	1
315	2743	1
315	2893	1
315	3184	1
315	3630	1
315	3817	1
315	4500	1
315	4519	1
315	4782	1
315	4889	1
317	2446	1
317	2447	2
317	2866	1
317	3796	1
317	4194	2
317	4365	2
317	4372	2
317	4490	1
317	4853	1
317	4856	2
317	4901	1
320	583	1
320	598	1
320	746	1
320	847	1
320	1229	1
320	1253	1
320	1293	1
320	1360	1
320	1602	1
320	1883	1
320	2010	1
320	2238	1
320	2892	1
320	2896	1
320	3782	1
320	4022	1
320	4387	1
320	4406	1
320	4436	1
320	4555	1
320	4759	1
320	4820	1
320	5014	1
322	3301	1
322	4948	5
328	887	1
328	918	1
328	1328	1
328	1406	1
328	1751	1
328	1844	1
328	1917	1
328	2658	1
328	3137	1
328	3288	1
328	3365	1
328	3641	1
328	3793	1
328	4107	1
328	4818	1
331	3351	7
331	5034	1
354	1768	2
354	1836	2
354	2111	2
354	2348	1
354	3258	2
354	4121	1
354	4734	1
358	2075	1
358	2153	1
358	3864	2
358	3891	3
358	4449	3
359	3146	4
359	4019	3
396	1056	1
396	2282	3
414	643	1
414	1250	1
414	1651	2
414	1838	1
414	3851	1
414	4540	4
416	2638	2
416	4144	1
416	4688	1
427	723	1
427	2159	1
427	2262	1
427	2317	1
427	2481	1
427	3500	1
427	4003	1
427	4411	1
427	4419	1
427	4483	1
427	4871	1
427	5017	1
453	3351	1
453	3439	1
453	3770	1
453	4276	2
453	5034	1
463	1467	5
463	3810	1
463	4275	1
473	713	1
473	760	1
473	944	1
473	966	1
473	1640	1
473	1818	1
473	1874	1
473	1886	1
473	1967	1
473	2050	1
473	2310	1
473	2503	1
473	2746	1
473	3036	1
473	3189	1
473	3595	1
473	3960	1
473	4395	1
473	4553	1
473	4679	1
473	4821	1
473	4960	1
473	5008	1
474	713	2
474	760	2
474	944	2
474	966	1
474	1377	1
474	1681	2
474	1818	2
474	1874	2
474	1955	1
474	1965	2
474	1967	2
474	2050	2
474	2210	2
474	2503	2
474	2746	2
474	2751	1
474	3019	1
474	3189	2
474	3457	1
474	3595	2
474	3960	2
474	4214	1
474	4395	2
474	4553	1
474	4822	2
474	4960	2
474	5008	2
476	1854	4
476	2596	4
476	3598	4
481	1576	4
481	2683	1
481	3698	1
481	4167	1
493	828	4
502	1390	5
502	1576	1
502	3025	2
502	3921	1
505	506	3
505	1690	2
505	1862	2
505	2240	1
505	2241	1
505	2307	1
505	2402	2
505	2604	1
505	2605	1
505	2676	2
505	2697	1
505	3117	1
505	3555	2
505	3735	1
505	4465	2
505	4573	2
505	4697	1
505	4848	1
505	4954	1
506	1690	2
506	1862	2
506	2240	1
506	2241	1
506	2307	1
506	2402	2
506	2604	1
506	2605	1
506	2676	2
506	2697	1
506	3117	1
506	3555	2
506	3735	1
506	4465	2
506	4573	2
506	4697	1
506	4848	1
506	4954	1
507	1062	1
507	1300	1
507	1328	2
507	1994	1
507	2484	1
507	3231	2
507	3473	1
507	3660	1
507	3771	1
507	3793	2
507	3826	1
507	4041	1
507	4861	1
521	725	1
521	740	1
521	761	1
521	776	1
521	1094	1
521	1227	1
521	1267	1
521	1278	1
521	1317	1
521	1610	1
521	1623	1
521	2211	1
521	2286	1
521	2541	1
521	2963	1
521	4090	1
521	4329	1
521	4352	1
521	4827	1
525	590	1
525	610	1
525	719	1
525	1851	1
525	2272	1
525	2395	1
525	2502	1
525	2656	1
525	2908	1
525	3587	1
525	3974	1
525	4103	1
525	4585	1
533	691	1
533	695	1
533	729	1
533	757	1
533	881	1
533	1605	1
533	1929	1
533	2686	1
533	2869	1
533	2874	1
533	4240	1
533	4488	1
533	4616	1
533	4851	1
534	572	1
534	865	1
534	1050	1
534	1559	1
534	2055	1
534	3043	1
534	3561	1
534	3710	1
534	3816	1
534	4013	1
534	4075	1
534	4496	1
534	4746	1
534	4847	1
535	1149	3
535	1885	1
535	1964	2
535	3762	1
535	4275	1
542	765	2
542	968	2
542	983	1
542	1208	2
542	1421	2
542	1797	1
542	1895	2
542	2050	2
542	2067	2
542	2172	1
542	2303	2
542	2310	2
542	2556	1
542	2602	1
542	2688	2
542	2752	1
542	2757	2
542	3243	2
542	4082	2
542	4152	2
542	4484	2
542	4554	1
542	4671	2
556	1980	2
556	4239	1
558	1522	2
558	1859	1
558	2621	2
558	3449	1
558	4136	1
558	4241	1
558	4282	2
558	4563	3
558	4705	1
558	4730	1
558	4739	1
567	959	1
567	1090	1
572	865	1
572	1050	1
572	1559	1
572	2055	1
572	3043	1
572	3561	1
572	3710	1
572	3816	1
572	4013	1
572	4075	1
572	4496	1
572	4746	1
572	4847	1
576	631	2
576	1737	2
576	1755	2
576	2283	2
576	3134	2
576	3810	1
576	4287	1
576	4541	2
583	598	1
583	746	1
583	847	1
583	1229	1
583	1253	1
583	1293	1
583	1360	1
583	1602	1
583	1883	1
583	2010	1
583	2238	1
583	2892	1
583	2896	1
583	3782	1
583	4022	1
583	4387	1
583	4406	1
583	4436	1
583	4555	1
583	4759	1
583	4820	1
583	5014	1
584	704	1
584	743	1
584	852	1
584	1126	1
584	1282	1
584	1522	1
584	1608	1
584	1661	1
584	2007	1
584	2526	1
584	2907	1
584	3497	1
584	3690	1
584	3722	1
584	3904	1
584	4108	1
584	4361	1
584	4563	1
584	4577	1
587	2097	1
587	2185	2
587	2529	5
587	4276	1
589	737	1
589	756	1
589	967	1
589	1076	1
589	1160	1
589	1962	1
589	2018	1
589	2200	1
589	3570	1
589	3708	1
589	4083	1
589	4084	1
589	4434	1
589	4591	1
589	4663	1
589	4676	1
589	4755	1
589	4798	1
590	610	1
590	719	1
590	1851	1
590	2272	1
590	2395	1
590	2502	1
590	2656	1
590	2908	1
590	3587	1
590	3974	1
590	4103	1
590	4585	1
592	703	1
592	766	1
592	780	1
592	1188	1
592	1663	1
592	1718	1
592	2137	1
592	2360	1
592	2511	1
592	2947	1
592	3912	1
592	4007	1
592	4035	1
592	4137	1
592	4456	1
592	4706	1
592	4971	1
596	616	1
596	633	1
596	706	1
596	795	1
596	864	1
596	1161	1
596	2112	1
596	2608	1
596	2996	1
596	3498	1
596	3528	1
596	3666	1
596	4029	1
596	4115	1
596	4154	1
598	746	1
598	847	1
598	1229	1
598	1253	1
598	1293	1
598	1360	1
598	1602	1
598	1883	1
598	2010	1
598	2238	1
598	2892	1
598	2896	1
598	3782	1
598	4022	1
598	4387	1
598	4406	1
598	4436	1
598	4555	1
598	4759	1
598	4820	1
598	5014	1
609	774	1
609	1460	1
609	1889	4
609	2097	1
609	4884	3
610	719	1
610	1851	1
610	2272	1
610	2395	1
610	2502	1
610	2656	1
610	2908	1
610	3587	1
610	3974	1
610	4103	1
610	4585	1
615	772	1
615	962	1
615	985	1
615	1189	1
615	1280	1
615	1441	1
615	1798	1
615	1975	1
615	2026	1
615	2136	1
615	2160	1
615	2214	1
615	2917	1
615	3553	1
615	3693	1
615	3814	1
615	3979	1
615	4105	1
615	4109	1
615	4126	1
615	4229	1
615	4678	1
616	633	1
616	706	1
616	795	1
616	864	1
616	1161	1
616	2112	1
616	2608	1
616	2996	1
616	3498	1
616	3528	1
616	3666	1
616	4029	1
616	4115	1
616	4154	1
625	2232	5
625	5004	4
629	787	1
629	960	1
629	990	1
629	1052	1
629	1205	1
629	1310	1
629	1318	1
629	1369	1
629	1420	1
629	1606	1
629	2523	1
629	2927	1
629	3030	1
629	3501	1
629	5012	1
631	1737	2
631	1755	2
631	2283	2
631	3134	2
631	3810	1
631	4287	1
631	4541	2
633	706	1
633	795	1
633	864	1
633	1161	1
633	2112	1
633	2608	1
633	2996	1
633	3498	1
633	3528	1
633	3666	1
633	4029	1
633	4115	1
633	4154	1
635	755	1
635	779	1
635	850	1
635	1884	1
635	1952	1
635	2201	1
635	2237	1
635	2274	1
635	2637	1
635	2743	1
635	2893	1
635	3184	1
635	3630	1
635	3817	1
635	4500	1
635	4519	1
635	4782	1
635	4889	1
640	641	1
640	3216	1
640	3921	1
641	1390	2
641	1576	4
641	3286	2
641	3921	2
641	4538	2
643	4540	4
645	1541	1
645	1947	1
645	2033	2
645	2817	2
645	3356	2
645	4044	1
665	2936	1
667	990	1
667	1274	2
667	1318	1
667	1369	1
667	1566	2
667	1606	1
667	1977	2
667	2166	2
667	2186	2
667	2509	2
667	2523	2
667	3586	2
667	3742	2
667	4286	1
672	995	2
672	1502	2
672	1739	2
672	1934	2
672	4137	1
672	4226	3
674	738	3
674	751	1
674	752	2
674	753	1
674	946	2
674	1613	1
674	1619	3
674	1899	3
674	2679	3
674	2965	3
674	3923	3
674	3945	3
674	3998	3
674	4057	2
674	4081	3
674	4410	2
674	4420	1
674	4421	1
674	4496	3
674	4552	1
674	4631	3
674	5012	3
675	1290	1
675	1679	1
675	2067	1
675	4504	1
676	715	2
676	747	2
676	862	2
676	2033	2
676	2900	2
676	3015	2
676	4622	2
677	1814	1
677	1934	1
677	2222	1
677	2638	1
677	3286	1
677	3783	3
677	4002	3
677	4056	1
691	695	1
691	729	1
691	757	1
691	881	1
691	1605	1
691	1929	1
691	2686	1
691	2869	1
691	2874	1
691	4240	1
691	4488	1
691	4616	1
691	4851	1
695	729	1
695	757	1
695	881	1
695	1605	1
695	1929	1
695	2686	1
695	2869	1
695	2874	1
695	4240	1
695	4488	1
695	4616	1
695	4851	1
701	853	1
701	1254	1
701	1283	1
701	1782	1
701	2265	1
701	2453	1
701	2884	1
701	2898	1
701	2913	1
701	3040	1
701	4263	1
701	4551	1
701	4557	1
701	4562	1
701	4756	1
703	766	1
703	780	1
703	1188	1
703	1663	1
703	1718	1
703	2137	1
703	2360	1
703	2511	1
703	2947	1
703	3912	1
703	4007	1
703	4035	1
703	4137	1
703	4456	1
703	4706	1
703	4971	1
704	743	1
704	852	1
704	1126	1
704	1282	1
704	1522	1
704	1608	1
704	1661	1
704	2007	1
704	2526	1
704	2907	1
704	3497	1
704	3690	1
704	3722	1
704	3904	1
704	4108	1
704	4361	1
704	4563	1
704	4577	1
706	795	1
706	864	1
706	1161	1
706	2112	1
706	2608	1
706	2996	1
706	3498	1
706	3528	1
706	3666	1
706	4029	1
706	4115	1
706	4154	1
713	760	3
713	944	3
713	966	2
713	1377	1
713	1640	1
713	1681	2
713	1818	3
713	1874	3
713	1886	1
713	1955	1
713	1965	2
713	1967	3
713	2050	3
713	2210	2
713	2310	1
713	2503	3
713	2746	3
713	2751	1
713	3019	1
713	3036	1
713	3189	3
713	3457	1
713	3595	3
713	3960	3
713	4214	1
713	4395	3
713	4553	2
713	4679	1
713	4821	1
713	4822	2
713	4960	3
713	5008	3
714	774	2
714	1122	1
714	3671	2
714	4921	3
714	5024	1
715	747	2
715	862	2
715	2033	2
715	2900	2
715	3015	2
715	4622	2
719	1851	1
719	2272	1
719	2395	1
719	2502	1
719	2656	1
719	2908	1
719	3587	1
719	3974	1
719	4103	1
719	4585	1
723	2159	1
723	2262	1
723	2317	1
723	2481	1
723	3500	1
723	4003	1
723	4411	1
723	4419	1
723	4483	1
723	4871	1
723	5017	1
725	740	1
725	761	1
725	776	1
725	1094	1
725	1227	1
725	1267	1
725	1278	1
725	1317	1
725	1610	1
725	1623	1
725	2211	1
725	2286	1
725	2541	1
725	2963	1
725	4090	1
725	4329	1
725	4352	1
725	4827	1
729	757	1
729	881	1
729	1605	1
729	1929	1
729	2686	1
729	2869	1
729	2874	1
729	4240	1
729	4488	1
729	4616	1
729	4851	1
731	801	1
731	842	1
731	987	1
731	1240	1
731	1487	1
731	1808	1
731	2219	1
731	2606	1
731	2983	1
731	3213	1
731	3681	1
731	3743	1
731	3906	1
731	3933	1
731	4090	1
731	4435	1
731	4786	1
737	756	1
737	967	1
737	1076	1
737	1160	1
737	1962	1
737	2018	1
737	2200	1
737	3570	1
737	3708	1
737	4083	1
737	4084	1
737	4434	1
737	4591	1
737	4663	1
737	4676	1
737	4755	1
737	4798	1
738	751	1
738	752	2
738	753	1
738	946	2
738	1613	1
738	1619	3
738	1899	3
738	2679	3
738	2965	3
738	3923	3
738	3945	3
738	3998	3
738	4057	2
738	4081	3
738	4410	2
738	4420	1
738	4421	1
738	4496	3
738	4552	1
738	4631	3
738	5012	3
739	741	1
739	742	1
739	965	1
739	1378	1
739	1880	1
739	2138	1
739	2217	1
739	2241	1
739	2921	1
739	3311	1
739	3720	1
739	3914	1
739	4114	1
739	5009	1
740	761	1
740	776	1
740	1094	1
740	1227	1
740	1267	1
740	1278	1
740	1317	1
740	1610	1
740	1623	1
740	2211	1
740	2286	1
740	2541	1
740	2963	1
740	4090	1
740	4329	1
740	4352	1
740	4827	1
741	742	1
741	965	1
741	1378	1
741	1880	1
741	2138	1
741	2217	1
741	2241	1
741	2921	1
741	3311	1
741	3720	1
741	3914	1
741	4114	1
741	5009	1
742	965	1
742	1378	1
742	1880	1
742	2138	1
742	2217	1
742	2241	1
742	2921	1
742	3311	1
742	3720	1
742	3914	1
742	4114	1
742	5009	1
743	852	1
743	1126	1
743	1282	1
743	1522	1
743	1608	1
743	1661	1
743	2007	1
743	2526	1
743	2907	1
743	3497	1
743	3690	1
743	3722	1
743	3904	1
743	4108	1
743	4361	1
743	4563	1
743	4577	1
746	847	1
746	1229	1
746	1253	1
746	1293	1
746	1360	1
746	1602	1
746	1883	1
746	2010	1
746	2238	1
746	2892	1
746	2896	1
746	3782	1
746	4022	1
746	4387	1
746	4406	1
746	4436	1
746	4555	1
746	4759	1
746	4820	1
746	5014	1
747	862	2
747	2033	2
747	2900	2
747	3015	2
747	4622	2
751	946	1
751	1619	1
751	1899	1
751	2679	1
751	2965	1
751	3923	1
751	3945	1
751	3998	1
751	4057	1
751	4081	1
751	4410	1
751	4421	1
751	4496	1
751	4552	1
751	4631	1
751	5012	1
752	753	1
752	946	1
752	1613	1
752	1619	2
752	1899	2
752	2679	2
752	2965	2
752	3923	2
752	3945	2
752	3998	2
752	4057	1
752	4081	2
752	4410	1
752	4420	1
752	4496	2
752	4631	2
752	5012	2
753	1619	1
753	1899	1
753	2679	1
753	2965	1
753	3923	1
753	3945	1
753	3998	1
753	4081	1
753	4420	1
753	4496	1
753	4631	1
753	5012	1
755	779	1
755	850	1
755	1884	1
755	1952	1
755	2201	1
755	2237	1
755	2274	1
755	2637	1
755	2743	1
755	2893	1
755	3184	1
755	3630	1
755	3817	1
755	4500	1
755	4519	1
755	4782	1
755	4889	1
756	967	1
756	1076	1
756	1160	1
756	1962	1
756	2018	1
756	2200	1
756	3570	1
756	3708	1
756	4083	1
756	4084	1
756	4434	1
756	4591	1
756	4663	1
756	4676	1
756	4755	1
756	4798	1
757	881	1
757	1605	1
757	1929	1
757	2686	1
757	2869	1
757	2874	1
757	4240	1
757	4488	1
757	4616	1
757	4851	1
760	944	3
760	966	2
760	1377	1
760	1640	1
760	1681	2
760	1818	3
760	1874	3
760	1886	1
760	1955	1
760	1965	2
760	1967	3
760	2050	3
760	2210	2
760	2310	1
760	2503	3
760	2746	3
760	2751	1
760	3019	1
760	3036	1
760	3189	3
760	3457	1
760	3595	3
760	3960	3
760	4214	1
760	4395	3
760	4553	2
760	4679	1
760	4821	1
760	4822	2
760	4960	3
760	5008	3
761	776	1
761	1094	1
761	1227	1
761	1267	1
761	1278	1
761	1317	1
761	1610	1
761	1623	1
761	2211	1
761	2286	1
761	2541	1
761	2963	1
761	4090	1
761	4329	1
761	4352	1
761	4827	1
765	968	2
765	983	1
765	1208	2
765	1421	2
765	1797	1
765	1895	2
765	2050	2
765	2067	2
765	2172	1
765	2303	2
765	2310	2
765	2556	1
765	2602	1
765	2688	2
765	2752	1
765	2757	2
765	3243	2
765	4082	2
765	4152	2
765	4484	2
765	4554	1
765	4671	2
766	780	1
766	1188	1
766	1663	1
766	1718	1
766	2137	1
766	2360	1
766	2511	1
766	2947	1
766	3912	1
766	4007	1
766	4035	1
766	4137	1
766	4456	1
766	4706	1
766	4971	1
772	962	1
772	985	1
772	1189	1
772	1280	1
772	1441	1
772	1798	1
772	1975	1
772	2026	1
772	2136	1
772	2160	1
772	2214	1
772	2917	1
772	3553	1
772	3693	1
772	3814	1
772	3979	1
772	4105	1
772	4109	1
772	4126	1
772	4229	1
772	4678	1
774	4921	1
776	1094	1
776	1227	1
776	1267	1
776	1278	1
776	1317	1
776	1610	1
776	1623	1
776	2211	1
776	2286	1
776	2541	1
776	2963	1
776	4090	1
776	4329	1
776	4352	1
776	4827	1
777	798	2
777	972	1
777	1366	2
777	1666	2
777	1820	2
777	1860	1
777	1882	2
777	1888	2
777	2047	2
777	2189	2
777	2218	2
777	2375	2
777	2564	2
777	2888	2
777	2897	1
777	3776	2
777	3909	2
777	4090	2
777	4664	2
777	4677	2
777	4902	2
777	4920	2
779	850	1
779	1348	1
779	1884	1
779	1952	1
779	2201	1
779	2237	1
779	2274	1
779	2637	1
779	2743	1
779	2893	1
779	3184	1
779	3630	1
779	3817	1
779	4500	1
779	4519	2
779	4782	1
779	4889	1
780	1188	1
780	1663	1
780	1718	1
780	2137	1
780	2360	1
780	2511	1
780	2947	1
780	3912	1
780	4007	1
780	4035	1
780	4137	1
780	4456	1
780	4706	1
780	4971	1
787	960	1
787	990	1
787	1052	1
787	1205	1
787	1310	1
787	1318	1
787	1369	1
787	1420	1
787	1606	1
787	2523	1
787	2927	1
787	3030	1
787	3501	1
787	5012	1
795	836	1
795	864	1
795	1161	1
795	1639	2
795	1795	1
795	2112	2
795	2168	1
795	2196	1
795	2508	1
795	2561	1
795	2608	1
795	2918	1
795	2996	1
795	3498	2
795	3528	1
795	3632	2
795	3666	1
795	4029	1
795	4115	3
795	4154	3
796	2293	2
796	2981	1
796	4050	2
798	972	1
798	1366	2
798	1666	2
798	1820	2
798	1860	1
798	1882	2
798	1888	2
798	2047	2
798	2189	2
798	2218	2
798	2375	2
798	2564	2
798	2888	2
798	2897	1
798	3776	2
798	3909	2
798	4090	2
798	4664	2
798	4677	2
798	4902	2
798	4920	2
801	842	1
801	987	1
801	1240	1
801	1487	1
801	1808	1
801	2219	1
801	2606	1
801	2983	1
801	3213	1
801	3681	1
801	3743	1
801	3906	1
801	3933	1
801	4090	1
801	4435	1
801	4786	1
832	907	1
832	1277	1
832	1437	1
832	1991	1
832	2073	1
832	2852	1
832	3210	1
832	3946	1
832	4005	1
832	4036	1
832	4072	1
832	4116	1
832	4120	1
832	4170	1
832	4267	1
832	4369	1
832	4400	1
832	4812	1
832	4841	1
834	1581	1
834	1705	1
834	1964	1
834	2077	1
834	2304	1
834	2425	1
834	2627	1
834	2843	1
834	2960	1
834	3888	1
834	3905	1
834	4007	1
834	4072	1
834	4137	1
834	4226	1
834	4233	1
834	4303	1
834	4370	1
834	4424	1
834	4805	1
836	1639	1
836	1795	1
836	2112	1
836	2168	1
836	2196	1
836	2508	1
836	2561	1
836	2918	1
836	3498	1
836	3632	1
836	4115	1
836	4154	1
842	987	1
842	1240	1
842	1487	1
842	1808	1
842	2219	1
842	2606	1
842	2983	1
842	3213	1
842	3681	1
842	3743	1
842	3906	1
842	3933	1
842	4090	1
842	4435	1
842	4786	1
847	1229	1
847	1253	1
847	1293	1
847	1360	1
847	1602	1
847	1883	1
847	2010	1
847	2238	1
847	2892	1
847	2896	1
847	3782	1
847	4022	1
847	4387	1
847	4406	1
847	4436	1
847	4555	1
847	4759	1
847	4820	1
847	5014	1
850	1884	1
850	1952	1
850	2201	1
850	2237	1
850	2274	1
850	2637	1
850	2743	1
850	2893	1
850	3184	1
850	3630	1
850	3817	1
850	4500	1
850	4519	1
850	4782	1
850	4889	1
852	1126	1
852	1282	1
852	1522	1
852	1608	1
852	1661	1
852	2007	1
852	2526	1
852	2907	1
852	3497	1
852	3690	1
852	3722	1
852	3904	1
852	4108	1
852	4361	1
852	4563	1
852	4577	1
853	1254	1
853	1283	1
853	1782	1
853	2265	1
853	2453	1
853	2884	1
853	2898	1
853	2913	1
853	3040	1
853	4263	1
853	4551	1
853	4557	1
853	4562	1
853	4756	1
862	1284	1
862	1947	1
862	2033	2
862	2097	2
862	2900	2
862	3015	2
862	3373	1
862	4291	1
862	4523	2
862	4622	2
864	1161	1
864	2112	1
864	2608	1
864	2996	1
864	3498	1
864	3528	1
864	3666	1
864	4029	1
864	4115	1
864	4154	1
865	1050	1
865	1559	1
865	2055	1
865	3043	1
865	3561	1
865	3710	1
865	3816	1
865	4013	1
865	4075	1
865	4496	1
865	4746	1
865	4847	1
874	892	4
874	1033	1
874	1380	1
874	3087	1
874	3594	1
875	1590	6
881	1605	1
881	1929	1
881	2686	1
881	2869	1
881	2874	1
881	4240	1
881	4488	1
881	4616	1
881	4851	1
887	918	1
887	1328	1
887	1406	1
887	1751	1
887	1844	1
887	1917	1
887	2658	1
887	3137	1
887	3288	1
887	3365	1
887	3641	1
887	3793	1
887	4107	1
887	4818	1
892	1033	1
892	1380	1
892	3087	1
892	3594	1
907	1277	1
907	1437	1
907	1991	1
907	2073	1
907	2852	1
907	3210	1
907	3946	1
907	4005	1
907	4036	1
907	4072	1
907	4116	1
907	4120	1
907	4170	1
907	4267	1
907	4369	1
907	4400	1
907	4812	1
907	4841	1
910	1122	5
912	3710	1
912	4003	1
912	4185	2
918	1328	1
918	1406	1
918	1751	1
918	1844	1
918	1917	1
918	2658	1
918	3137	1
918	3288	1
918	3365	1
918	3641	1
918	3793	1
918	4107	1
918	4818	1
923	1054	1
923	1215	1
923	1245	1
923	1304	1
923	1461	1
923	1700	1
923	2336	1
923	2470	1
923	2629	1
923	2944	1
923	3527	1
923	3794	1
923	4143	1
923	4160	1
923	4298	1
923	4547	1
944	966	2
944	1377	1
944	1640	1
944	1681	2
944	1818	3
944	1874	3
944	1886	1
944	1955	1
944	1965	2
944	1967	3
944	2050	3
944	2210	2
944	2310	1
944	2503	3
944	2746	3
944	2751	1
944	3019	1
944	3036	1
944	3189	3
944	3457	1
944	3595	3
944	3960	3
944	4214	1
944	4395	3
944	4553	2
944	4679	1
944	4821	1
944	4822	2
944	4960	3
944	5008	3
946	1613	1
946	1619	2
946	1899	2
946	2679	2
946	2965	2
946	3923	2
946	3945	2
946	3998	2
946	4057	2
946	4081	2
946	4410	2
946	4421	1
946	4496	2
946	4552	1
946	4631	2
946	5012	2
959	1090	1
959	2993	1
959	3334	1
960	990	1
960	1052	1
960	1205	1
960	1310	1
960	1318	1
960	1369	1
960	1420	1
960	1606	1
960	2523	1
960	2927	1
960	3030	1
960	3501	1
960	5012	1
962	985	1
962	1189	2
962	1280	2
962	1441	1
962	1798	1
962	1975	1
962	2026	1
962	2136	1
962	2160	1
962	2214	1
962	2917	1
962	3553	1
962	3693	1
962	3814	1
962	3979	1
962	4105	1
962	4109	1
962	4126	1
962	4229	3
962	4678	2
963	1699	3
963	4044	1
964	4601	1
965	1378	1
965	1880	1
965	2138	1
965	2217	1
965	2241	1
965	2921	1
965	3311	1
965	3720	1
965	3914	1
965	4114	1
965	5009	1
966	1377	1
966	1640	1
966	1681	1
966	1818	2
966	1874	2
966	1886	1
966	1965	1
966	1967	2
966	2050	2
966	2210	1
966	2310	1
966	2503	2
966	2746	2
966	3036	1
966	3189	2
966	3595	2
966	3960	2
966	4214	1
966	4395	2
966	4553	2
966	4679	1
966	4821	1
966	4822	1
966	4960	2
966	5008	2
967	1076	2
967	1160	1
967	1962	1
967	2018	1
967	2200	1
967	3570	1
967	3708	1
967	4083	1
967	4084	1
967	4434	1
967	4591	1
967	4663	1
967	4676	1
967	4755	1
967	4798	1
968	983	1
968	1208	2
968	1421	2
968	1797	1
968	1895	2
968	2050	2
968	2067	2
968	2172	1
968	2303	2
968	2310	2
968	2556	1
968	2602	1
968	2688	2
968	2752	1
968	2757	2
968	3243	2
968	4082	2
968	4152	2
968	4484	2
968	4554	1
968	4671	2
972	1366	1
972	1666	1
972	1820	1
972	1882	1
972	1888	1
972	2047	1
972	2189	1
972	2218	1
972	2375	1
972	2564	1
972	2888	1
972	3776	1
972	3909	1
972	4090	1
972	4664	1
972	4677	1
972	4902	1
972	4920	1
983	1208	1
983	1421	1
983	1797	1
983	1895	1
983	2050	1
983	2067	1
983	2172	1
983	2303	1
983	2310	1
983	2602	1
983	2688	1
983	2757	1
983	3243	1
983	4082	1
983	4152	1
983	4484	1
983	4554	1
983	4671	1
985	1189	2
985	1280	2
985	1441	2
985	1798	2
985	1975	2
985	2026	1
985	2136	1
985	2160	2
985	2214	2
985	2916	1
985	2917	1
985	3553	2
985	3693	2
985	3814	2
985	3979	1
985	4105	1
985	4109	1
985	4126	2
985	4229	2
985	4678	2
987	1240	1
987	1487	1
987	1808	1
987	2219	1
987	2606	1
987	2983	1
987	3213	1
987	3681	1
987	3743	1
987	3906	1
987	3933	1
987	4090	1
987	4435	1
987	4786	1
990	1052	1
990	1205	1
990	1274	1
990	1310	1
990	1318	2
990	1369	2
990	1420	1
990	1566	1
990	1606	2
990	1977	1
990	2166	1
990	2186	1
990	2509	1
990	2523	2
990	2927	1
990	3030	1
990	3501	1
990	3586	1
990	3742	1
990	4286	1
990	5012	1
995	1502	2
995	1739	2
995	1934	1
995	4137	1
995	4226	2
999	3305	4
999	4773	1
1018	1789	4
1018	2448	1
1033	1380	2
1033	2369	1
1033	3087	1
1033	3594	1
1050	1559	1
1050	2055	1
1050	3043	1
1050	3561	1
1050	3710	1
1050	3816	1
1050	4013	1
1050	4075	1
1050	4496	1
1050	4746	1
1050	4847	1
1051	1390	2
1051	1576	3
1052	1205	1
1052	1310	1
1052	1318	1
1052	1369	1
1052	1420	1
1052	1606	1
1052	2523	1
1052	2927	1
1052	3030	1
1052	3501	1
1052	5012	1
1054	1215	1
1054	1245	1
1054	1304	1
1054	1461	1
1054	1700	3
1054	2336	2
1054	2470	1
1054	2629	1
1054	2858	1
1054	2944	2
1054	3154	3
1054	3527	1
1054	3794	1
1054	4007	1
1054	4143	1
1054	4160	1
1054	4298	1
1054	4547	1
1054	4766	1
1056	2091	4
1056	2282	2
1056	3851	1
1056	4414	3
1062	1300	1
1062	1328	1
1062	1994	1
1062	2484	1
1062	3231	1
1062	3473	1
1062	3660	1
1062	3771	1
1062	3793	1
1062	3826	1
1062	4041	1
1062	4861	1
1076	1160	1
1076	1962	1
1076	2018	1
1076	2200	1
1076	3570	1
1076	3708	1
1076	4083	1
1076	4084	1
1076	4434	1
1076	4591	1
1076	4663	1
1076	4676	1
1076	4755	1
1076	4798	1
1076	4816	1
1090	3334	1
1094	1227	1
1094	1267	1
1094	1278	1
1094	1317	1
1094	1610	1
1094	1623	1
1094	2211	1
1094	2286	1
1094	2541	1
1094	2963	1
1094	4090	1
1094	4329	1
1094	4352	1
1094	4827	1
1101	1284	1
1101	1551	1
1101	2025	1
1101	2131	1
1101	2604	2
1101	2628	1
1101	2995	1
1101	3118	2
1101	3278	1
1101	3661	3
1101	4052	2
1101	4899	1
1126	1282	1
1126	1522	1
1126	1608	1
1126	1661	1
1126	2007	1
1126	2526	1
1126	2907	1
1126	3497	1
1126	3690	1
1126	3722	1
1126	3904	1
1126	4108	1
1126	4361	1
1126	4563	1
1126	4577	1
1128	1284	5
1128	1839	2
1128	3838	2
1128	4883	2
1134	1396	1
1134	1699	4
1134	3603	9
1134	4948	1
1149	1964	2
1154	2828	1
1154	3928	1
1154	4171	1
1160	1962	1
1160	2018	1
1160	2200	1
1160	3570	1
1160	3708	1
1160	4083	1
1160	4084	1
1160	4434	1
1160	4591	1
1160	4663	1
1160	4676	1
1160	4755	1
1160	4798	1
1161	2112	1
1161	2608	1
1161	2996	1
1161	3498	1
1161	3528	1
1161	3666	1
1161	4029	1
1161	4115	1
1161	4154	1
1173	4739	1
1188	1663	1
1188	1718	1
1188	2137	1
1188	2360	1
1188	2511	1
1188	2947	1
1188	3912	1
1188	4007	1
1188	4035	1
1188	4137	1
1188	4456	1
1188	4706	1
1188	4971	1
1189	1280	3
1189	1441	2
1189	1798	2
1189	1975	2
1189	2026	1
1189	2136	1
1189	2160	2
1189	2214	2
1189	2916	1
1189	2917	1
1189	3553	2
1189	3693	2
1189	3814	2
1189	3979	1
1189	4105	1
1189	4109	1
1189	4126	2
1189	4229	3
1189	4678	3
1203	1576	4
1203	3216	2
1203	3698	1
1205	1310	1
1205	1318	1
1205	1369	1
1205	1420	1
1205	1606	1
1205	2523	1
1205	2927	1
1205	3030	1
1205	3501	1
1205	5012	1
1208	1421	2
1208	1797	1
1208	1895	2
1208	2050	2
1208	2067	2
1208	2172	1
1208	2303	2
1208	2310	2
1208	2556	1
1208	2602	1
1208	2688	2
1208	2752	1
1208	2757	2
1208	3243	2
1208	4082	2
1208	4152	2
1208	4484	2
1208	4554	1
1208	4671	2
1215	1245	1
1215	1304	1
1215	1461	1
1215	1700	1
1215	2336	1
1215	2470	1
1215	2629	1
1215	2944	1
1215	3527	1
1215	3794	1
1215	4143	1
1215	4160	1
1215	4298	1
1215	4547	1
1227	1267	1
1227	1278	1
1227	1317	1
1227	1610	1
1227	1623	1
1227	2211	1
1227	2286	1
1227	2541	1
1227	2963	1
1227	4090	1
1227	4329	1
1227	4352	1
1227	4827	1
1229	1253	1
1229	1293	1
1229	1360	1
1229	1602	1
1229	1883	1
1229	2010	1
1229	2238	1
1229	2892	1
1229	2896	1
1229	3782	1
1229	4022	1
1229	4387	1
1229	4406	1
1229	4436	1
1229	4555	1
1229	4759	1
1229	4820	1
1229	5014	1
1239	3613	9
1239	3837	1
1239	4130	9
1240	1487	1
1240	1808	1
1240	2219	1
1240	2606	1
1240	2983	1
1240	3213	1
1240	3681	1
1240	3743	1
1240	3906	1
1240	3933	1
1240	4090	1
1240	4435	1
1240	4786	1
1244	1487	4
1244	2075	2
1244	2218	5
1244	2219	1
1244	3210	1
1244	3516	2
1244	3962	1
1244	4189	3
1245	1304	1
1245	1461	1
1245	1700	1
1245	2336	1
1245	2470	1
1245	2629	1
1245	2944	1
1245	3527	1
1245	3794	1
1245	4143	1
1245	4160	1
1245	4298	1
1245	4547	1
1250	1636	1
1250	1651	1
1250	2778	3
1250	4145	3
1253	1293	1
1253	1360	1
1253	1602	1
1253	1883	1
1253	2010	1
1253	2238	1
1253	2892	1
1253	2896	1
1253	3782	1
1253	4022	1
1253	4387	1
1253	4406	1
1253	4436	1
1253	4555	1
1253	4759	1
1253	4820	1
1253	5014	1
1254	1283	1
1254	1782	1
1254	2265	1
1254	2453	1
1254	2884	1
1254	2898	1
1254	2913	1
1254	3040	1
1254	4263	1
1254	4551	1
1254	4557	1
1254	4562	1
1254	4756	1
1267	1278	1
1267	1317	1
1267	1610	1
1267	1623	1
1267	2211	1
1267	2286	1
1267	2541	1
1267	2963	1
1267	4090	1
1267	4329	1
1267	4352	1
1267	4827	1
1272	1551	6
1272	2985	2
1272	3118	1
1272	3661	6
1272	4091	6
1272	4760	6
1274	1318	1
1274	1369	1
1274	1566	2
1274	1606	1
1274	1977	2
1274	2166	2
1274	2186	2
1274	2509	2
1274	2523	2
1274	3586	2
1274	3742	2
1274	4286	1
1276	1914	2
1276	1981	2
1276	2532	2
1276	2926	1
1276	2988	2
1276	3659	2
1276	3823	2
1276	3896	2
1276	4546	2
1276	4566	2
1277	1437	1
1277	1991	1
1277	2073	1
1277	2686	1
1277	2852	1
1277	2871	1
1277	3210	1
1277	3916	1
1277	3946	1
1277	4005	1
1277	4036	1
1277	4072	1
1277	4116	1
1277	4120	1
1277	4170	1
1277	4267	1
1277	4369	1
1277	4400	1
1277	4812	1
1277	4841	1
1278	1317	1
1278	1610	1
1278	1623	1
1278	2211	1
1278	2286	1
1278	2541	1
1278	2963	1
1278	4090	1
1278	4329	1
1278	4352	1
1278	4827	1
1280	1441	2
1280	1798	2
1280	1975	2
1280	2026	1
1280	2136	1
1280	2160	2
1280	2214	2
1280	2916	1
1280	2917	1
1280	3553	2
1280	3693	2
1280	3814	2
1280	3979	1
1280	4105	1
1280	4109	1
1280	4126	2
1280	4229	3
1280	4678	3
1282	1522	1
1282	1608	1
1282	1661	1
1282	2007	1
1282	2526	1
1282	2907	1
1282	3497	1
1282	3690	1
1282	3722	1
1282	3904	1
1282	4108	1
1282	4361	1
1282	4563	1
1282	4577	1
1283	1782	1
1283	2265	1
1283	2453	1
1283	2884	1
1283	2898	1
1283	2913	1
1283	3040	1
1283	4263	1
1283	4551	1
1283	4557	1
1283	4562	1
1283	4756	1
1284	1430	5
1284	1551	2
1284	1839	2
1284	2025	1
1284	2097	1
1284	2131	1
1284	2594	1
1284	2615	1
1284	2628	1
1284	3118	2
1284	3301	1
1284	3373	1
1284	3374	4
1284	3636	4
1284	3661	2
1284	3838	2
1284	4291	2
1284	4523	1
1284	4883	3
1284	4899	2
1290	1679	3
1290	2067	1
1290	4504	3
1293	1360	1
1293	1602	1
1293	1883	1
1293	2010	1
1293	2238	1
1293	2892	1
1293	2896	1
1293	3782	1
1293	4022	1
1293	4387	1
1293	4406	1
1293	4436	1
1293	4555	1
1293	4759	1
1293	4820	1
1293	5014	1
1299	3194	3
1299	4001	4
1299	4726	3
1300	1328	1
1300	1994	1
1300	2484	1
1300	3231	1
1300	3473	1
1300	3660	1
1300	3771	1
1300	3793	1
1300	3826	1
1300	4041	1
1300	4541	1
1300	4861	1
1304	1461	1
1304	1700	1
1304	2336	1
1304	2470	1
1304	2629	1
1304	2944	1
1304	3527	1
1304	3794	1
1304	4143	1
1304	4160	1
1304	4298	1
1304	4547	1
1310	1318	1
1310	1369	1
1310	1420	1
1310	1606	1
1310	2523	1
1310	2927	1
1310	3030	1
1310	3501	1
1310	5012	1
1317	1610	1
1317	1623	1
1317	2211	1
1317	2286	1
1317	2541	1
1317	2963	1
1317	4090	1
1317	4329	1
1317	4352	1
1317	4827	1
1318	1369	2
1318	1420	1
1318	1566	1
1318	1606	2
1318	1977	1
1318	2166	1
1318	2186	1
1318	2509	1
1318	2523	2
1318	2927	1
1318	3030	1
1318	3501	1
1318	3586	1
1318	3742	1
1318	4286	1
1318	5012	1
1328	1406	1
1328	1751	1
1328	1844	1
1328	1917	2
1328	1994	1
1328	2484	1
1328	2658	1
1328	2737	2
1328	3137	2
1328	3231	2
1328	3288	1
1328	3295	1
1328	3365	1
1328	3473	1
1328	3641	1
1328	3660	1
1328	3771	1
1328	3793	5
1328	3826	1
1328	4041	1
1328	4107	1
1328	4424	1
1328	4601	1
1328	4818	1
1328	4861	1
1346	1996	1
1346	2097	1
1346	2348	1
1346	2936	1
1346	3258	4
1348	4135	1
1348	4519	1
1360	1602	1
1360	1883	1
1360	2010	1
1360	2238	1
1360	2892	1
1360	2896	1
1360	3782	1
1360	4022	1
1360	4387	1
1360	4406	1
1360	4436	1
1360	4555	1
1360	4759	1
1360	4820	1
1360	5014	1
1362	2546	3
1362	3456	2
1362	3559	1
1362	4519	2
1366	1666	2
1366	1820	2
1366	1860	1
1366	1882	2
1366	1888	2
1366	2047	2
1366	2189	2
1366	2218	2
1366	2375	2
1366	2564	2
1366	2888	2
1366	2897	1
1366	3776	2
1366	3909	2
1366	4090	2
1366	4664	2
1366	4677	2
1366	4902	2
1366	4920	2
1369	1420	1
1369	1566	1
1369	1606	2
1369	1977	1
1369	2166	1
1369	2186	1
1369	2509	1
1369	2523	2
1369	2927	1
1369	3030	1
1369	3501	1
1369	3586	1
1369	3742	1
1369	4286	1
1369	5012	1
1377	1681	1
1377	1818	1
1377	1874	1
1377	1965	1
1377	1967	1
1377	2050	1
1377	2210	1
1377	2503	1
1377	2746	1
1377	3189	1
1377	3595	1
1377	3960	1
1377	4214	1
1377	4395	1
1377	4553	1
1377	4822	1
1377	4960	1
1377	5008	1
1378	1880	1
1378	2138	1
1378	2217	1
1378	2241	1
1378	2921	1
1378	3311	1
1378	3720	1
1378	3914	1
1378	4114	1
1378	5009	1
1380	2369	1
1380	2384	2
1380	3087	1
1380	3594	1
1390	1576	4
1390	3025	4
1395	2959	1
1395	4302	1
1396	1699	2
1396	3732	5
1396	4876	1
1401	2934	1
1401	4135	3
1406	1751	1
1406	1844	1
1406	1917	1
1406	2602	1
1406	2658	1
1406	3137	1
1406	3288	1
1406	3365	1
1406	3568	1
1406	3641	1
1406	3793	1
1406	4107	1
1406	4563	1
1406	4818	1
1420	1606	1
1420	2523	1
1420	2927	1
1420	3030	1
1420	3501	1
1420	5012	1
1421	1797	1
1421	1895	2
1421	2050	2
1421	2067	2
1421	2172	1
1421	2303	2
1421	2310	2
1421	2556	1
1421	2602	1
1421	2688	2
1421	2752	1
1421	2757	2
1421	3243	2
1421	4082	2
1421	4152	2
1421	4484	2
1421	4554	1
1421	4671	2
1427	1812	1
1427	1915	1
1427	1917	1
1427	2014	1
1427	2156	1
1427	2187	1
1427	2302	1
1427	2321	1
1427	2322	1
1427	2510	1
1427	2636	1
1427	2970	1
1427	3233	1
1427	4186	1
1427	4831	1
1430	3374	4
1430	3636	4
1437	1991	1
1437	2073	1
1437	2852	1
1437	3210	1
1437	3946	1
1437	4005	1
1437	4036	1
1437	4072	1
1437	4116	1
1437	4120	1
1437	4170	1
1437	4267	1
1437	4369	1
1437	4400	1
1437	4812	1
1437	4841	1
1441	1798	2
1441	1975	2
1441	2026	1
1441	2136	1
1441	2160	2
1441	2214	2
1441	2916	1
1441	2917	1
1441	3553	2
1441	3693	2
1441	3814	2
1441	3979	1
1441	4105	1
1441	4109	1
1441	4126	2
1441	4229	2
1441	4678	2
1455	2097	1
1455	3264	3
1455	3865	1
1455	4171	1
1460	4502	1
1461	1700	1
1461	2336	1
1461	2470	1
1461	2629	1
1461	2944	1
1461	3527	1
1461	3794	1
1461	4143	1
1461	4160	1
1461	4298	1
1461	4547	1
1475	3770	10
1485	1572	1
1485	2595	1
1485	2885	1
1485	3013	1
1485	3110	1
1485	3147	1
1485	3306	1
1485	3534	1
1485	3959	1
1485	4685	1
1485	4817	3
1487	1808	1
1487	2075	1
1487	2218	4
1487	2219	2
1487	2606	1
1487	2983	1
1487	3213	1
1487	3516	1
1487	3681	1
1487	3743	1
1487	3906	1
1487	3933	1
1487	3962	1
1487	4090	1
1487	4189	3
1487	4435	1
1487	4786	1
1497	3714	6
1502	1739	2
1502	1934	1
1502	4137	1
1502	4226	2
1522	1608	1
1522	1661	1
1522	1859	1
1522	1925	1
1522	2007	1
1522	2526	1
1522	2621	2
1522	2907	1
1522	3449	1
1522	3497	1
1522	3690	1
1522	3722	1
1522	3904	1
1522	4108	1
1522	4136	1
1522	4241	1
1522	4282	2
1522	4361	1
1522	4563	5
1522	4577	1
1522	4705	1
1522	4730	1
1541	3142	1
1551	2131	1
1551	2264	3
1551	2615	1
1551	2985	2
1551	2995	3
1551	3118	8
1551	3278	3
1551	3301	2
1551	3661	16
1551	4052	1
1551	4091	6
1551	4760	10
1551	4899	3
1559	2055	1
1559	3043	1
1559	3561	1
1559	3710	1
1559	3816	1
1559	4013	1
1559	4075	1
1559	4496	1
1559	4746	1
1559	4847	1
1566	1606	1
1566	1977	2
1566	2166	2
1566	2186	2
1566	2509	2
1566	2523	2
1566	3586	2
1566	3742	2
1566	4286	1
1572	2595	1
1572	2885	1
1572	3013	1
1572	3110	1
1572	3147	1
1572	3306	1
1572	3534	1
1572	3959	1
1572	4685	1
1572	4817	3
1576	2683	3
1576	3025	2
1576	3216	2
1576	3286	2
1576	3698	3
1576	3921	3
1576	4167	3
1576	4538	3
1581	1705	1
1581	1964	1
1581	2077	1
1581	2304	1
1581	2425	1
1581	2627	1
1581	2843	1
1581	2960	1
1581	3888	1
1581	3905	1
1581	4007	1
1581	4072	1
1581	4137	1
1581	4226	1
1581	4233	1
1581	4303	1
1581	4370	1
1581	4424	1
1581	4805	1
1586	2077	1
1586	2941	1
1586	3623	2
1586	4128	1
1590	4328	1
1602	1883	1
1602	2010	1
1602	2238	1
1602	2892	1
1602	2896	1
1602	3782	1
1602	4022	1
1602	4387	1
1602	4406	1
1602	4436	1
1602	4555	1
1602	4759	1
1602	4820	1
1602	5014	1
1605	1929	1
1605	2686	1
1605	2869	1
1605	2874	1
1605	4240	1
1605	4488	1
1605	4616	1
1605	4851	1
1606	1977	1
1606	2166	1
1606	2186	1
1606	2509	1
1606	2523	2
1606	2927	1
1606	3030	1
1606	3501	1
1606	3586	1
1606	3742	1
1606	4286	1
1606	5012	1
1608	1661	1
1608	2007	1
1608	2526	1
1608	2907	1
1608	3497	1
1608	3690	1
1608	3722	1
1608	3904	1
1608	4108	1
1608	4361	1
1608	4563	1
1608	4577	1
1610	1623	1
1610	2211	1
1610	2286	1
1610	2541	1
1610	2963	1
1610	4090	1
1610	4329	1
1610	4352	1
1610	4827	1
1613	1619	1
1613	1899	1
1613	2679	1
1613	2965	1
1613	3923	1
1613	3945	1
1613	3998	1
1613	4057	1
1613	4081	1
1613	4410	1
1613	4496	1
1613	4631	1
1613	5012	1
1619	1899	3
1619	2679	3
1619	2965	3
1619	3923	3
1619	3945	3
1619	3998	3
1619	4057	2
1619	4081	3
1619	4410	2
1619	4420	1
1619	4421	1
1619	4496	3
1619	4552	1
1619	4631	3
1619	5012	3
1623	2211	1
1623	2286	1
1623	2541	1
1623	2963	1
1623	4090	1
1623	4329	1
1623	4352	1
1623	4827	1
1636	1838	2
1636	3851	1
1636	4145	1
1636	4988	2
1636	5024	1
1639	1795	1
1639	2112	1
1639	2168	1
1639	2196	1
1639	2508	1
1639	2561	1
1639	2918	1
1639	3498	1
1639	3632	2
1639	4115	2
1639	4154	2
1640	1818	1
1640	1874	1
1640	1886	1
1640	1967	1
1640	2050	1
1640	2310	1
1640	2503	1
1640	2746	1
1640	3036	1
1640	3189	1
1640	3595	1
1640	3960	1
1640	4395	1
1640	4553	1
1640	4679	1
1640	4821	1
1640	4960	1
1640	5008	1
1647	2159	1
1647	2213	1
1647	2246	1
1647	2262	1
1647	2316	1
1647	2693	1
1647	2749	1
1647	2889	1
1647	2966	1
1647	3483	1
1647	3500	1
1647	3922	1
1647	4003	1
1647	4411	1
1647	4418	1
1647	4483	1
1647	4871	1
1647	4918	1
1647	5011	1
1647	5018	1
1651	1838	4
1651	3350	3
1651	3851	1
1651	3865	2
1661	2007	1
1661	2526	1
1661	2907	1
1661	3497	1
1661	3690	1
1661	3722	1
1661	3904	1
1661	4108	1
1661	4361	1
1661	4563	1
1661	4577	1
1663	1718	1
1663	2137	1
1663	2360	1
1663	2511	1
1663	2947	1
1663	3912	1
1663	4007	1
1663	4035	1
1663	4137	1
1663	4456	1
1663	4706	1
1663	4971	1
1666	1820	2
1666	1860	1
1666	1882	2
1666	1888	2
1666	2047	2
1666	2189	2
1666	2218	2
1666	2375	2
1666	2564	2
1666	2888	2
1666	2897	1
1666	3776	2
1666	3909	2
1666	4090	2
1666	4664	2
1666	4677	2
1666	4902	2
1666	4920	2
1679	2067	1
1679	4504	3
1681	1818	2
1681	1874	2
1681	1955	1
1681	1965	2
1681	1967	2
1681	2050	2
1681	2210	2
1681	2503	2
1681	2746	2
1681	2751	1
1681	3019	1
1681	3189	2
1681	3457	1
1681	3595	2
1681	3960	2
1681	4214	1
1681	4395	2
1681	4553	1
1681	4822	2
1681	4960	2
1681	5008	2
1690	1862	2
1690	2240	1
1690	2241	1
1690	2307	1
1690	2402	2
1690	2604	1
1690	2605	1
1690	2676	2
1690	2697	1
1690	3117	1
1690	3555	2
1690	3735	1
1690	4465	2
1690	4573	2
1690	4697	1
1690	4848	1
1690	4954	1
1699	3603	1
1700	2336	2
1700	2470	1
1700	2629	1
1700	2858	1
1700	2944	2
1700	3154	1
1700	3527	1
1700	3794	1
1700	4143	1
1700	4160	1
1700	4298	1
1700	4547	1
1705	1964	1
1705	2077	1
1705	2304	1
1705	2425	1
1705	2627	1
1705	2843	1
1705	2960	1
1705	3888	1
1705	3905	1
1705	4007	1
1705	4072	1
1705	4137	1
1705	4226	1
1705	4233	1
1705	4303	1
1705	4370	1
1705	4424	1
1705	4805	1
1718	2137	1
1718	2360	1
1718	2511	1
1718	2947	1
1718	3912	1
1718	4007	1
1718	4035	1
1718	4137	1
1718	4456	1
1718	4706	1
1718	4971	1
1737	1755	2
1737	2283	2
1737	3134	2
1737	3810	1
1737	4287	1
1737	4541	2
1739	1934	1
1739	4137	1
1739	4226	2
1751	1844	1
1751	1917	1
1751	2658	1
1751	3137	1
1751	3288	1
1751	3365	1
1751	3641	1
1751	3793	1
1751	4107	1
1751	4818	1
1755	2283	2
1755	3134	2
1755	3810	1
1755	4287	1
1755	4541	2
1768	1836	2
1768	2111	2
1768	2348	1
1768	3258	2
1768	4121	1
1768	4734	1
1782	2265	1
1782	2453	1
1782	2884	1
1782	2898	1
1782	2913	1
1782	3040	1
1782	4263	1
1782	4551	1
1782	4557	1
1782	4562	1
1782	4756	1
1789	1947	1
1789	2448	1
1789	3638	2
1795	2112	1
1795	2168	1
1795	2196	1
1795	2508	1
1795	2561	1
1795	2918	1
1795	3498	1
1795	3632	1
1795	4115	1
1795	4154	1
1797	1895	1
1797	2050	1
1797	2067	1
1797	2172	1
1797	2303	1
1797	2310	1
1797	2602	1
1797	2688	1
1797	2757	1
1797	3243	1
1797	4082	1
1797	4152	1
1797	4484	1
1797	4554	1
1797	4671	1
1798	1975	2
1798	2026	1
1798	2136	1
1798	2160	2
1798	2214	2
1798	2916	1
1798	2917	1
1798	3553	2
1798	3693	2
1798	3814	2
1798	3979	1
1798	4105	1
1798	4109	1
1798	4126	2
1798	4229	2
1798	4678	2
1808	2219	1
1808	2606	1
1808	2983	1
1808	3213	1
1808	3681	1
1808	3743	1
1808	3906	1
1808	3933	1
1808	4090	1
1808	4435	1
1808	4786	1
1812	1915	1
1812	1917	1
1812	2014	1
1812	2156	1
1812	2187	1
1812	2302	1
1812	2321	1
1812	2322	1
1812	2510	1
1812	2636	1
1812	2970	1
1812	3233	1
1812	4186	1
1812	4831	1
1814	1934	1
1814	2638	1
1814	4688	1
1814	4808	3
1818	1874	3
1818	1886	1
1818	1955	1
1818	1965	2
1818	1967	3
1818	2050	3
1818	2210	2
1818	2310	1
1818	2503	3
1818	2746	3
1818	2751	1
1818	3019	1
1818	3036	1
1818	3189	3
1818	3457	1
1818	3595	3
1818	3960	3
1818	4214	1
1818	4395	3
1818	4553	2
1818	4679	1
1818	4821	1
1818	4822	2
1818	4960	3
1818	5008	3
1820	1860	1
1820	1882	2
1820	1888	2
1820	2047	2
1820	2189	2
1820	2218	2
1820	2375	2
1820	2564	2
1820	2888	2
1820	2897	1
1820	3776	2
1820	3909	2
1820	4090	2
1820	4664	2
1820	4677	2
1820	4902	2
1820	4920	2
1836	2111	3
1836	2348	1
1836	3258	3
1836	4121	2
1836	4734	2
1838	1847	6
1838	3350	3
1838	3865	2
1838	4145	1
1838	4540	1
1839	3838	2
1839	4883	2
1844	1917	1
1844	2658	1
1844	3137	1
1844	3288	1
1844	3365	1
1844	3641	1
1844	3793	1
1844	4107	1
1844	4818	1
1850	3714	5
1850	4172	3
1851	2272	1
1851	2395	1
1851	2502	1
1851	2656	1
1851	2908	1
1851	3587	1
1851	3974	1
1851	4103	1
1851	4585	1
1854	2596	4
1854	3598	4
1854	3634	1
1859	2621	1
1859	4282	1
1859	4563	1
1859	4730	1
1860	1882	1
1860	1888	1
1860	2047	1
1860	2189	1
1860	2218	1
1860	2375	1
1860	2564	1
1860	2888	1
1860	2897	1
1860	3776	1
1860	3909	1
1860	4090	1
1860	4664	1
1860	4677	1
1860	4902	1
1860	4920	1
1862	2240	1
1862	2241	1
1862	2307	1
1862	2402	2
1862	2604	1
1862	2605	1
1862	2676	2
1862	2697	1
1862	3117	1
1862	3555	2
1862	3735	1
1862	4465	2
1862	4573	2
1862	4697	1
1862	4848	1
1862	4954	1
1870	3048	1
1870	3404	1
1870	4239	1
1874	1886	1
1874	1955	1
1874	1965	2
1874	1967	3
1874	2050	3
1874	2210	2
1874	2310	1
1874	2503	3
1874	2746	3
1874	2751	1
1874	3019	1
1874	3036	1
1874	3189	3
1874	3457	1
1874	3595	3
1874	3960	3
1874	4214	1
1874	4395	3
1874	4553	2
1874	4679	1
1874	4821	1
1874	4822	2
1874	4960	3
1874	5008	3
1880	2138	1
1880	2217	1
1880	2241	1
1880	2921	1
1880	3311	1
1880	3720	1
1880	3914	1
1880	4114	1
1880	5009	1
1882	1888	2
1882	2047	2
1882	2189	2
1882	2218	2
1882	2375	2
1882	2564	2
1882	2888	2
1882	2897	1
1882	3776	2
1882	3909	2
1882	4090	2
1882	4664	2
1882	4677	2
1882	4902	2
1882	4920	2
1883	2010	1
1883	2238	1
1883	2892	1
1883	2896	1
1883	3782	1
1883	4022	1
1883	4387	1
1883	4406	1
1883	4436	1
1883	4555	1
1883	4759	1
1883	4820	1
1883	5014	1
1884	1952	1
1884	2201	1
1884	2237	1
1884	2274	1
1884	2637	1
1884	2743	1
1884	2893	1
1884	3184	1
1884	3630	1
1884	3817	1
1884	4500	1
1884	4519	1
1884	4782	1
1884	4889	1
1885	4275	1
1886	1967	1
1886	2050	1
1886	2310	1
1886	2503	1
1886	2746	1
1886	3036	1
1886	3189	1
1886	3595	1
1886	3960	1
1886	4395	1
1886	4553	1
1886	4679	1
1886	4821	1
1886	4960	1
1886	5008	1
1888	2047	2
1888	2189	2
1888	2218	2
1888	2375	2
1888	2564	2
1888	2888	2
1888	2897	1
1888	3776	2
1888	3909	2
1888	4090	2
1888	4664	2
1888	4677	2
1888	4902	2
1888	4920	2
1889	2097	1
1889	4293	1
1895	2050	2
1895	2067	2
1895	2172	1
1895	2303	2
1895	2310	2
1895	2556	1
1895	2602	1
1895	2688	2
1895	2752	1
1895	2757	2
1895	3243	2
1895	4082	2
1895	4152	2
1895	4484	2
1895	4554	1
1895	4671	2
1899	2679	3
1899	2965	3
1899	3923	3
1899	3945	3
1899	3998	3
1899	4057	2
1899	4081	3
1899	4410	2
1899	4420	1
1899	4421	1
1899	4496	3
1899	4552	1
1899	4631	3
1899	5012	3
1911	2097	1
1911	3671	2
1911	4235	1
1914	1981	2
1914	2157	1
1914	2532	2
1914	2549	1
1914	2926	1
1914	2988	2
1914	3659	3
1914	3823	3
1914	3896	3
1914	4546	2
1914	4566	3
1914	4739	1
1915	1917	1
1915	2014	1
1915	2156	1
1915	2187	1
1915	2302	1
1915	2321	1
1915	2322	1
1915	2510	1
1915	2636	1
1915	2970	1
1915	3233	1
1915	4186	1
1915	4831	1
1917	2014	1
1917	2156	1
1917	2187	1
1917	2302	1
1917	2321	1
1917	2322	1
1917	2510	1
1917	2636	1
1917	2658	1
1917	2970	1
1917	3137	1
1917	3233	1
1917	3288	1
1917	3365	1
1917	3641	1
1917	3793	2
1917	4107	1
1917	4186	1
1917	4818	1
1917	4831	1
1925	2779	1
1925	2976	1
1925	3910	1
1925	4563	1
1929	2686	1
1929	2869	1
1929	2874	1
1929	4240	1
1929	4488	1
1929	4616	1
1929	4851	1
1934	4226	2
1947	2097	1
1947	4523	1
1952	2201	1
1952	2237	1
1952	2274	1
1952	2637	1
1952	2743	1
1952	2893	1
1952	3184	1
1952	3630	1
1952	3817	1
1952	4500	1
1952	4519	1
1952	4782	1
1952	4889	1
1955	1965	1
1955	1967	1
1955	2050	1
1955	2210	1
1955	2503	1
1955	2746	1
1955	2751	1
1955	3019	1
1955	3189	1
1955	3457	1
1955	3595	1
1955	3960	1
1955	4395	1
1955	4822	1
1955	4960	1
1955	5008	1
1962	2018	1
1962	2200	1
1962	3570	1
1962	3708	1
1962	4083	1
1962	4084	1
1962	4434	1
1962	4591	1
1962	4663	1
1962	4676	1
1962	4755	1
1962	4798	1
1964	2077	1
1964	2304	1
1964	2425	1
1964	2627	1
1964	2843	1
1964	2960	1
1964	3888	1
1964	3905	1
1964	4007	1
1964	4072	1
1964	4137	1
1964	4226	1
1964	4233	1
1964	4303	1
1964	4370	1
1964	4424	1
1964	4805	1
1965	1967	2
1965	2050	2
1965	2210	2
1965	2503	2
1965	2746	2
1965	2751	1
1965	3019	1
1965	3189	2
1965	3457	1
1965	3595	2
1965	3960	2
1965	4214	1
1965	4395	2
1965	4553	1
1965	4822	2
1965	4960	2
1965	5008	2
1967	2050	3
1967	2210	2
1967	2310	1
1967	2503	3
1967	2746	3
1967	2751	1
1967	3019	1
1967	3036	1
1967	3189	3
1967	3457	1
1967	3595	3
1967	3960	3
1967	4214	1
1967	4395	3
1967	4553	2
1967	4679	1
1967	4821	1
1967	4822	2
1967	4960	3
1967	5008	3
1975	2026	1
1975	2136	1
1975	2160	2
1975	2214	2
1975	2916	1
1975	2917	1
1975	3553	2
1975	3693	2
1975	3814	2
1975	3979	1
1975	4105	1
1975	4109	1
1975	4126	2
1975	4229	2
1975	4678	2
1977	2166	2
1977	2186	2
1977	2509	2
1977	2523	2
1977	3586	2
1977	3742	2
1977	4286	1
1980	4543	1
1980	4682	1
1981	2532	2
1981	2926	1
1981	2988	2
1981	3659	2
1981	3823	2
1981	3896	2
1981	4546	2
1981	4566	2
1991	2073	1
1991	2852	1
1991	3210	1
1991	3946	1
1991	4005	1
1991	4036	1
1991	4072	1
1991	4116	1
1991	4120	1
1991	4170	1
1991	4267	1
1991	4369	1
1991	4400	1
1991	4812	1
1991	4841	1
1994	2484	1
1994	3231	1
1994	3473	1
1994	3660	1
1994	3771	1
1994	3793	1
1994	3826	1
1994	4041	1
1994	4861	1
1996	2936	2
1996	3258	1
2007	2526	1
2007	2907	1
2007	3497	1
2007	3690	1
2007	3722	1
2007	3904	1
2007	4108	1
2007	4361	1
2007	4563	1
2007	4577	1
2010	2238	1
2010	2892	1
2010	2896	1
2010	3782	1
2010	4022	1
2010	4387	1
2010	4406	1
2010	4436	1
2010	4555	1
2010	4759	1
2010	4820	1
2010	5014	1
2014	2156	1
2014	2187	1
2014	2302	1
2014	2321	1
2014	2322	1
2014	2510	1
2014	2636	1
2014	2970	1
2014	3233	1
2014	4186	1
2014	4831	1
2018	2200	1
2018	3570	1
2018	3708	1
2018	4083	1
2018	4084	1
2018	4434	1
2018	4591	1
2018	4663	1
2018	4676	1
2018	4755	1
2018	4798	1
2025	2604	13
2025	3404	1
2025	4883	1
2026	2136	1
2026	2160	1
2026	2214	1
2026	2917	1
2026	3553	1
2026	3693	1
2026	3814	1
2026	3979	1
2026	4105	1
2026	4109	1
2026	4126	1
2026	4229	1
2026	4678	1
2033	2817	5
2033	2900	2
2033	3015	3
2033	3356	4
2033	3762	1
2033	3954	2
2033	4622	2
2047	2189	2
2047	2218	2
2047	2375	2
2047	2564	2
2047	2888	2
2047	2897	1
2047	3776	2
2047	3909	2
2047	4090	2
2047	4664	2
2047	4677	2
2047	4902	2
2047	4920	2
2049	3216	4
2049	3698	1
2050	2067	2
2050	2172	1
2050	2210	2
2050	2303	2
2050	2310	3
2050	2503	3
2050	2556	1
2050	2602	1
2050	2688	2
2050	2746	3
2050	2751	1
2050	2752	1
2050	2757	2
2050	3019	1
2050	3036	1
2050	3189	3
2050	3243	2
2050	3457	1
2050	3595	3
2050	3960	3
2050	4082	2
2050	4152	2
2050	4214	1
2050	4395	3
2050	4484	2
2050	4553	2
2050	4554	1
2050	4671	2
2050	4679	1
2050	4821	1
2050	4822	2
2050	4960	3
2050	5008	3
2055	3043	1
2055	3561	1
2055	3710	1
2055	3816	1
2055	4013	1
2055	4075	1
2055	4496	1
2055	4746	1
2055	4847	1
2067	2172	1
2067	2303	2
2067	2310	2
2067	2556	1
2067	2602	1
2067	2688	2
2067	2752	1
2067	2757	2
2067	3243	2
2067	4082	2
2067	4152	2
2067	4484	2
2067	4504	1
2067	4554	1
2067	4671	2
2070	2626	4
2070	3463	4
2073	2852	1
2073	3210	1
2073	3946	1
2073	4005	1
2073	4036	1
2073	4072	1
2073	4116	1
2073	4120	1
2073	4170	1
2073	4267	1
2073	4369	1
2073	4400	1
2073	4812	1
2073	4841	1
2075	2153	1
2075	2218	2
2075	2335	1
2075	3210	1
2075	3350	1
2075	3864	1
2075	3891	1
2075	3962	1
2075	4189	1
2075	4449	1
2077	2304	1
2077	2425	1
2077	2627	1
2077	2843	1
2077	2960	1
2077	3888	1
2077	3905	1
2077	4007	1
2077	4072	1
2077	4137	1
2077	4226	1
2077	4233	1
2077	4303	1
2077	4370	1
2077	4424	1
2077	4805	1
2091	4172	1
2091	4414	6
2097	2348	1
2097	3258	2
2097	3373	2
2097	3865	1
2097	4079	1
2097	4235	1
2097	4291	1
2097	4523	8
2097	4784	3
2097	4948	1
2111	2348	1
2111	3258	3
2111	4121	2
2111	4734	2
2112	2168	1
2112	2196	1
2112	2508	1
2112	2561	1
2112	2608	1
2112	2918	1
2112	2996	1
2112	3498	2
2112	3528	1
2112	3632	1
2112	3666	1
2112	4029	1
2112	4115	2
2112	4154	2
2131	2264	1
2131	2628	1
2131	3118	2
2131	3661	2
2131	4265	1
2131	4899	1
2136	2160	1
2136	2214	1
2136	2917	1
2136	3553	1
2136	3693	1
2136	3814	1
2136	3979	1
2136	4105	1
2136	4109	1
2136	4126	1
2136	4229	1
2136	4678	1
2137	2360	1
2137	2511	1
2137	2947	1
2137	3912	1
2137	4007	1
2137	4035	1
2137	4137	1
2137	4456	1
2137	4706	1
2137	4971	1
2138	2217	1
2138	2241	1
2138	2921	1
2138	3311	1
2138	3720	1
2138	3914	1
2138	4114	1
2138	5009	1
2153	3864	2
2153	3891	1
2153	4449	1
2156	2187	1
2156	2302	1
2156	2321	1
2156	2322	1
2156	2510	1
2156	2636	1
2156	2970	1
2156	3233	1
2156	4186	1
2156	4831	1
2157	2549	2
2157	3634	1
2157	4739	1
2159	2213	1
2159	2246	1
2159	2262	2
2159	2316	1
2159	2317	1
2159	2481	1
2159	2693	1
2159	2749	1
2159	2889	1
2159	2966	1
2159	3483	1
2159	3500	2
2159	3922	1
2159	4003	2
2159	4411	2
2159	4418	1
2159	4419	1
2159	4483	2
2159	4871	2
2159	4918	1
2159	5011	1
2159	5017	1
2159	5018	1
2160	2214	2
2160	2916	1
2160	2917	1
2160	3553	2
2160	3693	2
2160	3814	2
2160	3979	1
2160	4105	1
2160	4109	1
2160	4126	2
2160	4229	2
2160	4678	2
2166	2186	2
2166	2509	2
2166	2523	2
2166	3586	2
2166	3742	2
2166	4286	1
2168	2196	1
2168	2508	1
2168	2561	1
2168	2918	1
2168	3498	1
2168	3632	1
2168	4115	1
2168	4154	1
2172	2303	1
2172	2310	1
2172	2602	1
2172	2688	1
2172	2757	1
2172	3243	1
2172	4082	1
2172	4152	1
2172	4484	1
2172	4554	1
2172	4671	1
2186	2509	2
2186	2523	2
2186	3586	2
2186	3742	2
2186	4286	1
2187	2302	1
2187	2321	1
2187	2322	1
2187	2510	1
2187	2636	1
2187	2970	1
2187	3233	1
2187	4186	1
2187	4831	1
2189	2218	2
2189	2375	2
2189	2564	2
2189	2888	2
2189	2897	1
2189	3776	2
2189	3909	2
2189	4090	2
2189	4664	2
2189	4677	2
2189	4902	2
2189	4920	2
2196	2508	1
2196	2561	1
2196	2918	1
2196	3498	1
2196	3632	1
2196	4115	1
2196	4154	1
2200	3570	1
2200	3708	1
2200	4083	1
2200	4084	1
2200	4434	1
2200	4591	1
2200	4663	1
2200	4676	1
2200	4755	1
2200	4798	1
2201	2237	1
2201	2274	1
2201	2637	1
2201	2743	1
2201	2893	1
2201	3184	1
2201	3630	1
2201	3817	1
2201	4500	1
2201	4519	1
2201	4782	1
2201	4889	1
2210	2503	2
2210	2746	2
2210	2751	1
2210	3019	1
2210	3189	2
2210	3457	1
2210	3595	2
2210	3960	2
2210	4214	1
2210	4395	2
2210	4553	1
2210	4822	2
2210	4960	2
2210	5008	2
2211	2286	1
2211	2541	1
2211	2963	1
2211	4090	1
2211	4329	1
2211	4352	1
2211	4827	1
2213	2246	1
2213	2262	1
2213	2316	1
2213	2693	1
2213	2749	1
2213	2889	1
2213	2966	1
2213	3483	1
2213	3500	1
2213	3922	1
2213	4003	1
2213	4411	1
2213	4418	1
2213	4483	1
2213	4871	1
2213	4918	1
2213	5011	1
2213	5018	1
2214	2916	1
2214	2917	1
2214	3553	2
2214	3693	2
2214	3814	2
2214	3979	1
2214	4105	1
2214	4109	1
2214	4126	2
2214	4229	2
2214	4678	2
2217	2241	1
2217	2921	1
2217	3311	1
2217	3720	1
2217	3914	1
2217	4114	1
2217	5009	1
2218	2219	1
2218	2375	2
2218	2564	2
2218	2652	1
2218	2888	2
2218	2897	1
2218	3210	2
2218	3516	1
2218	3776	2
2218	3909	2
2218	3962	1
2218	4090	2
2218	4189	3
2218	4386	1
2218	4422	1
2218	4664	2
2218	4677	2
2218	4902	2
2218	4920	2
2218	5013	1
2219	2606	1
2219	2983	1
2219	3213	1
2219	3681	1
2219	3743	1
2219	3906	1
2219	3933	1
2219	4090	1
2219	4189	1
2219	4435	1
2219	4786	1
2232	2934	3
2232	3242	3
2232	3384	3
2232	4123	3
2232	5004	4
2237	2274	1
2237	2637	1
2237	2743	1
2237	2893	1
2237	3184	1
2237	3630	1
2237	3817	1
2237	4500	1
2237	4519	1
2237	4782	1
2237	4889	1
2238	2892	1
2238	2896	1
2238	3782	1
2238	4022	1
2238	4387	1
2238	4406	1
2238	4436	1
2238	4555	1
2238	4759	1
2238	4820	1
2238	5014	1
2240	2241	1
2240	2307	1
2240	2402	1
2240	2604	1
2240	2676	1
2240	2697	1
2240	3117	1
2240	3555	1
2240	4465	1
2240	4573	1
2240	4954	1
2241	2307	1
2241	2402	1
2241	2604	1
2241	2676	1
2241	2697	1
2241	2921	1
2241	3117	1
2241	3311	1
2241	3555	1
2241	3720	1
2241	3914	1
2241	4114	1
2241	4465	1
2241	4573	1
2241	4954	1
2241	5009	1
2246	2262	1
2246	2316	1
2246	2693	1
2246	2749	1
2246	2889	1
2246	2966	1
2246	3483	1
2246	3500	1
2246	3922	1
2246	4003	1
2246	4411	1
2246	4418	1
2246	4483	1
2246	4871	1
2246	4918	1
2246	5011	1
2246	5018	1
2262	2316	1
2262	2317	1
2262	2481	1
2262	2693	1
2262	2749	1
2262	2889	1
2262	2966	1
2262	3483	1
2262	3500	2
2262	3922	1
2262	4003	2
2262	4411	2
2262	4418	1
2262	4419	1
2262	4483	2
2262	4871	2
2262	4918	1
2262	5011	1
2262	5017	1
2262	5018	1
2264	3118	3
2264	3661	3
2264	4760	1
2265	2453	1
2265	2884	1
2265	2898	1
2265	2913	1
2265	3040	1
2265	4263	1
2265	4551	1
2265	4557	1
2265	4562	1
2265	4756	1
2272	2395	1
2272	2502	1
2272	2656	1
2272	2908	1
2272	3587	1
2272	3974	1
2272	4103	1
2272	4585	1
2274	2637	1
2274	2743	1
2274	2893	1
2274	3184	1
2274	3630	1
2274	3817	1
2274	4500	1
2274	4519	1
2274	4782	1
2274	4889	1
2282	3516	1
2282	3851	2
2282	4626	3
2283	3134	2
2283	3810	1
2283	4287	2
2283	4541	2
2286	2541	1
2286	2963	1
2286	4090	1
2286	4329	1
2286	4352	1
2286	4827	1
2293	2981	1
2293	4050	3
2299	3962	2
2299	4816	3
2302	2321	1
2302	2322	1
2302	2510	1
2302	2636	1
2302	2970	1
2302	3233	1
2302	4186	1
2302	4831	1
2303	2310	2
2303	2556	1
2303	2602	1
2303	2688	2
2303	2752	1
2303	2757	2
2303	3243	2
2303	4082	2
2303	4152	2
2303	4484	2
2303	4554	1
2303	4671	2
2304	2425	1
2304	2627	1
2304	2843	1
2304	2960	1
2304	3888	1
2304	3905	1
2304	4007	1
2304	4072	1
2304	4137	1
2304	4226	1
2304	4233	1
2304	4303	1
2304	4370	1
2304	4424	1
2304	4805	1
2307	2402	1
2307	2604	1
2307	2676	1
2307	2697	1
2307	3117	1
2307	3555	1
2307	4465	1
2307	4573	1
2307	4954	1
2310	2503	1
2310	2556	1
2310	2602	1
2310	2688	2
2310	2746	1
2310	2752	1
2310	2757	2
2310	3036	1
2310	3189	1
2310	3243	2
2310	3595	1
2310	3960	1
2310	4082	2
2310	4152	2
2310	4395	1
2310	4484	2
2310	4553	1
2310	4554	1
2310	4671	2
2310	4679	1
2310	4821	1
2310	4960	1
2310	5008	1
2316	2693	1
2316	2749	1
2316	2889	1
2316	2966	1
2316	3483	1
2316	3500	1
2316	3922	1
2316	4003	1
2316	4411	1
2316	4418	1
2316	4483	1
2316	4871	1
2316	4918	1
2316	5011	1
2316	5018	1
2317	2481	1
2317	3500	1
2317	4003	1
2317	4411	1
2317	4419	1
2317	4483	1
2317	4871	1
2317	5017	1
2321	2322	1
2321	2510	1
2321	2636	1
2321	2970	1
2321	3233	1
2321	4186	1
2321	4831	1
2322	2510	1
2322	2636	1
2322	2970	1
2322	3233	1
2322	4186	1
2322	4831	1
2335	3350	3
2335	5011	1
2336	2470	1
2336	2629	1
2336	2944	2
2336	3527	1
2336	3794	1
2336	4143	1
2336	4160	1
2336	4298	1
2336	4547	1
2348	3258	3
2360	2511	1
2360	2947	1
2360	3912	1
2360	4007	1
2360	4035	1
2360	4137	1
2360	4456	1
2360	4706	1
2360	4971	1
2369	3568	2
2375	2564	2
2375	2888	2
2375	2897	1
2375	3776	2
2375	3909	2
2375	4090	2
2375	4664	2
2375	4677	2
2375	4902	2
2375	4920	2
2395	2502	1
2395	2656	1
2395	2908	1
2395	3587	1
2395	3974	1
2395	4103	1
2395	4585	1
2402	2604	1
2402	2605	1
2402	2676	2
2402	2697	1
2402	3117	1
2402	3555	2
2402	3735	1
2402	4465	2
2402	4573	2
2402	4697	1
2402	4848	1
2402	4954	1
2425	2627	1
2425	2843	1
2425	2960	1
2425	3888	1
2425	3905	1
2425	4007	1
2425	4072	1
2425	4137	1
2425	4226	1
2425	4233	1
2425	4303	1
2425	4370	1
2425	4424	1
2425	4805	1
2432	3715	3
2432	4876	3
2446	2447	1
2446	2866	1
2446	3796	1
2446	4194	1
2446	4365	1
2446	4372	1
2446	4490	1
2446	4853	1
2446	4856	1
2446	4901	1
2447	2866	1
2447	3796	1
2447	4194	2
2447	4365	2
2447	4372	2
2447	4490	1
2447	4853	1
2447	4856	2
2447	4901	1
2448	2686	1
2448	2871	1
2448	3916	1
2449	2544	1
2449	3515	1
2449	3786	1
2449	4363	1
2449	4855	1
2449	4910	1
2453	2884	1
2453	2898	1
2453	2913	1
2453	3040	1
2453	4263	1
2453	4551	1
2453	4557	1
2453	4562	1
2453	4756	1
2470	2629	1
2470	2944	1
2470	3527	1
2470	3794	1
2470	4143	1
2470	4160	1
2470	4298	1
2470	4547	1
2481	3500	1
2481	4003	1
2481	4411	1
2481	4419	1
2481	4483	1
2481	4871	1
2481	5017	1
2482	3502	1
2482	3550	1
2482	3903	1
2482	3915	1
2482	4417	1
2482	4550	1
2482	4860	1
2484	3231	1
2484	3473	1
2484	3660	1
2484	3771	1
2484	3793	1
2484	3826	1
2484	4041	1
2484	4861	1
2502	2656	1
2502	2908	1
2502	3587	1
2502	3974	1
2502	4103	1
2502	4585	1
2503	2746	3
2503	2751	1
2503	3019	1
2503	3036	1
2503	3189	3
2503	3457	1
2503	3595	3
2503	3960	3
2503	4214	1
2503	4395	3
2503	4553	2
2503	4679	1
2503	4821	1
2503	4822	2
2503	4960	3
2503	5008	3
2508	2561	1
2508	2918	1
2508	3498	1
2508	3632	1
2508	4115	1
2508	4154	1
2509	2523	2
2509	3586	2
2509	3742	2
2509	4286	1
2510	2636	1
2510	2970	1
2510	3233	1
2510	4186	1
2510	4831	1
2511	2947	1
2511	3912	1
2511	4007	1
2511	4035	1
2511	4137	1
2511	4456	1
2511	4706	1
2511	4971	1
2523	2927	1
2523	3030	1
2523	3501	1
2523	3586	2
2523	3742	2
2523	4286	1
2523	5012	1
2526	2907	1
2526	3497	1
2526	3690	1
2526	3722	1
2526	3904	1
2526	4108	1
2526	4361	1
2526	4563	1
2526	4577	1
2532	2926	1
2532	2988	2
2532	3659	2
2532	3823	2
2532	3896	2
2532	4546	2
2532	4566	2
2541	2963	1
2541	4090	1
2541	4329	1
2541	4352	1
2541	4827	1
2544	3515	1
2544	3786	1
2544	4363	1
2544	4855	1
2544	4910	1
2546	3456	3
2546	3559	1
2546	4519	2
2549	3634	1
2549	4739	1
2550	3142	3
2550	4066	2
2556	2688	1
2556	2752	1
2556	2757	1
2556	3243	1
2556	4082	1
2556	4152	1
2556	4484	1
2556	4671	1
2561	2918	1
2561	3498	1
2561	3632	1
2561	4115	1
2561	4154	1
2564	2888	2
2564	2897	1
2564	3776	2
2564	3909	2
2564	4090	2
2564	4664	2
2564	4677	2
2564	4902	2
2564	4920	2
2576	2825	3
2576	3110	2
2576	3355	1
2576	3404	1
2594	3225	1
2594	3661	1
2595	2885	1
2595	3013	1
2595	3110	1
2595	3147	1
2595	3306	1
2595	3534	1
2595	3959	1
2595	4685	1
2595	4817	1
2596	3598	4
2602	2688	1
2602	2757	1
2602	3243	1
2602	3568	1
2602	4082	1
2602	4152	1
2602	4484	1
2602	4554	1
2602	4563	1
2602	4671	1
2604	2676	1
2604	2697	1
2604	3117	1
2604	3118	1
2604	3404	1
2604	3555	1
2604	3661	1
2604	4465	1
2604	4573	1
2604	4954	1
2605	2676	1
2605	3555	1
2605	3735	1
2605	4465	1
2605	4573	1
2605	4697	1
2605	4848	1
2606	2983	1
2606	3213	1
2606	3681	1
2606	3743	1
2606	3906	1
2606	3933	1
2606	4090	1
2606	4435	1
2606	4786	1
2608	2996	1
2608	3498	1
2608	3528	1
2608	3666	1
2608	4029	1
2608	4115	1
2608	4154	1
2615	3118	1
2615	3301	1
2615	3661	1
2615	3729	2
2615	4865	2
2615	4899	1
2621	3449	1
2621	4136	1
2621	4241	1
2621	4282	2
2621	4563	2
2621	4705	1
2621	4730	1
2626	3463	2
2627	2843	1
2627	2960	1
2627	3888	1
2627	3905	1
2627	4007	1
2627	4072	1
2627	4137	1
2627	4226	1
2627	4233	1
2627	4303	1
2627	4370	1
2627	4424	1
2627	4805	1
2628	3118	1
2628	3661	1
2628	3729	1
2628	4899	1
2629	2944	1
2629	3527	1
2629	3794	1
2629	4143	1
2629	4160	1
2629	4298	1
2629	4547	1
2636	2970	1
2636	3233	1
2636	4186	1
2636	4831	1
2637	2743	1
2637	2893	1
2637	3184	1
2637	3630	1
2637	3817	1
2637	4500	1
2637	4519	1
2637	4782	1
2637	4889	1
2638	3286	1
2638	3783	1
2638	4688	6
2638	4808	1
2652	4386	1
2652	4422	1
2652	5013	1
2656	2908	1
2656	3587	1
2656	3974	1
2656	4103	1
2656	4585	1
2658	3137	1
2658	3288	1
2658	3365	1
2658	3641	1
2658	3793	1
2658	4107	1
2658	4818	1
2676	2697	1
2676	3117	1
2676	3555	2
2676	3735	1
2676	4465	2
2676	4573	2
2676	4697	1
2676	4848	1
2676	4954	1
2679	2965	3
2679	3923	3
2679	3945	3
2679	3998	3
2679	4057	2
2679	4081	3
2679	4410	2
2679	4420	1
2679	4421	1
2679	4496	3
2679	4552	1
2679	4631	3
2679	5012	3
2683	4167	3
2686	2869	1
2686	2871	2
2686	2874	1
2686	3916	2
2686	4240	1
2686	4488	1
2686	4616	1
2686	4851	1
2688	2752	1
2688	2757	2
2688	3243	2
2688	4082	2
2688	4152	2
2688	4484	2
2688	4554	1
2688	4671	2
2689	3934	1
2689	4228	1
2689	4377	1
2689	4632	1
2693	2749	1
2693	2889	1
2693	2966	1
2693	3483	1
2693	3500	1
2693	3922	1
2693	4003	1
2693	4411	1
2693	4418	1
2693	4483	1
2693	4871	1
2693	4918	1
2693	5011	1
2693	5018	1
2697	3117	1
2697	3555	1
2697	4235	1
2697	4291	1
2697	4465	1
2697	4573	1
2697	4954	1
2723	3741	3
2723	4382	2
2737	3137	1
2737	3295	1
2737	4424	1
2737	4601	1
2743	2893	1
2743	3184	1
2743	3630	1
2743	3817	1
2743	4500	1
2743	4519	1
2743	4782	1
2743	4889	1
2746	2751	1
2746	3019	1
2746	3036	1
2746	3189	3
2746	3457	1
2746	3595	3
2746	3960	3
2746	4214	1
2746	4395	3
2746	4553	2
2746	4679	1
2746	4821	1
2746	4822	2
2746	4960	3
2746	5008	3
2749	2889	1
2749	2966	1
2749	3483	1
2749	3500	1
2749	3922	1
2749	4003	1
2749	4411	1
2749	4418	1
2749	4483	1
2749	4871	1
2749	4918	1
2749	5011	1
2749	5018	1
2751	3019	1
2751	3189	1
2751	3457	1
2751	3595	1
2751	3960	1
2751	4395	1
2751	4822	1
2751	4960	1
2751	5008	1
2752	2757	1
2752	3243	1
2752	4082	1
2752	4152	1
2752	4484	1
2752	4671	1
2757	3243	2
2757	4082	2
2757	4152	2
2757	4484	2
2757	4554	1
2757	4671	2
2760	2865	2
2760	4018	2
2760	4850	2
2760	4903	2
2778	4145	3
2779	2976	1
2779	3910	1
2817	3015	1
2817	3356	3
2825	3110	2
2825	3355	1
2825	3404	1
2828	3928	3
2828	4171	3
2843	2960	1
2843	3888	1
2843	3905	1
2843	4007	1
2843	4072	1
2843	4137	1
2843	4226	1
2843	4233	1
2843	4303	1
2843	4370	1
2843	4424	1
2843	4805	1
2852	2999	1
2852	3210	1
2852	3946	1
2852	4005	1
2852	4036	1
2852	4072	1
2852	4116	1
2852	4120	1
2852	4170	1
2852	4267	1
2852	4369	1
2852	4400	1
2852	4812	1
2852	4841	1
2858	3154	2
2865	4018	2
2865	4850	2
2865	4903	2
2866	3796	1
2866	4194	1
2866	4365	1
2866	4372	1
2866	4490	1
2866	4853	1
2866	4856	1
2866	4901	1
2869	2874	1
2869	4240	1
2869	4488	1
2869	4616	1
2869	4851	1
2871	3916	2
2874	4240	1
2874	4488	1
2874	4616	1
2874	4851	1
2884	2898	1
2884	2913	1
2884	3040	1
2884	4263	1
2884	4551	1
2884	4557	1
2884	4562	1
2884	4756	1
2885	3013	1
2885	3110	1
2885	3147	1
2885	3306	1
2885	3534	1
2885	3959	1
2885	4685	1
2885	4817	1
2888	2897	1
2888	3776	2
2888	3909	2
2888	4090	2
2888	4664	2
2888	4677	2
2888	4902	2
2888	4920	2
2889	2966	1
2889	3483	1
2889	3500	1
2889	3922	1
2889	4003	1
2889	4411	1
2889	4418	1
2889	4483	1
2889	4871	1
2889	4918	1
2889	5011	1
2889	5018	1
2892	2896	1
2892	3782	1
2892	4022	1
2892	4387	1
2892	4406	1
2892	4436	1
2892	4555	1
2892	4759	1
2892	4820	1
2892	5014	1
2893	3184	1
2893	3630	1
2893	3817	1
2893	4500	1
2893	4519	1
2893	4782	1
2893	4889	1
2896	3782	1
2896	4022	1
2896	4387	1
2896	4406	1
2896	4436	1
2896	4555	1
2896	4759	1
2896	4820	1
2896	5014	1
2897	3776	1
2897	3909	1
2897	4090	1
2897	4664	1
2897	4677	1
2897	4902	1
2897	4920	1
2898	2913	1
2898	3040	1
2898	4263	1
2898	4551	1
2898	4557	1
2898	4562	1
2898	4756	1
2900	3015	2
2900	4622	2
2907	3497	1
2907	3690	1
2907	3722	1
2907	3904	1
2907	4108	1
2907	4361	1
2907	4563	1
2907	4577	1
2908	3587	1
2908	3974	1
2908	4103	1
2908	4585	1
2913	3040	1
2913	4263	1
2913	4551	1
2913	4557	1
2913	4562	1
2913	4756	1
2916	3553	1
2916	3693	1
2916	3814	1
2916	4126	1
2916	4229	1
2916	4678	1
2917	3553	1
2917	3693	1
2917	3814	1
2917	3979	1
2917	4105	1
2917	4109	1
2917	4126	1
2917	4229	1
2917	4678	1
2918	3498	1
2918	3632	1
2918	4115	1
2918	4154	1
2921	3311	1
2921	3720	1
2921	3914	1
2921	4114	1
2921	5009	1
2926	2988	1
2926	3659	1
2926	3823	1
2926	3896	1
2926	4546	1
2926	4566	1
2927	3030	1
2927	3501	1
2927	5012	1
2934	3242	3
2934	3384	3
2934	4123	3
2934	4135	1
2936	3258	2
2936	4884	1
2941	3623	6
2944	3527	1
2944	3794	1
2944	4143	1
2944	4160	1
2944	4298	1
2944	4547	1
2947	3912	1
2947	4007	1
2947	4035	1
2947	4137	1
2947	4456	1
2947	4706	1
2947	4971	1
2959	3713	2
2960	3888	1
2960	3905	1
2960	4007	1
2960	4072	1
2960	4137	1
2960	4226	1
2960	4233	1
2960	4303	1
2960	4370	1
2960	4424	1
2960	4805	1
2961	4475	1
2963	4090	1
2963	4329	1
2963	4352	1
2963	4827	1
2965	3923	3
2965	3945	3
2965	3998	3
2965	4057	2
2965	4081	3
2965	4410	2
2965	4420	1
2965	4421	1
2965	4496	3
2965	4552	1
2965	4631	3
2965	5012	3
2966	3483	1
2966	3500	1
2966	3922	1
2966	4003	1
2966	4411	1
2966	4418	1
2966	4483	1
2966	4871	1
2966	4918	1
2966	5011	1
2966	5018	1
2970	3233	1
2970	4186	1
2970	4831	1
2976	3910	1
2979	4812	1
2981	4050	1
2983	3213	1
2983	3681	1
2983	3743	1
2983	3906	1
2983	3933	1
2983	4090	1
2983	4435	1
2983	4786	1
2985	3661	2
2985	4091	2
2985	4760	2
2988	3659	2
2988	3823	2
2988	3896	2
2988	4546	2
2988	4566	2
2993	3334	1
2993	4759	1
2995	3278	3
2995	3661	2
2995	4052	1
2995	4899	1
2996	3498	1
2996	3528	1
2996	3666	1
2996	4029	1
2996	4115	1
2996	4154	1
3013	3110	1
3013	3147	1
3013	3306	1
3013	3534	1
3013	3959	1
3013	4685	1
3013	4817	1
3015	4622	2
3019	3189	1
3019	3457	1
3019	3595	1
3019	3960	1
3019	4395	1
3019	4822	1
3019	4960	1
3019	5008	1
3030	3501	1
3030	5012	1
3032	3208	4
3032	4502	1
3036	3189	1
3036	3595	1
3036	3960	1
3036	4395	1
3036	4553	1
3036	4679	1
3036	4821	1
3036	4960	1
3036	5008	1
3040	4263	1
3040	4551	1
3040	4557	1
3040	4562	1
3040	4756	1
3043	3561	1
3043	3710	1
3043	3816	1
3043	4013	1
3043	4075	1
3043	4496	1
3043	4746	1
3043	4847	1
3048	3404	2
3048	4239	2
3048	4543	2
3048	4682	2
3061	4773	13
3084	3860	1
3084	4003	1
3084	4907	4
3087	3594	2
3110	3147	1
3110	3306	1
3110	3355	2
3110	3404	1
3110	3534	1
3110	3959	1
3110	4685	1
3110	4817	2
3117	3555	1
3117	4465	1
3117	4573	1
3117	4954	1
3118	3301	2
3118	3661	12
3118	4052	1
3118	4091	1
3118	4760	5
3118	4899	2
3134	3810	1
3134	4287	1
3134	4541	2
3137	3288	1
3137	3365	1
3137	3641	1
3137	3793	1
3137	4107	1
3137	4818	1
3146	4019	5
3147	3306	1
3147	3534	1
3147	3959	1
3147	4685	1
3147	4817	1
3154	4007	1
3154	4766	1
3184	3630	1
3184	3817	1
3184	4500	1
3184	4519	1
3184	4782	1
3184	4889	1
3189	3457	1
3189	3595	3
3189	3960	3
3189	4214	1
3189	4395	3
3189	4553	2
3189	4679	1
3189	4821	1
3189	4822	2
3189	4960	3
3189	5008	3
3194	4001	4
3194	4726	3
3210	3946	1
3210	4005	1
3210	4036	1
3210	4072	1
3210	4116	1
3210	4120	1
3210	4170	1
3210	4267	1
3210	4369	1
3210	4400	1
3210	4766	1
3210	4812	1
3210	4841	1
3213	3681	1
3213	3743	1
3213	3906	1
3213	3933	1
3213	4090	1
3213	4435	1
3213	4786	1
3216	3698	1
3216	3714	1
3231	3473	1
3231	3660	1
3231	3771	1
3231	3793	2
3231	3826	1
3231	4041	1
3231	4861	1
3233	4186	1
3233	4831	1
3242	3384	3
3242	4123	3
3243	4082	2
3243	4152	2
3243	4484	2
3243	4554	1
3243	4671	2
3258	4121	2
3258	4523	1
3258	4734	2
3258	4884	1
3258	4948	1
3266	3516	1
3266	3911	1
3278	3661	2
3278	4052	1
3278	4899	1
3286	4538	2
3288	3365	1
3288	3641	1
3288	3793	1
3288	4107	1
3288	4818	1
3295	4424	1
3295	4601	1
3301	3661	2
3301	4760	1
3301	4899	1
3301	4948	1
3305	4773	1
3306	3534	1
3306	3959	1
3306	4685	1
3306	4817	1
3311	3720	1
3311	3914	1
3311	4114	1
3311	5009	1
3346	4442	4
3346	4482	3
3350	3865	2
3350	5011	1
3351	5034	9
3355	4817	1
3365	3641	1
3365	3793	1
3365	4107	1
3365	4818	1
3373	4291	1
3373	4523	1
3374	3636	4
3384	4123	3
3404	4239	3
3404	4543	1
3404	4682	1
3433	4171	1
3433	4239	1
3433	4988	3
3439	4144	2
3439	4276	3
3449	4136	1
3449	4241	1
3449	4282	1
3449	4563	1
3449	4705	1
3449	4730	1
3456	3559	2
3456	4519	1
3457	3595	1
3457	3960	1
3457	4395	1
3457	4822	1
3457	4960	1
3457	5008	1
3473	3660	1
3473	3771	1
3473	3793	1
3473	3826	1
3473	4041	1
3473	4861	1
3473	4968	2
3483	3500	1
3483	3922	1
3483	4003	1
3483	4411	1
3483	4418	1
3483	4483	1
3483	4871	1
3483	4918	1
3483	5011	1
3483	5018	1
3497	3690	1
3497	3722	1
3497	3904	1
3497	4108	1
3497	4361	1
3497	4563	1
3497	4577	1
3498	3528	1
3498	3632	1
3498	3666	1
3498	4029	1
3498	4115	2
3498	4154	2
3500	3922	1
3500	4003	2
3500	4411	2
3500	4418	1
3500	4419	1
3500	4483	2
3500	4871	2
3500	4918	1
3500	5011	1
3500	5017	1
3500	5018	1
3501	5012	1
3502	3550	1
3502	3903	1
3502	3915	1
3502	4417	1
3502	4550	1
3502	4860	1
3515	3786	1
3515	4363	1
3515	4855	1
3515	4910	1
3527	3794	1
3527	4143	1
3527	4160	1
3527	4298	1
3527	4547	1
3528	3666	1
3528	4029	1
3528	4115	1
3528	4154	1
3534	3959	1
3534	4685	1
3534	4817	1
3550	3903	1
3550	3915	1
3550	4417	1
3550	4550	1
3550	4860	1
3553	3693	2
3553	3814	2
3553	3979	1
3553	4105	1
3553	4109	1
3553	4126	2
3553	4229	2
3553	4678	2
3555	3735	1
3555	4465	2
3555	4573	2
3555	4697	1
3555	4848	1
3555	4954	1
3561	3710	1
3561	3816	1
3561	4013	1
3561	4075	1
3561	4496	1
3561	4746	1
3561	4847	1
3568	4563	1
3570	3708	1
3570	4083	1
3570	4084	1
3570	4434	1
3570	4591	1
3570	4663	1
3570	4676	1
3570	4755	1
3570	4798	1
3583	3593	2
3583	4031	2
3583	4749	2
3586	3742	2
3586	4286	1
3587	3974	1
3587	4103	1
3587	4585	1
3593	4031	2
3593	4749	2
3595	3960	3
3595	4214	1
3595	4395	3
3595	4553	2
3595	4679	1
3595	4821	1
3595	4822	2
3595	4960	3
3595	5008	3
3603	4948	1
3613	3837	2
3613	4130	8
3623	3783	3
3623	4002	4
3623	4128	3
3623	4529	2
3630	3817	1
3630	4500	1
3630	4519	1
3630	4782	1
3630	4889	1
3632	4115	2
3632	4154	2
3641	3793	1
3641	4107	1
3641	4818	1
3659	3823	3
3659	3896	3
3659	4546	2
3659	4566	3
3660	3771	1
3660	3793	1
3660	3826	1
3660	4041	1
3660	4861	1
3661	4052	3
3661	4091	6
3661	4760	12
3661	4899	4
3666	4029	1
3666	4115	1
3666	4154	1
3671	4235	1
3681	3743	1
3681	3906	1
3681	3933	1
3681	4090	1
3681	4435	1
3681	4786	1
3690	3722	1
3690	3904	1
3690	4108	1
3690	4361	1
3690	4563	1
3690	4577	1
3693	3814	2
3693	3979	1
3693	4105	1
3693	4109	1
3693	4126	2
3693	4229	2
3693	4678	2
3708	4083	1
3708	4084	1
3708	4434	1
3708	4591	1
3708	4663	1
3708	4676	1
3708	4755	1
3708	4798	1
3710	3816	1
3710	3860	1
3710	4013	1
3710	4075	1
3710	4185	1
3710	4496	1
3710	4746	1
3710	4847	1
3714	3837	1
3714	4172	3
3714	4934	6
3715	4876	3
3720	3914	1
3720	4114	1
3720	5009	1
3722	3904	1
3722	4108	1
3722	4361	1
3722	4563	1
3722	4577	1
3735	4465	1
3735	4573	1
3735	4697	1
3735	4848	1
3741	4382	3
3742	4286	1
3743	3906	1
3743	3933	1
3743	4090	1
3743	4435	1
3743	4786	1
3762	3954	1
3771	3793	1
3771	3826	1
3771	4041	1
3771	4861	1
3776	3909	2
3776	4090	2
3776	4664	2
3776	4677	2
3776	4902	2
3776	4920	2
3782	4022	1
3782	4387	1
3782	4406	1
3782	4436	1
3782	4555	1
3782	4759	1
3782	4820	1
3782	5014	1
3783	4002	6
3783	4056	4
3783	4688	1
3786	4363	1
3786	4855	1
3786	4910	1
3793	3826	1
3793	4041	1
3793	4107	1
3793	4818	1
3793	4861	1
3794	4143	1
3794	4160	1
3794	4298	1
3794	4547	1
3796	4194	1
3796	4365	1
3796	4372	1
3796	4490	1
3796	4853	1
3796	4856	1
3796	4901	1
3810	4541	1
3814	3979	1
3814	4105	1
3814	4109	1
3814	4126	2
3814	4229	2
3814	4678	2
3816	4013	1
3816	4075	1
3816	4496	1
3816	4746	1
3816	4847	1
3817	4500	1
3817	4519	1
3817	4782	1
3817	4889	1
3823	3896	3
3823	4546	2
3823	4566	3
3826	4041	1
3826	4861	1
3837	4130	1
3837	4541	1
3838	4883	3
3851	4145	3
3851	4988	1
3860	4003	1
3860	4293	1
3860	4907	1
3864	3891	2
3864	4449	2
3888	3905	1
3888	4007	1
3888	4072	1
3888	4137	1
3888	4226	1
3888	4233	1
3888	4303	1
3888	4370	1
3888	4424	1
3888	4805	1
3891	4449	3
3896	4546	2
3896	4566	3
3903	3915	2
3903	4417	2
3903	4550	1
3903	4860	2
3904	4108	1
3904	4361	1
3904	4563	1
3904	4577	1
3905	4007	1
3905	4072	1
3905	4137	1
3905	4226	1
3905	4233	1
3905	4303	1
3905	4370	1
3905	4424	1
3905	4805	1
3906	3933	1
3906	4090	1
3906	4435	1
3906	4786	1
3909	4090	2
3909	4664	2
3909	4677	2
3909	4902	2
3909	4920	2
3911	4960	1
3912	4007	1
3912	4035	1
3912	4137	1
3912	4456	1
3912	4706	1
3912	4971	1
3914	4114	1
3914	5009	1
3915	4417	2
3915	4550	1
3915	4860	2
3917	4691	1
3922	4003	1
3922	4411	1
3922	4418	1
3922	4483	1
3922	4871	1
3922	4918	1
3922	5011	1
3922	5018	1
3923	3945	3
3923	3998	3
3923	4057	2
3923	4081	3
3923	4410	2
3923	4420	1
3923	4421	1
3923	4496	3
3923	4552	1
3923	4631	3
3923	5012	3
3928	4171	3
3933	4090	1
3933	4435	1
3933	4786	1
3934	4228	1
3934	4377	1
3934	4632	1
3945	3998	3
3945	4057	2
3945	4081	3
3945	4410	2
3945	4420	1
3945	4421	1
3945	4496	3
3945	4552	1
3945	4631	3
3945	5012	3
3946	4005	1
3946	4036	1
3946	4072	1
3946	4116	1
3946	4120	1
3946	4170	1
3946	4267	1
3946	4369	1
3946	4400	1
3946	4812	1
3946	4841	1
3959	4685	1
3959	4817	1
3960	4214	1
3960	4395	3
3960	4553	2
3960	4679	1
3960	4821	1
3960	4822	2
3960	4960	3
3960	5008	3
3962	4189	1
3962	4816	2
3974	4103	1
3974	4585	1
3979	4105	1
3979	4109	1
3979	4126	1
3979	4229	1
3979	4678	1
3998	4057	2
3998	4081	3
3998	4410	2
3998	4420	1
3998	4421	1
3998	4496	3
3998	4552	1
3998	4631	3
3998	5012	3
4001	4726	3
4002	4056	4
4002	4128	2
4002	4529	1
4003	4185	1
4003	4411	2
4003	4418	1
4003	4419	1
4003	4483	2
4003	4871	2
4003	4907	1
4003	4918	1
4003	5011	1
4003	5017	1
4003	5018	1
4005	4036	1
4005	4072	1
4005	4116	1
4005	4120	1
4005	4170	1
4005	4267	1
4005	4369	1
4005	4400	1
4005	4812	1
4005	4841	1
4007	4035	1
4007	4072	1
4007	4137	2
4007	4226	1
4007	4233	1
4007	4303	1
4007	4370	1
4007	4424	1
4007	4456	1
4007	4706	1
4007	4766	1
4007	4805	1
4007	4971	1
4013	4075	1
4013	4496	1
4013	4746	1
4013	4847	1
4018	4850	2
4018	4903	2
4022	4387	1
4022	4406	1
4022	4436	1
4022	4555	1
4022	4759	1
4022	4820	1
4022	5014	1
4029	4115	1
4029	4154	1
4031	4749	2
4035	4137	1
4035	4456	1
4035	4706	1
4035	4971	1
4036	4072	1
4036	4116	1
4036	4120	1
4036	4170	1
4036	4267	1
4036	4369	1
4036	4400	1
4036	4812	1
4036	4841	1
4041	4861	1
4055	4773	1
4057	4081	2
4057	4410	2
4057	4421	1
4057	4496	2
4057	4552	1
4057	4631	2
4057	5012	2
4072	4116	1
4072	4120	1
4072	4137	1
4072	4170	1
4072	4226	1
4072	4233	1
4072	4267	1
4072	4303	1
4072	4369	3
4072	4370	1
4072	4400	1
4072	4424	1
4072	4805	1
4072	4812	1
4072	4841	1
4075	4496	1
4075	4746	1
4075	4847	1
4079	4502	1
4079	4523	1
4079	4784	1
4079	4988	1
4081	4410	2
4081	4420	1
4081	4421	1
4081	4496	3
4081	4552	1
4081	4631	3
4081	5012	3
4082	4152	2
4082	4484	2
4082	4554	1
4082	4671	2
4083	4084	1
4083	4434	1
4083	4591	1
4083	4663	1
4083	4676	1
4083	4755	1
4083	4798	1
4084	4434	1
4084	4591	1
4084	4663	1
4084	4676	1
4084	4755	1
4084	4798	1
4090	4329	1
4090	4352	1
4090	4435	1
4090	4664	2
4090	4677	2
4090	4786	1
4090	4827	1
4090	4902	2
4090	4920	2
4091	4760	6
4103	4585	1
4105	4109	1
4105	4126	1
4105	4229	1
4105	4678	1
4107	4818	1
4108	4361	1
4108	4563	1
4108	4577	1
4109	4126	1
4109	4229	1
4109	4678	1
4114	5009	1
4115	4154	3
4116	4120	1
4116	4170	1
4116	4267	1
4116	4369	1
4116	4400	1
4116	4812	1
4116	4841	1
4120	4170	1
4120	4267	1
4120	4369	1
4120	4400	1
4120	4812	1
4120	4841	1
4121	4734	2
4126	4229	2
4126	4678	2
4136	4241	1
4136	4282	1
4136	4563	1
4136	4705	1
4136	4730	1
4137	4226	3
4137	4233	1
4137	4303	1
4137	4370	1
4137	4424	1
4137	4456	1
4137	4706	1
4137	4805	1
4137	4971	1
4143	4160	1
4143	4298	1
4143	4547	1
4144	4147	3
4147	4502	1
4152	4484	2
4152	4554	1
4152	4671	2
4160	4298	1
4160	4547	1
4170	4267	1
4170	4369	1
4170	4400	1
4170	4812	1
4170	4841	1
4171	4239	5
4172	4688	1
4172	4703	2
4172	4865	1
4186	4831	1
4194	4365	3
4194	4372	4
4194	4490	2
4194	4853	2
4194	4856	4
4194	4901	1
4214	4395	1
4214	4553	1
4214	4822	1
4214	4960	1
4214	5008	1
4226	4233	1
4226	4303	1
4226	4370	1
4226	4424	1
4226	4805	1
4228	4377	1
4228	4632	1
4229	4678	3
4233	4303	1
4233	4370	1
4233	4424	1
4233	4805	1
4235	4523	1
4235	4784	1
4239	4543	2
4239	4682	3
4240	4488	1
4240	4616	1
4240	4851	1
4241	4282	1
4241	4563	1
4241	4705	1
4241	4730	1
4244	4876	2
4263	4551	1
4263	4557	1
4263	4562	1
4263	4756	1
4267	4369	1
4267	4400	1
4267	4812	1
4267	4841	1
4275	4817	1
4282	4563	2
4282	4705	1
4282	4730	1
4287	4541	1
4291	4523	1
4298	4547	1
4302	4691	1
4303	4370	1
4303	4424	1
4303	4805	1
4328	4993	2
4329	4352	1
4329	4827	1
4352	4827	1
4361	4563	1
4361	4577	1
4363	4855	1
4363	4910	1
4365	4372	3
4365	4490	2
4365	4853	2
4365	4856	3
4365	4901	1
4369	4400	1
4369	4812	1
4369	4841	1
4370	4424	1
4370	4805	1
4372	4490	2
4372	4853	2
4372	4856	4
4372	4901	1
4377	4632	1
4386	4422	1
4386	5013	1
4387	4406	1
4387	4436	1
4387	4555	1
4387	4759	1
4387	4820	1
4387	5014	1
4395	4553	2
4395	4679	1
4395	4821	1
4395	4822	2
4395	4960	3
4395	5008	3
4400	4812	1
4400	4841	1
4406	4436	1
4406	4555	1
4406	4759	1
4406	4820	1
4406	5014	1
4410	4421	1
4410	4496	2
4410	4552	1
4410	4631	2
4410	5012	2
4411	4418	1
4411	4419	1
4411	4483	2
4411	4871	2
4411	4918	1
4411	5011	1
4411	5017	1
4411	5018	1
4417	4550	1
4417	4860	2
4418	4483	1
4418	4871	1
4418	4918	1
4418	5011	1
4418	5018	1
4419	4483	1
4419	4871	1
4419	5017	1
4420	4496	1
4420	4631	1
4420	5012	1
4421	4496	1
4421	4552	1
4421	4631	1
4421	5012	1
4422	5013	1
4424	4601	1
4424	4805	1
4434	4591	1
4434	4663	1
4434	4676	1
4434	4755	1
4434	4798	1
4435	4786	1
4436	4555	1
4436	4759	1
4436	4820	1
4436	5014	1
4456	4706	1
4456	4971	1
4465	4573	2
4465	4697	1
4465	4848	1
4465	4954	1
4483	4871	2
4483	4918	1
4483	5011	1
4483	5017	1
4483	5018	1
4484	4554	1
4484	4671	2
4488	4616	1
4488	4851	1
4490	4853	2
4490	4856	2
4490	4901	1
4496	4552	1
4496	4631	3
4496	4746	1
4496	4847	1
4496	5012	3
4500	4519	1
4500	4782	1
4500	4889	1
4502	4988	1
4519	4782	1
4519	4889	1
4523	4784	3
4523	4948	1
4543	4682	5
4546	4566	2
4550	4860	1
4551	4557	1
4551	4562	1
4551	4756	1
4552	4631	1
4552	5012	1
4553	4679	1
4553	4821	1
4553	4822	1
4553	4960	2
4553	5008	2
4554	4671	1
4555	4759	1
4555	4820	1
4555	5014	1
4557	4562	1
4557	4756	1
4562	4756	1
4563	4577	1
4563	4705	1
4563	4730	1
4563	4739	1
4573	4697	1
4573	4848	1
4573	4954	1
4591	4663	1
4591	4676	1
4591	4755	1
4591	4798	1
4616	4851	1
4631	5012	3
4663	4676	1
4663	4755	1
4663	4798	1
4664	4677	2
4664	4902	2
4664	4920	2
4676	4755	1
4676	4798	1
4677	4902	2
4677	4920	2
4679	4821	1
4679	4960	1
4679	5008	1
4685	4817	1
4688	4808	2
4688	4865	1
4697	4848	1
4705	4730	1
4706	4971	1
4746	4847	1
4755	4798	1
4759	4820	1
4759	5014	1
4782	4889	1
4812	4841	1
4820	5014	1
4821	4960	1
4821	5008	1
4822	4960	2
4822	5008	2
4850	4903	2
4853	4856	2
4853	4901	1
4855	4910	1
4856	4901	1
4871	4918	1
4871	5011	1
4871	5017	1
4871	5018	1
4902	4920	2
4918	5011	1
4918	5018	1
4960	5008	3
5011	5018	1
