id	label	x	y	cluster	weight<Links>	weight<Total link strength>	weight<Documents>	weight<Citations>	weight<Norm. citations>	score<Avg. pub. year>	score<Avg. citations>	score<Avg. norm. citations>
3	abd razak s.b.	0.9146	-0.3574	12	18	18	1	1	1.3554	2019	1	1.3554
6	abdul ghani a.n.	0.9581	-0.3312	12	18	18	1	1	1.3554	2019	1	1.3554
7	abdul khalil h.p.s.	-0.6565	-0.7158	26	9	9	1	0	0	2019	0	0
9	abdullah a.	0.3903	-0.0498	3	9	13	7	4	5.4216	2019	0.5714	0.7745
13	abdurrahman m.i.	0.4602	-0.4522	15	9	9	1	4	5.4216	2019	4	5.4216
16	abidin z.	-0.0782	-0.2411	6	9	13	7	2	2.3554	2019.1429	0.2857	0.3365
20	abrar m.	-0.8105	-0.1234	2	1	1	2	0	0	2019	0	0
27	achmadi s.s.	0.3053	0.5867	7	4	8	3	0	0	2019	0	0
43	adiyana k.	0.2856	0.1459	11	4	8	3	0	0	2019	0	0
44	adji r.s.	0.6481	0.4059	7	3	5	2	1	1.3554	2019	0.5	0.6777
45	adlan q.	-0.8275	0.2606	9	4	8	2	2	2.7108	2019	1	1.3554
48	adnan i.	1.0465	-0.3935	12	31	36	2	9	12.1986	2019	4.5	6.0993
52	adrianto l.	-0.237	-0.152	2	10	11	10	15	20.3311	2019	1.5	2.0331
59	affandi r.	0.0435	0.0757	11	11	11	4	3	4.0662	2019	0.75	1.0166
70	agungpriyono s.	0.6021	0.2711	7	5	6	3	5	6.777	2019	1.6667	2.259
88	ahmad u.	-0.0383	-0.5812	10	1	1	4	0	0	2019	0	0
90	ahongshangbam j.	-0.3079	0.5605	5	20	22	2	7	9.4878	2019	3.5	4.7439
91	ahsania d.a.	-0.2947	0.7689	34	11	11	1	0	0	2019	0	0
92	aidi m.n.	0.0853	-0.2379	22	3	5	5	2	2.7108	2019	0.4	0.5422
94	ainuddin n.a.	0.9608	-0.5359	12	18	18	1	8	10.8432	2019	8	10.8432
96	aiso-sanada h.	-1.1313	-0.4383	39	6	12	2	3	4.0662	2019	1.5	2.0331
98	aisyah s.i.	0.0565	-0.083	1	3	5	4	1	1.3554	2019	0.25	0.3389
99	aji b.d.s.	-0.8363	0.797	23	13	13	1	0	0	2019	0	0
106	akhrari h.	0.7572	-0.1606	29	9	9	1	0	0	2019	0	0
108	akiyama t.	-0.9147	-0.4456	4	5	10	2	2	2.7108	2019	1	1.3554
112	akromah z.n.	-0.7208	0.5693	33	12	12	1	0	0	2019	0	0
119	alatas h.	-0.5114	-0.2163	22	10	23	10	6	8.1324	2019	0.6	0.8132
122	alawiyah k.	1.3549	-0.0842	40	4	7	2	0	0	2019	0	0
133	ali sarong m.	-0.6767	-0.1034	2	6	6	2	0	0	2019	0	0
134	alifian m.d.	0.4798	0.5827	7	4	8	3	3	4.0662	2019	1	1.3554
135	alikodra h.s.	0.0189	0.3537	24	5	6	5	1	1.3554	2019	0.2	0.2711
136	alimuddin a.	0.488	0.1041	3	5	6	7	6	8.1324	2019	0.8571	1.1618
145	amalo l.f.	0.3103	0.3128	7	2	2	4	0	0	2019	0	0
151	ambarsari l.	0.2536	0.0644	3	6	7	4	0	0	2019	0	0
157	ammer c.	-0.4039	0.4909	5	9	14	2	7	9.4878	2019	3.5	4.7439
158	analuddin k.	-0.2408	-1.1557	35	11	11	1	1	1.3554	2019	1	1.3554
162	andarini s.l.	-0.2827	-0.8168	6	11	11	1	0	0	2019	0	0
163	andarwulan n.	0.6053	0.0781	25	9	19	9	16	21.6865	2019	1.7778	2.4096
169	andriana b.b.	-0.5479	-0.1819	22	7	21	4	6	8.1324	2019	1.5	2.0331
170	andrianto d.	-0.0013	-0.132	1	2	3	2	0	0	2019	0	0
171	anggoro a.w.	0.423	-0.3198	15	4	6	2	1	1.3554	2019	0.5	0.6777
175	anggraini n.p.	0.4364	-0.2261	15	11	15	3	0	0	2019	0	0
176	anggunira h.	-0.8472	0.8245	23	13	13	1	0	0	2019	0	0
178	anisa r.	0.3242	-0.0636	3	2	3	5	0	0	2019	0	0
181	anita s.h.	-0.751	-0.5455	4	5	7	2	1	1.3554	2019	0.5	0.6777
194	anwar e.	0.0953	-0.0102	6	2	4	5	14	18.9757	2019	2.8	3.7951
195	anwar f.	0.3254	-1.0103	20	2	3	2	0	0	2019	0	0
198	anwar s.	-0.3845	0.0379	9	4	4	4	1	1.3554	2019	0.25	0.3389
205	applegate g.	-0.82	0.3712	9	9	9	1	0	0	2019	0	0
215	apriyanto a.	0.1088	-0.1546	1	2	2	3	2	2.7108	2019	0.6667	0.9036
216	aprizan m.	0.4767	-0.4256	15	9	9	1	4	5.4216	2019	4	5.4216
219	arafat d.	0.4756	-0.2829	15	19	33	6	0	0	2019	0	0
223	archer-nicholls s.	0.4094	-0.6315	14	13	13	1	5	6.777	2019	5	6.777
228	ardiansyah m.	-0.0787	0.7684	18	24	44	4	3	4.0662	2019	0.75	1.0166
231	ardie s.w.	-0.0194	-0.4294	1	10	14	7	7	9.4878	2019	1	1.3554
235	ariansyah e.n.	-0.5339	0.9219	24	14	14	1	0	0	2019	0	0
244	arif c.	0.0931	-0.6823	10	5	8	5	4	5.4216	2019	0.8	1.0843
248	arifiantini r.i.	-0.1086	0.0803	11	8	10	5	11	14.9094	2019	2.2	2.9819
251	arifin h.s.	-0.0573	0.0242	11	3	3	4	1	1.3554	2019	0.25	0.3389
259	ariyanti n.s.	-0.0251	0.219	6	1	2	4	0	0	2019	0	0
261	ariyanto d.	-0.1975	0.1654	5	10	14	5	7	9.4878	2019	1.4	1.8976
262	ariyanto e.f.	0.7595	-0.5978	28	10	10	1	0	0	2019	0	0
263	arjo s.	0.1559	-0.0613	3	3	8	4	4	5.4216	2019	1	1.3554
264	arkeman y.	0.1878	-0.1597	1	3	6	7	0	0	2019	0	0
269	arnold s.r.	0.3443	-0.6472	14	13	13	2	6	8.1324	2019	3	4.0662
276	artika i.m.	0.6633	-1.1425	30	13	13	4	7	9.4878	2019	1.75	2.372
286	asiah m.d.	-0.6952	-0.0792	2	7	9	2	0	0	2019	0	0
296	astuti d.a.	0.3429	0.4064	7	8	12	8	1	1.3554	2019	0.125	0.1694
298	astuti r.i.	0.3552	0.2738	3	4	5	5	7	9.4878	2019	1.4	1.8976
299	aswidinnoor h.	0.0231	-0.4484	1	6	8	4	3	4.0662	2019	0.75	1.0166
302	atma y.	0.3539	-0.1797	6	5	10	2	1	1.3554	2019	0.5	0.6777
303	atmadipoera a.s.	-0.1251	-0.1299	2	6	11	9	3	4.0662	2019	0.3333	0.4518
304	atmaja h.	0.7383	-0.6548	28	15	19	2	1	1.3554	2019	0.5	0.6777
307	atmowidi t.	0.1775	0.4078	8	4	4	3	1	1.3554	2019	0.3333	0.4518
315	awak k.	0.5982	-0.357	15	11	11	1	0	0	2019	0	0
316	awang noor a.g.	1.0354	-0.56	12	18	18	1	8	10.8432	2019	8	10.8432
317	ayu i.p.	-0.3111	-0.2597	2	5	6	2	1	1.3554	2019	0.5	0.6777
323	aziz s.	-0.5569	0.9449	24	14	14	1	0	0	2019	0	0
324	aziz s.a.	0.0178	-0.1848	1	5	6	4	0	0	2019	0	0
333	baddams j.	-0.2094	-1.1477	35	11	11	1	1	1.3554	2019	1	1.3554
339	bahri s.	0.4688	-0.1908	15	8	8	2	0	0	2019	0	0
345	bakhtiar t.	-0.9641	-0.1603	4	4	9	9	1	1.3554	2019	0.1111	0.1506
346	ballauff j.	-0.2399	0.3349	5	10	10	1	9	12.1986	2019	9	12.1986
347	balqis a.r.s.	0.9535	-0.495	12	18	18	1	8	10.8432	2019	8	10.8432
351	banerjee a.	-0.686	-0.7058	26	9	9	1	0	0	2019	0	0
354	barber p.h.	0.9914	0.0299	19	21	21	1	1	1.3554	2019	1	1.3554
355	bargués-tobella a.	0.476	-0.8496	14	13	13	1	2	2.7108	2019	2	2.7108
358	barus b.	0.007	-0.2756	13	3	5	2	0	0	2019	0	0
359	barus h.	-0.2025	0.3383	5	10	10	1	9	12.1986	2019	9	12.1986
361	bashari m.h.	0.7664	-0.6397	28	15	19	2	1	1.3554	2019	0.5	0.6777
364	baskoro m.s.	0.0752	-0.3378	13	4	6	4	0	0	2019	0	0
371	batubara i.	0.3293	0.1381	3	10	10	8	12	16.2648	2019	1.5	2.0331
373	baugh k.	-0.1462	-0.6608	13	10	10	1	6	8.1324	2019	6	8.1324
374	bavykin d.v.	0.1949	1.1266	17	19	29	3	11	14.9094	2019	3.6667	4.9698
379	beger m.	1.0078	-0.0283	19	21	21	1	1	1.3554	2019	1	1.3554
380	behling h.	-0.6164	0.1767	9	4	8	2	2	2.7108	2019	1	1.3554
382	bekti h.s.	-0.5814	0.8826	24	14	14	1	0	0	2019	0	0
383	bengen d.g.	-0.2474	-0.112	2	17	23	14	16	21.6865	2019	1.1429	1.549
385	bergquist r.	0.7006	0.5578	27	16	24	2	0	0	2019	0	0
388	beshbishy a.m.	1.1078	0.6481	37	10	10	1	5	6.777	2019	5	6.777
390	biagioni s.	-0.6459	0.1869	9	4	8	2	2	2.7108	2019	1	1.3554
392	bintang m.	0.1215	-0.3458	1	5	10	7	4	5.4216	2019	0.5714	0.7745
393	bird c.e.	1.0974	-0.0033	19	21	21	1	1	1.3554	2019	1	1.3554
398	bodewes r.	0.6499	-1.1127	30	13	13	1	4	5.4216	2019	4	5.4216
400	boediono a.	0.095	0.1736	8	7	7	4	1	1.3554	2019	0.25	0.3389
401	boer m.	-0.2707	-0.1528	2	9	12	7	0	0	2019	0	0
402	boer r.	-0.06	0.7273	18	26	46	7	18	24.3973	2019	2.5714	3.4853
406	booth h.	0.5777	-0.1191	29	7	10	2	1	1.3554	2019	0.5	0.6777
407	boswell j.a.	0.2184	1.0486	17	12	12	1	7	9.4878	2019	7	9.4878
408	bourgeau-chavez l.	0.2295	-0.9243	20	10	10	1	5	6.777	2019	5	6.777
414	breslow s.j.	0.5251	0.8391	16	23	40	2	17	23.0419	2019	8.5	11.5209
416	briliawan b.d.	-0.2719	0.7858	34	11	11	1	0	0	2019	0	0
417	brinkmann n.	-0.2261	0.3615	5	10	10	1	9	12.1986	2019	9	12.1986
418	brockhaus m.	-0.865	0.0217	21	9	9	1	19	25.7527	2019	19	25.7527
419	brodribb t.j.	-0.6318	-1.0678	32	12	12	1	14	18.9757	2019	14	18.9757
421	buchori d.	0.2291	0.5056	16	30	48	8	23	31.1743	2019	2.875	3.8968
423	budi s.w.	-0.1981	0.2103	5	13	13	4	9	12.1986	2019	2.25	3.0497
424	budianto b.	-0.063	0.9695	18	21	39	2	0	0	2019	0	0
428	budiarti s.	0.4203	0.1774	7	4	4	3	2	2.7108	2019	0.6667	0.9036
430	budiastra i.w.	-0.2146	-0.4215	10	4	5	3	0	0	2019	0	0
433	budijanto s.	0.8543	0.3378	25	12	13	5	1	1.3554	2019	0.2	0.2711
442	budy w.	-0.1618	-0.6891	13	10	10	1	6	8.1324	2019	6	8.1324
445	buono a.	-1.1946	0.3643	41	4	9	3	4	5.4216	2019	1.3333	1.8072
448	butet n.a.	0.2074	-0.0401	3	5	9	4	0	0	2019	0	0
456	cahyo r.d.	1.3328	-0.0943	40	4	7	2	0	0	2019	0	0
459	cahyono t.d.	-0.5304	-0.3428	4	3	9	3	1	1.3554	2019	0.3333	0.4518
461	campbell d.e.	-1.1887	0.0446	36	11	11	1	10	13.554	2019	10	13.554
465	cao t.t.	-1.1829	0.0151	36	11	11	1	10	13.554	2019	10	13.554
467	carneiro da cunha m.	0.4221	0.7799	16	20	20	1	17	23.0419	2019	17	23.0419
471	carriquí m.	-0.7003	-1.0713	32	12	12	1	14	18.9757	2019	14	18.9757
482	chikmawati t.	-0.024	0.2028	6	2	3	5	0	0	2019	0	0
483	chimner r.	0.263	-0.8797	20	10	10	1	5	6.777	2019	5	6.777
487	chozin m.a.	-0.0406	0.0247	11	1	1	3	2	2.7108	2019	0.6667	0.9036
494	cochrane m.a.	-0.7547	0.3622	9	9	11	2	0	0	2019	0	0
498	conibear l.	0.369	-0.6704	14	13	13	1	5	6.777	2019	5	6.777
499	connolly s.r.	0.953	0.0315	19	21	21	1	1	1.3554	2019	1	1.3554
500	contributing members of the diversity of the indo-pacific network	1.0817	-0.0355	19	21	21	1	1	1.3554	2019	1	1.3554
501	coopman r.	-0.6119	-1.0387	32	12	12	1	14	18.9757	2019	14	18.9757
504	cowman p.f.	0.972	0.062	19	21	21	1	1	1.3554	2019	1	1.3554
505	crandall e.d.	1.0413	-0.0276	19	21	21	1	1	1.3554	2019	1	1.3554
506	craven d.	-0.4427	0.516	5	9	9	1	5	6.777	2019	5	6.777
510	da cunha m.c.	0.5999	0.8826	16	20	20	1	0	0	2019	0	0
511	da silva m.a.	0.2769	1.0806	17	12	12	1	7	9.4878	2019	7	9.4878
513	daffa d.m.	0.726	-0.5559	28	10	10	1	0	0	2019	0	0
516	damar a.	-0.2136	-0.1906	2	10	11	10	4	5.4216	2019	0.4	0.5422
517	damayanthi e.	-0.6865	-0.2524	22	4	5	3	0	0	2019	0	0
523	daniel r.	-0.1953	0.3697	5	10	10	1	9	12.1986	2019	9	12.1986
528	darmawan w.	-0.0755	-0.0479	1	3	4	5	3	4.0662	2019	0.6	0.8132
537	darras k.	-0.0993	0.481	8	4	8	3	7	9.4878	2019	2.3333	3.1626
538	darusman d.	-0.5608	0.0343	9	4	4	3	1	1.3554	2019	0.3333	0.4518
539	darusman h.s.	0.5218	0.2256	7	6	6	4	0	0	2019	0	0
555	del aguila pasquel j.	0.2543	-0.907	20	10	10	1	5	6.777	2019	5	6.777
556	del castillo torres d.	0.2324	-0.8699	20	10	10	1	5	6.777	2019	5	6.777
575	dewi f.n.	0.2683	0.3763	8	4	6	2	1	1.3554	2019	0.5	0.6777
576	dewi f.n.a.	0.6848	0.1311	25	4	12	3	11	14.9094	2019	3.6667	4.9698
578	dewi i.s.	-0.1185	-0.5062	1	6	11	4	5	6.777	2019	1.25	1.6943
579	dewi m.	-0.7108	-0.2451	22	2	3	2	0	0	2019	0	0
583	dharmawan a.h.	-0.4172	-0.094	2	3	5	4	4	5.4216	2019	1	1.3554
590	di gregorio m.	-0.884	0.0475	21	9	9	1	19	25.7527	2019	19	25.7527
595	diana r.	0.3139	-0.9866	20	3	3	2	18	24.3973	2019	9	12.1986
597	diany e.	-0.5256	0.883	24	14	14	1	0	0	2019	0	0
599	diatin i.	-0.8544	0.2428	9	4	8	2	2	2.7108	2019	1	1.3554
600	dibattista j.d.	1.0206	0.044	19	21	21	1	1	1.3554	2019	1	1.3554
601	dicks l.v.	0.4911	0.8269	16	23	40	2	17	23.0419	2019	8.5	11.5209
612	diyantoro d.	0.639	-1.0848	30	13	13	1	4	5.4216	2019	4	5.4216
616	djatna t.	0.9101	0.9246	45	0	0	5	0	0	2019	0	0
621	djuraidah a.	0.5584	-0.0655	3	2	3	3	0	0	2019	0	0
641	eble j.a.	0.965	-0.0348	19	21	21	1	1	1.3554	2019	1	1.3554
644	edler k.j.	0.2468	1.1042	17	12	12	1	7	9.4878	2019	7	9.4878
648	edy n.	-0.2554	0.3718	5	10	10	1	9	12.1986	2019	9	12.1986
650	efendi d.	0.0785	-0.5821	1	3	3	3	0	0	2019	0	0
658	ehbrecht m.	-0.3587	0.5629	5	25	29	2	10	13.554	2019	5	6.777
659	ekasari j.	0.5001	0.131	3	6	7	5	12	16.2648	2019	2.4	3.253
662	ekayani m.	-0.3937	-0.0378	21	6	10	6	2	2.7108	2019	0.3333	0.4518
665	el-saber batiha g.	1.1207	0.6226	37	10	10	1	5	6.777	2019	5	6.777
669	elvidge c.d.	-0.127	-0.6774	13	10	10	1	6	8.1324	2019	6	8.1324
671	erbaugh j.t.	-0.5096	-0.0409	21	4	6	3	3	4.0662	2019	1	1.3554
681	erkelenz j.	-0.4166	0.5387	5	9	9	1	5	6.777	2019	5	6.777
682	erlan m.	-0.0405	0.4159	8	8	13	3	0	0	2019	0	0
692	"estradivari, tarigan s.a."	0.7513	-0.1027	29	9	9	1	0	0	2019	0	0
707	fahlevy k.	0.3674	-0.3374	15	11	17	4	4	5.4216	2019	1	1.3554
708	fahma f.	-0.1893	-0.3467	6	9	9	4	1	1	2019.25	0.25	0.25
712	fahrezil f.y.	0.5067	-0.4201	15	9	9	1	4	5.4216	2019	4	5.4216
716	fahrudin a.	-0.3328	-0.1724	2	14	20	14	10	13.554	2019	0.7143	0.9681
717	fahrudin m.	0.2473	0.6229	38	11	26	6	9	12.1986	2019	1.5	2.0331
718	fairuz r.	-0.2164	0.797	34	11	11	1	0	0	2019	0	0
720	fajar p.	-0.356	-0.4939	31	9	9	1	1	1.3554	2019	1	1.3554
724	falah s.	-0.0255	-0.1389	1	3	4	3	0	0	2019	0	0
729	fang k.	-0.575	0.2983	10	13	13	1	3	4.0662	2019	3	4.0662
733	farajallah a.	-0.3139	-0.1013	2	1	1	6	3	4.0662	2019	0.5	0.6777
738	farid m.	-0.3465	-0.6019	31	4	4	4	0	0	2019	0	0
743	faridah-hanum i.	1.0323	-0.461	12	18	18	1	8	10.8432	2019	8	10.8432
746	fatahillah m.h.	-0.6837	0.6081	33	12	12	1	0	0	2019	0	0
747	fatchiya a.	-0.5045	0.0095	2	2	2	2	6	8.1324	2019	3	4.0662
756	fatin r.	1.0859	-0.4988	12	18	18	1	8	10.8432	2019	8	10.8432
759	fatorelli l.	-0.8527	0.0455	21	9	9	1	19	25.7527	2019	19	25.7527
760	fatrawana a.	-0.9094	-0.2885	4	12	17	2	2	2.7108	2019	1	1.3554
761	fatriasari w.	-0.5478	-0.4078	4	4	4	2	5	6.777	2019	2.5	3.3885
764	fauzi a.	-0.1996	0.0436	9	6	8	11	10	13.554	2019	0.9091	1.2322
775	fazita m.r.m.	-0.714	-0.6846	26	9	9	1	0	0	2019	0	0
779	febrianto f.	-0.8059	-0.3343	4	19	35	7	8	10.8432	2019	1.1429	1.549
782	fendiyanto m.h.	-0.1164	-0.8459	1	3	5	3	1	1.3554	2019	0.3333	0.4518
783	ferasyi t.r.	-0.7964	-0.1181	2	2	2	2	0	0	2019	0	0
800	firoz khan m.	0.4259	-0.5983	14	13	13	1	5	6.777	2019	5	6.777
809	fitrianto a.	0.8478	-0.3237	12	32	38	6	9	12.1986	2019	1.5	2.0331
812	fizree h.m.	-0.715	-0.7207	26	9	9	1	0	0	2019	0	0
813	fletcher p.j.	0.1873	1.0762	17	12	18	2	10	13.554	2019	5	6.777
814	flexas j.	-0.6726	-1.057	32	12	12	1	14	18.9757	2019	14	18.9757
819	fuah a.m.	-0.0872	0.042	11	3	3	3	0	0	2019	0	0
822	fukusaki e.	0.3494	0.994	17	3	4	2	0	0	2019	0	0
830	gaither m.r.	1.0039	0.0782	19	21	21	1	1	1.3554	2019	1	1.3554
831	galetto l.	0.5195	0.7486	16	23	40	2	17	23.0419	2019	8.5	11.5209
832	gandaseca s.	0.9912	-0.3972	12	31	36	2	9	12.1986	2019	4.5	6.0993
834	gantuya s.	1.0608	0.6284	37	10	10	1	5	6.777	2019	5	6.777
844	gesell a.e.	0.223	1.0846	17	12	12	1	7	9.4878	2019	7	9.4878
847	ghosh t.	-0.1019	-0.6622	13	10	10	1	6	8.1324	2019	6	8.1324
852	gikungu m.	0.5567	0.9046	16	23	40	2	17	23.0419	2019	8.5	11.5209
853	gill w.	-0.6471	-1.0431	32	12	12	1	14	18.9757	2019	14	18.9757
859	giriwono p.e.	0.7221	0.1398	25	5	13	4	13	17.6203	2019	3.25	4.4051
864	gopakumar d.a.	-0.5952	-0.628	26	17	33	5	21	28.4635	2019	4.2	5.6927
869	graham l.	-0.7856	0.3631	9	9	9	1	0	0	2019	0	0
870	grass i.	-0.0668	0.4946	8	5	9	3	10	13.554	2019	3.3333	4.518
873	guillaume t.	-0.2664	0.5874	5	20	20	1	5	6.777	2019	5	6.777
875	gumelar y.	-0.89	-0.3221	4	9	9	1	1	1.3554	2019	1	1.3554
876	gumilang l.	-0.1636	0.933	18	20	20	1	0	0	2019	0	0
877	gunawan a.	-0.3221	0.2138	11	4	6	4	3	4.0662	2019	0.75	1.0166
878	gunawan d.	-0.1488	0.737	18	41	59	3	5	6.777	2019	1.6667	2.259
880	gunawan h.	-0.0923	0.2598	5	6	10	2	2	2.7108	2019	1	1.3554
893	guswanto a.	1.0909	0.6172	37	10	10	1	5	6.777	2019	5	6.777
898	haafiz m.k.m.	-0.6823	-0.7393	26	9	9	1	0	0	2019	0	0
911	hadi y.s.	-0.6712	-0.3906	4	6	17	7	9	12.1986	2019	1.2857	1.7427
923	hakeem k.r.	0.976	-0.4284	12	31	36	2	9	12.1986	2019	4.5	6.0993
928	hakim l.	-0.5529	0.898	24	14	14	1	0	0	2019	0	0
932	halim a.	0.2712	-0.3696	13	9	9	1	7	9.4878	2019	7	9.4878
938	hamdani a.	-0.4098	-0.2183	22	2	2	2	1	1.3554	2019	0.5	0.6777
940	hamid n.	-0.1334	1.0113	18	20	20	1	0	0	2019	0	0
943	hamim	0.0395	0.24	5	7	8	3	1	1.3554	2019	0.3333	0.4518
944	hamim h.	-0.2138	0.2845	5	7	7	5	3	4.0662	2019	0.6	0.8132
954	hanafi j.	-0.5946	0.2385	10	13	13	1	3	4.0662	2019	3	4.0662
956	hanarida i.	-0.0602	-0.8239	1	9	9	2	0	0	2019	0	0
964	handharyani e.	0.583	0.4066	7	5	5	3	3	4.0662	2019	1	1.3554
969	haneda n.f.	-0.7394	0.747	23	20	20	6	2	2.7108	2019	0.3333	0.4518
970	hanif n.	-0.3726	-0.6119	31	4	6	3	4	5.4216	2019	1.3333	1.8072
975	hanum f.	-0.9671	-0.19	4	2	4	4	1	1.3554	2019	0.25	0.3389
977	hapsari budisulistiorini s.	0.399	-0.5808	14	13	13	1	5	6.777	2019	5	6.777
984	hardanto a.	-0.2648	0.5498	5	20	20	1	5	6.777	2019	5	6.777
985	hardhienata h.	-0.0674	-0.1521	22	5	6	6	2	2.7108	2019	0.3333	0.4518
986	hardhienata m.	-1.2038	0.3876	41	4	9	3	4	5.4216	2019	1.3333	1.8072
990	hardiningtyas s.d.	-0.1059	-0.4192	1	1	1	2	1	1.3554	2019	0.5	0.6777
1001	harito c.	0.1616	1.1358	17	19	29	3	11	14.9094	2019	3.6667	4.9698
1006	hariyadi p.	0.6354	0.0623	25	1	1	4	6	8.1324	2019	1.5	2.0331
1007	hariyadi s.	-0.2158	-0.2447	2	4	4	3	1	1.3554	2019	0.3333	0.4518
1014	harrison b.	-0.1896	-1.1274	35	11	11	1	1	1.3554	2019	1	1.3554
1016	harsono s.s.	-0.5643	0.2482	10	13	13	1	3	4.0662	2019	3	4.0662
1020	hartanto r.	0.2122	-0.1592	1	3	5	2	0	0	2019	0	0
1024	hartono a.	-0.3449	0.0561	9	3	3	3	1	1.3554	2019	0.3333	0.4518
1027	hartoyo a.p.p.	-0.2909	-0.3245	4	4	4	3	1	1.3554	2019	0.3333	0.4518
1029	harun n.z.n.	0.9897	-0.5151	12	18	18	1	8	10.8432	2019	8	10.8432
1037	hasan m.	-0.4143	-0.2923	26	10	15	4	19	25.7527	2019	4.75	6.4382
1038	hasanah f.	-0.779	0.8075	23	13	13	1	0	0	2019	0	0
1044	hashimoto s.	-0.0495	1.0138	18	21	39	2	0	0	2019	0	0
1056	hastuti y.p.	0.1715	0.0089	11	6	9	4	2	2.7108	2019	0.5	0.6777
1058	hatta m.	0.1388	-0.369	1	1	1	2	1	1.3554	2019	0.5	0.6777
1076	hendrayani n.	0.6261	-1.1322	30	13	13	1	4	5.4216	2019	4	5.4216
1079	"hendrayanto, hertel d."	-0.2971	0.4919	5	20	20	1	5	6.777	2019	5	6.777
1083	herawati d.	0.6836	0.0985	25	4	12	3	11	14.9094	2019	3.6667	4.9698
1088	hergoualc’h k.	0.2005	-0.8603	20	10	10	1	5	6.777	2019	5	6.777
1097	herliyana e.n.	-0.0624	-0.0345	1	1	1	3	1	1.3554	2019	0.3333	0.4518
1098	hermadi i.	0.1629	-0.1446	1	4	5	4	0	0	2019	0	0
1103	hermawan d.	-0.618	-0.5831	26	21	37	8	24	32.5297	2019	3	4.0662
1106	hermawan i.	-0.7848	0.8406	23	13	13	1	0	0	2019	0	0
1114	herodian s.	0.0781	-0.7046	10	5	7	3	0	0	2019	0	0
1121	hidajat h.	-0.2664	-0.7726	6	11	11	1	0	0	2019	0	0
1124	hidayat a.	-0.1539	-0.1703	1	6	6	4	1	1.3554	2019	0.25	0.3389
1126	hidayat m.	0.1436	-0.0381	3	3	5	2	0	0	2019	0	0
1128	hidayat p.	0.004	0.4759	1	6	7	3	2	2.7108	2019	0.6667	0.9036
1129	hidayat r.	-0.0127	0.7325	18	1	1	5	7	9.4878	2019	1.4	1.8976
1131	hidayat t.	0.0809	0.0064	6	3	5	6	11	14.9094	2019	1.8333	2.4849
1132	hidayat w.	-0.872	-0.2828	4	12	17	2	2	2.7108	2019	1	1.3554
1135	hidayati s.n.	-0.2315	0.8263	34	11	11	1	0	0	2019	0	0
1140	hikmat a.	-0.2098	0.7012	34	15	15	4	0	0	2019	0	0
1141	hilaluddin f.	1.0195	-0.4167	12	31	36	2	9	12.1986	2019	4.5	6.0993
1142	hill r.	0.5596	0.8599	16	23	40	2	17	23.0419	2019	8.5	11.5209
1144	hilmy y.	-0.0203	0.4386	8	8	13	3	0	0	2019	0	0
1145	hilwan i.	-0.4665	0.8012	24	17	17	4	0	0	2019	0	0
1150	hirano t.	0.2057	0.7097	38	8	23	3	8	10.8432	2019	2.6667	3.6144
1152	hirata m.	0.1778	0.7346	38	8	23	3	8	10.8432	2019	2.6667	3.6144
1153	hirayama h.	-0.9475	-0.4449	4	5	10	2	2	2.7108	2019	1	1.3554
1163	hongo c.	-0.0178	-0.2765	13	3	4	2	2	2.7108	2019	1	1.3554
1164	hordyk a.	0.2551	-0.3946	13	9	9	1	7	9.4878	2019	7	9.4878
1165	horne j.b.	0.9881	-0.0611	19	21	21	1	1	1.3554	2019	1	1.3554
1167	howlett b.g.	0.5204	0.8798	16	23	40	2	17	23.0419	2019	8.5	11.5209
1168	hribljan j.	0.1877	-0.8862	20	10	10	1	5	6.777	2019	5	6.777
1169	hsu f.-c.	-0.153	-0.6325	13	10	10	1	6	8.1324	2019	6	8.1324
1170	hsu y.-j.	0.9378	0.3281	25	11	11	1	0	0	2019	0	0
1171	huang c.-c.	0.9606	0.3578	25	11	11	1	0	0	2019	0	0
1172	huang w.-c.	0.9247	0.3524	25	11	11	1	0	0	2019	0	0
1173	hubeis a.v.s.	1.2303	0.388	46	0	0	3	1	1.3554	2019	0.3333	0.4518
1174	huda f.	0.7334	-0.6916	28	9	9	1	1	1.3554	2019	1	1.3554
1178	hudoyo a.	-0.2254	-0.8062	6	11	11	1	0	0	2019	0	0
1183	husna s.	-0.6337	0.5697	33	12	12	1	0	0	2019	0	0
1193	hölscher d.	-0.3487	0.4872	5	25	36	4	14	18.9757	2019	3.5	4.7439
1194	ibisch p.l.	0.4239	-0.8844	14	13	13	1	2	2.7108	2019	2	2.7108
1196	ibrahim f.-h.	1.0273	-0.3397	12	18	18	1	1	1.3554	2019	1	1.3554
1197	ibrahim s.	0.8798	-0.2961	12	19	19	2	1	1.3554	2019	0.5	0.6777
1198	ibrahim s.a.	0.9504	-0.365	12	18	18	1	1	1.3554	2019	1	1.3554
1199	ichsan m.	0.557	-0.1408	29	7	10	2	1	1.3554	2019	0.5	0.6777
1206	igarashi i.	1.0678	0.6885	37	10	10	1	5	6.777	2019	5	6.777
1207	ihsan i.m.	-0.0455	0.9013	18	21	39	2	0	0	2019	0	0
1215	ilahi a.f.	-0.0896	0.8493	18	19	19	1	0	0	2019	0	0
1218	ilhamsyah y.	-0.637	0.0276	2	2	6	4	3	4.0662	2019	0.75	1.0166
1220	ilstedt u.	0.4356	-0.8536	14	13	13	1	2	2.7108	2019	2	2.7108
1224	iman d.t.	-0.2334	0.7674	34	11	11	1	0	0	2019	0	0
1230	immanuel g.s.	-0.105	0.9645	18	21	39	2	0	0	2019	0	0
1231	imperatriz-fonseca v.l.	0.4711	0.7548	16	23	40	2	17	23.0419	2019	8.5	11.5209
1233	imran z.	-0.2779	-0.2162	2	10	11	5	3	4.0662	2019	0.6	0.8132
1240	indasari i.	0.6443	-1.0428	30	13	13	1	4	5.4216	2019	4	5.4216
1252	inoue e.	0.0333	-0.533	1	5	16	4	7	9.4878	2019	1.75	2.372
1259	irawan b.	-0.2809	0.3376	5	24	32	6	18	24.3973	2019	3	4.0662
1267	irham m.	-0.6527	-0.0061	2	6	9	4	0	0	2019	0	0
1272	irzaman	-0.4458	-0.2289	22	11	17	7	5	6.777	2019	0.7143	0.9681
1273	irzaman i.	-0.5972	-0.1819	22	9	11	3	3	4.0662	2019	1	1.3554
1285	ishiguri f.	-1.1381	-0.476	39	7	16	3	3	4.0662	2019	1	1.3554
1287	iska r.	-0.3854	-0.4956	31	9	9	1	1	1.3554	2019	1	1.3554
1291	iskandar s.r.	-0.8317	0.7656	23	13	13	1	0	0	2019	0	0
1297	iskandriati d.	0.294	0.3633	8	5	7	3	4	5.4216	2019	1.3333	1.8072
1310	iswantari a.	-0.3334	-0.2259	2	6	7	2	1	1.3554	2019	0.5	0.6777
1311	iswantini d.	0.0454	-0.2277	6	2	3	3	0	0	2019	0	0
1312	iswanto a.h.	-0.4464	-0.3168	4	7	13	5	2	2.7108	2019	0.4	0.5422
1328	jakaria j.	-0.2896	0.2117	11	8	9	4	5	6.777	2019	1.25	1.6943
1331	james t.d.	0.1795	1.2553	17	11	11	1	1	1.3554	2019	1	1.3554
1340	jaya i.	-0.1535	-0.0929	2	4	7	6	3	4.0662	2019	0.5	0.6777
1341	jaya i.n.s.	-0.3707	0.1378	21	11	16	6	3	4.0662	2019	0.5	0.6777
1342	jayanegara a.	0.3173	0.4649	7	28	61	25	26	35.2405	2019	1.04	1.4096
1343	jayawiguna h.	-0.3666	-0.5225	31	9	9	1	1	1.3554	2019	1	1.3554
1346	jenie r.p.	-0.6422	-0.25	22	2	3	3	1	1.3554	2019	0.3333	0.4518
1359	jr.	0.4332	0.1357	3	5	6	2	0	0	2019	0	0
1364	juliandi b.	0.175	0.3313	8	6	6	4	4	5.4216	2019	1	1.3554
1368	junaedi a.	-0.0125	-0.3891	1	6	6	2	0	0	2019	0	0
1371	june t.	0.0306	0.1524	20	8	11	5	3	4.0662	2019	0.6	0.8132
1372	juniantito v.	-0.713	-0.2638	22	2	2	2	2	2.7108	2019	1	1.3554
1374	junior m.z.	0.4263	0.035	3	7	8	5	6	8.1324	2019	1.2	1.6265
1375	jupesta j.	-0.5396	0.3106	10	13	13	1	3	4.0662	2019	3	4.0662
1377	jusadi d.	0.4018	0.0955	3	6	6	2	1	1.3554	2019	0.5	0.6777
1389	kamal m.m.	-0.0635	-0.1184	2	8	8	5	0	0	2019	0	0
1391	kamarudin n.	1.0353	-0.302	12	18	18	1	1	1.3554	2019	1	1.3554
1392	kamath s.d.	-1.1517	0.0302	36	11	14	2	12	16.2648	2019	6	8.1324
1400	karja n.w.k.	-0.1219	0.1276	11	3	5	5	4	5.4216	2019	0.8	1.0843
1404	karlinasari l.	-0.147	-0.0415	1	3	4	8	11	14.9094	2019	1.375	1.8637
1408	karo-karo d.	0.7186	-1.0985	30	13	16	2	4	5.4216	2019	2	2.7108
1410	karti p.d.m.h.	0.4298	0.3452	7	3	3	3	1	1.3554	2019	0.3333	0.4518
1411	kartika i.a.	-0.2698	-0.4194	10	4	4	3	1	1.3554	2019	0.3333	0.4518
1415	kartodihardjo h.	-0.5068	0.1184	10	6	6	6	5	6.777	2019	0.8333	1.1295
1416	kartono a.	0.2056	0.0745	3	4	8	4	1	1.3554	2019	0.25	0.3389
1417	kartono a.p.	-0.0794	0.3592	24	3	4	3	2	2.7108	2019	0.6667	0.9036
1420	karya a.	-0.17	-1.1036	35	11	11	1	1	1.3554	2019	1	1.3554
1422	kashiwagi t.	0.7151	0.1015	25	4	12	3	11	14.9094	2019	3.6667	4.9698
1425	kassim m.r.	0.9891	-0.3506	12	18	18	1	1	1.3554	2019	1	1.3554
1434	kawaroe m.	-0.1897	-0.0816	2	2	2	2	1	1.3554	2019	0.5	0.6777
1440	khaerudi d.	0.5477	-0.3305	15	11	11	1	0	0	2019	0	0
1441	"khaifin, wisesa n."	0.8077	-0.1096	29	9	9	1	0	0	2019	0	0
1446	khalil h.p.s.a.	-0.5371	-0.6059	26	11	24	4	21	28.4635	2019	5.25	7.1159
1451	khieu v.	0.7177	0.5912	27	16	24	2	0	0	2019	0	0
1453	khoirunnisa e.	-0.2627	0.7567	34	11	11	1	0	0	2019	0	0
1455	khomsan a.	0.308	-1.0125	20	2	3	4	0	0	2019	0	0
1459	khumaida n.	0.0109	-0.3608	1	11	18	9	3	4.0662	2019	0.3333	0.4518
1462	kiely l.	0.4424	-0.6256	14	13	13	1	5	6.777	2019	5	6.777
1464	kim n.h.	-0.8391	-0.3178	4	17	31	5	6	8.1324	2019	1.2	1.6265
1471	klarner b.	-0.4808	0.7221	23	3	6	2	7	9.4878	2019	3.5	4.7439
1472	kleinke m.	0.2021	-0.1378	1	3	5	2	0	0	2019	0	0
1473	knohl a.	-0.1237	0.3782	20	23	27	4	6	8.1324	2019	1.5	2.0331
1474	knote c.	0.3475	-0.6154	14	13	13	1	5	6.777	2019	5	6.777
1476	koch g.	0.694	-1.0764	30	13	16	2	4	5.4216	2019	2	2.7108
1478	kochzius m.	1.0396	0.0771	19	21	21	1	1	1.3554	2019	1	1.3554
1479	kociok-köhn g.	0.127	1.2115	17	11	11	1	1	1.3554	2019	1	1.3554
1480	koeberl m.	-1.207	-0.0017	36	11	11	1	10	13.554	2019	10	13.554
1481	koeshendrajana s.	0.3121	-0.4082	13	9	9	1	7	9.4878	2019	7	9.4878
1485	kolka r.	0.2553	-0.8465	20	10	12	2	10	13.554	2019	5	6.777
1496	kondo m.	0.3842	0.5893	7	4	7	3	10	13.554	2019	3.3333	4.518
1497	kondo n.	-0.1709	-0.4861	10	2	4	3	13	17.6203	2019	4.3333	5.8734
1498	konhefr m.	0.1648	1.2227	17	11	11	1	1	1.3554	2019	1	1.3554
1500	kotowska m.m.	-0.2586	0.5077	5	20	20	1	5	6.777	2019	5	6.777
1504	kreft h.	-0.3486	0.4177	5	27	38	5	16	21.6865	2019	3.2	4.3373
1512	krismaiyarni i.	-0.8016	0.7794	23	13	13	1	0	0	2019	0	0
1518	kroodsma d.	-0.1041	-0.6955	13	10	10	1	6	8.1324	2019	6	8.1324
1524	kurnia a.	0.2497	-0.0295	3	3	4	8	2	2.7108	2019	0.25	0.3389
1535	kurniawan f.	-0.2748	-0.2758	2	9	9	3	11	14.9094	2019	3.6667	4.9698
1546	kusmana c.	-0.0304	0.1331	6	14	20	23	5	6.777	2019	0.2174	0.2947
1556	kusuma w.a.	0.4453	-0.1295	6	2	2	9	4	5.4216	2019	0.4444	0.6024
1559	kusumadewi s.d.	-0.8225	0.0831	21	9	9	1	19	25.7527	2019	19	25.7527
1563	kusumaningrum h.d.	0.4926	-0.0862	6	3	3	4	0	0	2019	0	0
1565	kusumastanto t.	-0.2765	-0.2428	2	4	6	5	5	6.777	2019	1	1.3554
1567	kusumo b.s.	0.5971	-0.3237	15	11	11	1	0	0	2019	0	0
1572	kuwata m.	0.3875	-0.6107	14	13	13	1	5	6.777	2019	5	6.777
1574	kuzyakov y.	-0.2931	0.5267	5	20	20	1	5	6.777	2019	5	6.777
1576	kwapong p.k.	0.5641	0.8187	16	23	40	2	17	23.0419	2019	8.5	11.5209
1580	lacina k.	0.1423	1.2463	17	11	11	1	1	1.3554	2019	1	1.3554
1581	laconi e.b.	0.3175	0.509	7	8	19	8	4	5.4216	2019	0.5	0.6777
1584	laksana r.p.b.	-0.6872	-0.4917	4	7	7	2	6	8.1324	2019	3	4.0662
1587	larasati a.d.	-0.5789	0.9187	24	14	14	1	0	0	2019	0	0
1589	latief b.s.	0.1841	-0.4942	1	2	6	3	0	0	2019	0	0
1594	le q.a.	0.1853	0.7709	38	8	23	3	8	10.8432	2019	2.6667	3.6144
1595	lebuhn g.	0.4788	0.9141	16	23	40	2	17	23.0419	2019	8.5	11.5209
1599	lee m.-c.	0.9517	0.3009	25	11	11	1	0	0	2019	0	0
1600	lee s.h.	-0.8675	-0.3485	4	16	27	4	5	6.777	2019	1.25	1.6943
1604	leonardo l.	0.7365	0.5621	27	16	24	2	0	0	2019	0	0
1606	lessios h.a.	1.0582	-0.0623	19	21	21	1	1	1.3554	2019	1	1.3554
1610	lestari k.g.	-0.5679	0.8187	24	16	16	2	0	0	2019	0	0
1617	leuschner c.	-0.3879	0.4367	5	24	24	2	5	6.777	2019	2.5	3.3885
1619	li s.-z.	0.8041	0.5782	27	15	15	1	0	0	2019	0	0
1621	liggins l.	0.9865	-0.0025	19	21	21	1	1	1.3554	2019	1	1.3554
1622	lilleskov e.	0.2233	-0.8369	20	10	12	2	10	13.554	2019	5	6.777
1627	lioe h.n.	0.4039	-0.1606	6	7	12	7	13	17.6203	2019	1.8571	2.5172
1636	listyarini k.	-0.3323	0.1913	11	4	6	2	2	2.7108	2019	1	1.3554
1638	liu s.y.v.	1.051	0.0315	19	21	21	1	1	1.3554	2019	1	1.3554
1641	locatelli b.	-0.879	0.0765	21	9	9	1	19	25.7527	2019	19	25.7527
1643	loneragan n.r.	0.2147	-0.3667	13	10	11	3	11	14.9094	2019	3.6667	4.9698
1645	lopata a.l.	-1.154	-0.0024	36	11	14	2	12	16.2648	2019	6	8.1324
1647	lowe d.	0.3643	-0.5889	14	13	13	1	5	6.777	2019	5	6.777
1651	lubis s.w.	0.7559	1.103	43	2	6	4	3	4.0662	2019	0.75	1.0166
1652	ludt w.b.	1.0225	0.0062	19	21	21	1	1	1.3554	2019	1	1.3554
1655	lukman d.w.	0.5119	0.3501	7	1	1	3	1	1.3554	2019	0.3333	0.4518
1661	lv s.	0.7667	0.5838	27	15	15	1	0	0	2019	0	0
1662	lyver p.o.b.	0.611	0.8399	16	20	20	1	0	0	2019	0	0
1677	maddu a.	0.1196	-0.0674	3	7	15	12	7	9.4878	2019	0.5833	0.7907
1678	madduppa h.	0.5725	-0.2268	15	49	68	13	6	8.1324	2019	0.4615	0.6256
1679	madduppa h.h.	0.3518	-0.2682	15	9	14	4	2	2.7108	2019	0.5	0.6777
1682	maezulpah n.	-0.3011	0.8013	34	11	11	1	0	0	2019	0	0
1684	magnuson s.f.	1.0599	-0.0003	19	21	21	1	1	1.3554	2019	1	1.3554
1695	mahfud a.	0.0054	-1.1799	44	1	1	3	0	0	2019	0	0
1701	makarieva a.	0.4807	-0.8176	14	13	13	1	2	2.7108	2019	2	2.7108
1708	manalu w.	0.2165	0.3591	8	3	3	4	0	0	2019	0	0
1710	manangkalangi e.	-0.1892	-0.2726	2	4	4	2	0	0	2019	0	0
1713	mandang t.	-1.3548	0.2261	47	0	0	2	0	0	2019	0	0
1734	mardhiah u.	0.611	-0.1474	29	5	8	2	0	0	2019	0	0
1746	mark k.	-0.669	-1.0182	32	12	12	1	14	18.9757	2019	14	18.9757
1747	marken f.	0.2422	1.1771	17	19	30	4	19	25.7527	2019	4.75	6.4382
1761	martin t.e.	-0.235	-1.0947	35	11	11	1	1	1.3554	2019	1	1.3554
1762	martín-lópez b.	0.4475	0.8881	16	23	40	2	17	23.0419	2019	8.5	11.5209
1776	massijaya m.y.	-0.5948	-0.3004	4	12	31	11	11	14.9094	2019	1	1.3554
1781	masykura n.	-0.2512	-0.8266	6	11	11	2	0	0	2019	0	0
1785	matangaran j.r.	-0.7943	0.2043	9	9	18	6	3	4.0662	2019	0.5	0.6777
1788	matra d.d.	-0.0474	-0.4606	1	8	27	9	10	13.554	2019	1.1111	1.506
1791	matsumoto y.	-0.9424	-0.4767	4	5	10	2	2	2.7108	2019	1	1.3554
1796	maulana m.i.	-0.8342	-0.3685	4	11	14	2	4	5.4216	2019	2	2.7108
1798	maulana s.	-0.9144	-0.2484	4	14	19	3	2	2.7108	2019	0.6667	0.9036
1806	maulidiyan d.	-0.5536	0.8622	24	14	14	1	0	0	2019	0	0
1808	maués m.m.	0.4597	0.8017	16	23	40	2	17	23.0419	2019	8.5	11.5209
1812	may p.h.	-0.8542	0.0966	21	9	9	1	19	25.7527	2019	19	25.7527
1814	mayasari n.l.p.i.	0.5787	0.2694	7	3	3	3	2	2.7108	2019	0.6667	0.9036
1817	mcalpine c.	0.4158	-0.8303	14	13	13	1	2	2.7108	2019	2	2.7108
1818	mccullough k.	0.2214	-0.894	20	10	10	1	5	6.777	2019	5	6.777
1821	mehr s.s.	-1.2364	-0.0006	36	11	11	1	10	13.554	2019	10	13.554
1825	meijide a.	-0.2063	0.4718	5	22	23	2	6	8.1324	2019	3	4.0662
1829	meiyanto e.	0.7679	-0.692	28	9	9	1	1	1.3554	2019	1	1.3554
1832	memili e.	-0.1623	0.0353	11	4	5	2	14	18.9757	2019	7	9.4878
1837	meryandini a.	0.3208	0.0757	3	3	3	6	5	6.777	2019	0.8333	1.1295
1859	mohd yusoff f.	1.0061	-0.2761	12	18	18	1	1	1.3554	2019	1	1.3554
1860	monkhouse j.	-0.2121	-1.1754	35	11	11	1	1	1.3554	2019	1	1.3554
1864	morris c.e.	0.4571	-0.7924	14	13	13	1	2	2.7108	2019	2	2.7108
1870	mualim r.	0.2149	-0.2817	13	4	4	2	0	0	2019	0	0
1873	mubarok m.w.i.	0.4969	-0.4536	15	9	9	1	4	5.4216	2019	4	5.4216
1874	mubarok w.	1.3316	-0.0551	40	4	7	2	0	0	2019	0	0
1885	muhammad f.r.	0.7345	1.0899	43	2	4	3	1	1.3554	2019	0.3333	0.4518
1890	"muhidin, agustina s."	0.7916	-0.1654	29	9	9	1	0	0	2019	0	0
1894	mujahid m.	-0.8573	0.2742	9	4	8	2	2	2.7108	2019	1	1.3554
1895	mukai h.	0.0095	0.9507	18	21	39	2	0	0	2019	0	0
1899	mukti r.r.	-0.1949	-0.3785	6	7	7	2	1	1	2019.5	0.5	0.5
1904	muljono d.h.	0.6828	-1.0388	30	13	16	2	4	5.4216	2019	2	2.7108
1906	mulya s.p.	-0.2559	-0.035	9	7	7	3	0	0	2019	0	0
1907	mulyana d.	-0.4051	-0.4703	31	9	9	1	1	1.3554	2019	1	1.3554
1909	mulyani y.a.	-0.0901	0.4293	8	10	14	5	7	9.4878	2019	1.4	1.8976
1910	mulyanto b.	-0.2833	-0.0532	9	5	6	5	1	1.3554	2019	0.2	0.2711
1914	munaeni w.	0.4791	0.0677	3	3	4	2	4	5.4216	2019	2	2.7108
1918	munibah k.	-0.0288	-0.2374	13	5	9	7	0	0	2019	0	0
1927	murdianti r.a.	-0.6282	0.6037	33	12	12	1	0	0	2019	0	0
1928	murdiyarso d.	0.2769	-0.714	20	26	29	10	54	73.1918	2019	5.4	7.3192
1929	murni a.	-0.3453	-0.6292	31	4	6	2	4	5.4216	2019	2	2.7108
1930	mursawal a.	-0.6859	-0.0549	2	7	9	2	0	0	2019	0	0
1932	murtadho a.	-0.3053	0.0445	9	5	8	3	0	0	2019	0	0
1936	"muryanto, romli m."	-0.6101	0.2901	10	13	13	1	3	4.0662	2019	3	4.0662
1944	mustari a.h.	-0.1978	-1.0651	35	12	12	3	1	1.3554	2019	0.3333	0.4518
1948	mustopa a.z.	0.4019	-0.0981	6	10	15	5	1	1.3554	2019	0.2	0.2711
1954	muttaqin e.	0.6639	-0.1416	29	19	26	5	1	1.3554	2019	0.2	0.2711
1957	muyasara j.q.d.	-0.5204	0.8513	24	14	14	1	0	0	2019	0	0
1965	nahrowi	0.4475	0.5783	7	5	8	4	3	4.0662	2019	0.75	1.0166
1966	nahrowi n.	0.4471	0.5299	7	6	7	2	1	1.3554	2019	0.5	0.6777
1980	namula z.	0.2168	0.7927	38	8	16	2	5	6.777	2019	2.5	3.3885
1982	nandika d.	-0.0375	-0.0867	1	5	8	7	3	4.0662	2019	0.4286	0.5809
1989	nasetion f.i.	0.5698	-0.3035	15	11	11	1	0	0	2019	0	0
2001	natawijaya a.	0.0619	-0.4491	1	9	22	5	7	9.4878	2019	1.4	1.8976
2002	nates-parra g.	0.4974	0.7862	16	23	40	2	17	23.0419	2019	8.5	11.5209
2015	nawawi d.s.	-0.9253	-0.3939	4	14	19	4	5	6.777	2019	1.25	1.6943
2016	nazir n.	-0.5534	0.2788	10	13	13	1	3	4.0662	2019	3	4.0662
2022	ng x.e.	0.9391	0.3796	25	11	11	1	0	0	2019	0	0
2024	nguyen h.	0.7511	0.6129	27	15	15	1	0	0	2019	0	0
2025	nguyen n.t.	0.2207	0.7489	38	8	23	3	8	10.8432	2019	2.6667	3.6144
2026	niam a.g.	-0.0351	-0.6726	10	3	6	3	0	0	2019	0	0
2027	nie s.	-1.1916	-0.0477	36	11	11	1	10	13.554	2019	10	13.554
2028	niinemets ü.	-0.6571	-1.0816	32	12	12	1	14	18.9757	2019	14	18.9757
2029	nik zaidin n.h.a.-r.	0.9983	-0.3151	12	18	18	1	1	1.3554	2019	1	1.3554
2030	nikmatin s.	-0.6485	-0.3567	4	3	9	3	6	8.1324	2019	2	2.7108
2032	nindiar h.e.	-0.8074	0.8665	23	13	13	1	0	0	2019	0	0
2036	ningsih s.s.	-0.1244	0.2637	5	6	10	2	2	2.7108	2019	1	1.3554
2038	nirmala k.	0.1896	0.0361	11	8	12	6	3	4.0662	2019	0.5	0.6777
2043	nishihashi m.	0.0038	0.9092	18	21	39	2	0	0	2019	0	0
2044	niu f.	-0.2291	0.5708	5	20	20	1	5	6.777	2019	5	6.777
2045	nobre a.d.	0.4478	-0.8251	14	13	13	1	2	2.7108	2019	2	2.7108
2046	nomura m.	-0.2278	0.5318	5	20	20	1	5	6.777	2019	5	6.777
2050	noor e.	-0.0446	-0.3363	6	4	5	7	5	6.777	2019	0.7143	0.9681
2056	norizah k.	0.9958	-0.5558	12	18	18	1	8	10.8432	2019	8	10.8432
2060	noviana d.	-0.1002	-0.2634	6	6	6	2	2	2.3554	2019.5	1	1.1777
2064	novianty i.	-0.4918	-0.2823	22	2	3	3	0	0	2019	0	0
2066	novitasari a.	-0.6566	0.5969	33	12	12	1	0	0	2019	0	0
2076	nugraha a.b.	1.0932	0.6726	37	10	10	1	5	6.777	2019	5	6.777
2082	nugraha m.s.	-0.034	0.9394	18	21	39	2	0	0	2019	0	0
2084	nugraha r.	-1.1186	-0.0044	36	12	15	3	12	16.2648	2019	4	5.4216
2085	nugraha r.b.a.	-0.3976	-0.5244	31	9	9	1	1	1.3554	2019	1	1.3554
2086	nugrahani a.d.	0.7571	-0.5666	28	10	10	1	0	0	2019	0	0
2090	nugroho b.	-0.4532	0.0361	9	6	7	4	4	5.4216	2019	1	1.3554
2092	nugroho d.	-0.1234	-0.1009	2	3	5	3	1	1.3554	2019	0.3333	0.4518
2095	nugroho r.	-0.1326	0.8848	18	21	39	3	0	0	2019	0	0
2106	"nurbayadi, kurnianto w."	-0.4912	0.9354	24	14	14	1	0	0	2019	0	0
2107	nurcholis w.	0.0789	-0.1297	1	9	13	7	4	5.4216	2019	0.5714	0.7745
2108	nurdiati s.	-1.2375	0.2263	48	0	0	4	0	0	2019	0	0
2114	nurhaeni w.	-0.2669	0.8147	34	11	11	1	0	0	2019	0	0
2119	nurhayati r.w.	1.3176	-0.0747	40	4	7	2	0	0	2019	0	0
2120	nurhayati t.	0.3183	0.024	3	6	11	6	4	5.4216	2019	0.6667	0.9036
2122	"nurhayati, saidah i."	-0.2917	0.8317	34	11	11	1	0	0	2019	0	0
2125	nurhidayu s.	0.9408	-0.4234	12	31	36	2	9	12.1986	2019	4.5	6.0993
2127	nurilmala m.	0.2696	-0.0854	3	23	43	22	15	20.3311	2019	0.6818	0.9241
2131	"nurjanah, abdullah a."	0.1744	-0.2853	13	5	11	3	2	2.7108	2019	0.6667	0.9036
2143	nurjaya i.w.	-0.053	-0.2068	2	4	4	4	1	1.3554	2019	0.25	0.3389
2155	nurmansyah a.	0.0735	0.3178	20	2	2	3	3	4.0662	2019	1	1.3554
2160	nurrochmat d.r.	-0.5857	-0.0002	21	20	26	10	22	29.8189	2019	2.2	2.9819
2165	nuruddin a.a.	0.9342	-0.284	12	18	18	1	1	1.3554	2019	1	1.3554
2167	nurul atiqah m.s.	-0.5773	-0.6681	26	9	9	1	0	0	2019	0	0
2172	nurwidya f.	-0.2715	-0.7419	6	11	11	1	0	0	2019	0	0
2177	nurzeha r.	-0.1227	-0.6403	13	10	10	1	6	8.1324	2019	6	8.1324
2181	o'callaghan s.	-1.2205	-0.0324	36	11	11	1	10	13.554	2019	10	13.554
2182	o'connell d.p.	-0.2528	-1.1254	35	11	11	1	1	1.3554	2019	1	1.3554
2186	ohoiulun h.	0.5291	-0.2762	15	15	18	2	0	0	2019	0	0
2188	ohshima j.	-1.1419	-0.5082	39	7	16	3	3	4.0662	2019	1	1.3554
2190	okarda b.	-0.5486	0.1552	10	3	4	2	3	4.0662	2019	1.5	2.0331
2201	olveda r.	0.7094	0.626	27	16	24	2	0	0	2019	0	0
2210	osonoi y.	-0.1479	0.9704	18	21	39	2	0	0	2019	0	0
2211	oteros-roza e.	0.408	0.8639	16	20	20	1	17	23.0419	2019	17	23.0419
2212	oteros-rozas e.	0.6023	0.7958	16	20	20	1	0	0	2019	0	0
2213	otoi t.	0.243	0.713	38	8	23	3	8	10.8432	2019	2.6667	3.6144
2214	owolabi f.a.t.	-0.5615	-0.5812	26	11	21	3	11	14.9094	2019	3.6667	4.9698
2215	o’b. lyver p.	0.4065	0.8206	16	20	20	1	17	23.0419	2019	17	23.0419
2217	paavola j.	-0.8306	0.026	21	9	9	1	19	25.7527	2019	19	25.7527
2219	pahlevi k.	0.5641	-0.3585	15	11	11	1	0	0	2019	0	0
2222	pairah p.	0.0032	0.4094	8	6	10	2	0	0	2019	0	0
2226	palmer c.a.	-0.1613	-1.1372	35	11	11	1	1	1.3554	2019	1	1.3554
2228	palupi e.k.	-0.5448	-0.2461	22	7	21	5	9	12.1986	2019	1.8	2.4397
2236	pamungkas j.	0.2705	0.4117	8	4	5	2	1	1.3554	2019	0.5	0.6777
2243	pandjaitan n.h.	-1.0971	0.811	49	0	0	3	0	0	2019	0	0
2246	pandolfi j.m.	1.0233	-0.0652	19	21	21	1	1	1.3554	2019	1	1.3554
2251	panggabean p.b.	-0.694	0.6368	33	13	13	2	0	0	2019	0	0
2255	panuju d.r.	-0.4094	-1.272	50	0	0	3	6	8.1324	2019	2	2.7108
2261	pari g.	-0.5865	-0.4148	4	5	5	4	2	2.7108	2019	0.5	0.6777
2263	paridah m.t.	-0.5447	-0.6595	26	9	9	1	0	0	2019	0	0
2266	park s.h.	-0.8519	-0.2502	4	9	10	2	2	2.7108	2019	1	1.3554
2268	parman r.p.	0.9679	-0.2993	12	18	18	1	1	1.3554	2019	1	1.3554
2276	paulangan y.p.	-0.3878	-0.1566	2	5	8	2	1	1.3554	2019	0.5	0.6777
2284	perala i.	-0.5997	0.5204	33	13	13	2	0	0	2019	0	0
2289	perera-castro a.v.	-0.6956	-1.0369	32	12	12	1	14	18.9757	2019	14	18.9757
2290	permana i.g.	0.3902	0.339	7	3	3	4	1	1.3554	2019	0.25	0.3389
2292	permata r.d.	-0.8771	0.8106	23	13	13	1	0	0	2019	0	0
2296	pert p.l.	0.5187	0.9236	16	23	40	2	17	23.0419	2019	8.5	11.5209
2299	pertiwi r.m.	0.3489	0.0483	3	3	4	3	3	4.0662	2019	1	1.3554
2310	pingkan j.	0.7457	-0.1322	29	9	9	1	0	0	2019	0	0
2315	poerwanto r.	0.0717	-0.532	1	8	23	8	10	13.554	2019	1.25	1.6943
2316	poetri o.n.	0.6312	0.3846	7	5	9	4	4	5.4216	2019	1	1.3554
2317	polle a.	-0.243	0.4489	5	29	30	2	14	18.9757	2019	7	9.4878
2319	pomeroy r.s.	0.2875	-0.393	13	9	9	1	7	9.4878	2019	7	9.4878
2323	potapov a.	-0.4333	0.7124	23	2	4	2	1	1.3554	2019	0.5	0.6777
2325	pottathara y.b.	-0.5447	-0.6948	26	9	9	1	0	0	2019	0	0
2326	potts s.g.	0.5605	0.7663	16	23	40	2	17	23.0419	2019	8.5	11.5209
2328	poveda g.	0.3988	-0.8646	14	13	13	1	2	2.7108	2019	2	2.7108
2329	prabowo b.	0.5137	-0.3736	15	18	23	3	4	5.4216	2019	1.3333	1.8072
2340	prajaputra v.	-0.1188	-0.1864	6	3	5	3	1	1.3554	2019	0.3333	0.4518
2346	pramova e.	-0.8481	0.07	21	9	9	1	19	25.7527	2019	19	25.7527
2355	prangdimurti e.	0.2629	-0.2061	6	8	13	6	1	1.3554	2019	0.1667	0.2259
2357	prartono t.	-0.0867	-0.095	2	10	12	7	6	8.1324	2019	0.8571	1.1618
2359	prasetial m.f.	0.4707	-0.3952	15	9	9	1	4	5.4216	2019	4	5.4216
2360	prasetiyo s.l.	0.1249	-0.2208	13	4	6	3	1	1.3554	2019	0.3333	0.4518
2365	prasetyo a.	-1.1648	-0.4422	39	6	12	2	3	4.0662	2019	1.5	2.0331
2369	prasetyo l.b.	-0.0373	0.0893	8	24	38	19	15	20.3311	2019	0.7895	1.0701
2377	pratama g.	1.3569	-0.0589	40	4	4	2	4	5.4216	2019	2	2.7108
2378	pratama m.	-0.2451	0.7959	34	11	11	1	0	0	2019	0	0
2385	pratiwi n.t.m.	-0.308	-0.2272	2	7	9	5	2	2.7108	2019	0.4	0.5422
2387	pratomo w.	0.6953	-1.1287	30	13	13	1	4	5.4216	2019	4	5.4216
2388	pravitasari a.e.	-0.2876	0.0707	9	6	9	4	0	0	2019	0	0
2390	prawira a.y.	0.5877	0.2435	7	4	5	2	1	1.3554	2019	0.5	0.6777
2394	prayitno a.	-0.7946	0.3904	9	9	9	1	0	0	2019	0	0
2397	priadi t.	-0.12	-0.0392	1	2	3	3	9	12.1986	2019	3	4.0662
2399	priandana k.	-1.1672	0.3822	41	4	10	5	4	5.4216	2019	0.8	1.0843
2401	pribadi e.s.	0.6105	-1.1005	30	13	13	1	4	5.4216	2019	4	5.4216
2407	priosoeryanto b.p.	0.1501	-0.4731	1	4	10	8	3	4.0662	2019	0.375	0.5083
2409	priston n.e.c.	-0.18	-1.1637	35	11	11	1	1	1.3554	2019	1	1.3554
2411	priyanto j.a.	0.3633	0.2417	3	2	3	2	4	5.4216	2019	2	2.7108
2415	"pudjianto, buchori d."	0.1403	0.425	8	3	6	5	3	4.0662	2019	0.6	0.8132
2424	purbani d.	-0.4164	-0.4991	31	9	9	1	1	1.3554	2019	1	1.3554
2432	purnawarman t.	0.6218	0.4203	7	4	4	2	0	0	2019	0	0
2433	purnomo h.	-0.5284	0.1579	10	3	4	3	3	4.0662	2019	1	1.3554
2440	purwantara b.	-0.1893	0.0156	11	6	7	3	22	29.8189	2019	7.3333	9.9396
2446	purwanto y.a.	-0.2361	-0.3867	10	9	14	13	9	12.1986	2019	0.6923	0.9384
2449	purwoko b.s.	-0.0579	-0.4998	1	11	18	7	5	6.777	2019	0.7143	0.9681
2457	puspitasari d.	-0.1048	0.2887	5	6	10	2	2	2.7108	2019	1	1.3554
2463	putra b.r.	0.2286	1.147	17	19	30	4	19	25.7527	2019	4.75	6.4382
2464	putra e.i.	-0.7985	0.3322	9	16	25	7	3	4.0662	2019	0.4286	0.5809
2470	putra w.p.b.	-0.2824	0.2432	11	4	5	2	4	5.4216	2019	2	2.7108
2476	putri c.s.	-0.8639	0.7805	23	13	13	1	0	0	2019	0	0
2488	putri s.p.	0.3367	1.0111	17	3	4	2	0	0	2019	0	0
2489	putri t.	0.7225	-0.6314	28	15	19	2	1	1.3554	2019	0.5	0.6777
2494	qaim m.	-0.1692	0.4063	5	14	14	2	10	13.554	2019	5	6.777
2498	qian l.	-0.4171	0.1111	21	6	9	2	1	1.3554	2019	0.5	0.6777
2500	qomarilla n.	0.6949	-0.649	28	15	19	2	1	1.3554	2019	0.5	0.6777
2501	quezada-euán j.j.g.	0.4517	0.8425	16	23	40	2	17	23.0419	2019	8.5	11.5209
2512	rachmat h.h.	-0.4045	-0.3587	4	3	3	4	1	1.3554	2019	0.25	0.3389
2518	rafi m.	0.3683	1.024	17	4	5	6	2	2.7108	2019	0.3333	0.4518
2521	rahardjo m.f.	-0.1583	-0.2549	2	6	8	4	0	0	2019	0	0
2530	rahayu s.	-0.2896	0.1497	11	5	5	2	3	4.0662	2019	1.5	2.0331
2544	rahman d.a.	0.0927	0.3949	8	2	2	2	3	4.0662	2019	1.5	2.0331
2564	raithby p.r.	0.2094	1.236	17	11	11	1	1	1.3554	2019	1	1.3554
2566	rakhman a.	-0.091	1.0068	18	21	39	2	0	0	2019	0	0
2569	ramadhan h.	-0.6933	0.5805	33	12	12	1	0	0	2019	0	0
2571	ramadhan r.	0.3466	0.328	7	3	3	2	0	0	2019	0	0
2572	ramadhan w.s.	0.6962	-0.569	28	10	10	1	0	0	2019	0	0
2575	rambe r.a.	-0.8206	0.8383	23	13	13	1	0	0	2019	0	0
2578	ramli f.	0.9693	-0.2636	12	18	18	1	1	1.3554	2019	1	1.3554
2589	rauf a.	0.0542	0.2963	20	3	3	3	2	2.7108	2019	0.6667	0.9036
2592	reddington c.l.	0.4002	-0.6661	14	13	13	1	5	6.777	2019	5	6.777
2596	rembold k.	-0.3074	0.404	5	22	23	2	8	10.8432	2019	4	5.4216
2603	retrawimbi a.y.	0.8103	-0.1392	29	9	9	1	0	0	2019	0	0
2606	rhyma p.p.	0.9857	-0.475	12	18	18	1	8	10.8432	2019	8	10.8432
2609	rianti p.	0.1222	0.3867	8	3	3	2	7	9.4878	2019	3.5	4.7439
2612	ribas-carbó m.	-0.6023	-1.0706	32	12	12	1	14	18.9757	2019	14	18.9757
2615	ridla m.	0.3852	0.5275	7	7	18	8	14	18.9757	2019	1.75	2.372
2617	ridwan r.	0.3988	0.481	7	7	11	4	2	2.7108	2019	0.5	0.6777
2620	ridwanuloh a.	-0.298	-0.7916	6	11	11	1	0	0	2019	0	0
2621	rifai a.	-0.0892	0.8916	18	21	39	2	0	0	2019	0	0
2624	riginos c.	1.0724	0.0629	19	21	21	1	1	1.3554	2019	1	1.3554
2628	rinaldi d.	0.0477	0.401	8	6	6	2	0	0	2019	0	0
2629	rinaldi p.s.	-0.6941	0.5465	33	12	12	1	0	0	2019	0	0
2634	risdiyanto i.	-0.0017	-1.1719	44	1	1	3	0	0	2019	0	0
2637	ritonga a.w.	0.0328	-0.4936	1	6	19	4	6	8.1324	2019	1.5	2.0331
2641	riyanto m.	-0.1128	-0.5775	13	12	13	4	8	10.8432	2019	2	2.7108
2644	rizal s.	-0.6288	-0.6285	26	17	33	5	21	28.4635	2019	4.2	5.6927
2649	rizali a.	0.1222	0.4448	8	4	7	5	4	5.4216	2019	0.8	1.0843
2651	rizk m.a.	1.0793	0.6488	37	10	10	1	5	6.777	2019	5	6.777
2655	rizqia e.k.	-0.6667	0.5697	33	12	12	1	0	0	2019	0	0
2669	roig-oliver m.	-0.6214	-1.0989	32	12	12	1	14	18.9757	2019	14	18.9757
2673	rosadi i.	-1.1338	0.6077	42	4	4	1	2	2.7108	2019	2	2.7108
2674	roslan m.k.	1.0499	-0.4978	12	18	18	1	8	10.8432	2019	8	10.8432
2675	rosliana i.	-1.0995	0.609	42	4	4	1	2	2.7108	2019	2	2.7108
2682	roué m.	0.5322	0.7975	16	23	40	2	17	23.0419	2019	8.5	11.5209
2684	ruchimat t.	0.3232	-0.3751	13	10	10	2	7	9.4878	2019	3.5	4.7439
2685	rudianto y.	-0.1001	0.2146	8	4	6	2	1	1.3554	2019	0.5	0.6777
2687	ruethers t.	-1.1543	-0.0354	36	11	14	2	12	16.2648	2019	6	8.1324
2690	rumanti i.a.	-0.0079	-0.5003	1	5	6	2	1	1.3554	2019	0.5	0.6777
2696	rusmana i.	0.2252	0.17	11	11	14	8	9	12.1986	2019	1.125	1.5248
2697	rusniarsyah l.	-0.8424	0.8641	23	13	13	1	0	0	2019	0	0
2701	rustiadi e.	-0.2519	0.0611	9	6	11	8	1	1.3554	2019	0.125	0.1694
2705	röll a.	-0.3072	0.5945	5	20	22	2	7	9.4878	2019	3.5	4.7439
2709	saad a.	-0.6487	0.3086	9	17	21	4	2	2.7108	2019	0.5	0.6777
2710	saber abdelrahman a.	-0.1642	0.064	11	4	4	1	10	13.554	2019	10	13.554
2712	sabiham s.	-0.5553	0.1186	9	6	10	4	8	10.8432	2019	2	2.7108
2714	sack l.	-0.6511	-1.1112	32	12	12	1	14	18.9757	2019	14	18.9757
2716	sadewa s.	0.7778	-0.1164	29	9	9	1	0	0	2019	0	0
2717	sadik k.	0.2989	-0.0494	3	3	4	4	0	0	2019	0	0
2720	saeed s.	0.4849	0.8679	16	23	40	2	17	23.0419	2019	8.5	11.5209
2724	safika s.	-0.7518	-0.0998	2	6	7	3	1	1.3554	2019	0.3333	0.4518
2726	safithri m.	0.2391	0.2489	3	3	7	4	0	0	2019	0	0
2735	saharjo b.h.	-0.7197	0.4007	9	13	17	7	4	5.4216	2019	0.5714	0.7745
2739	sahner j.	-0.2746	0.439	5	29	30	2	14	18.9757	2019	7	9.4878
2741	said s.	-0.2402	0.2	11	6	9	4	5	6.777	2019	1.25	1.6943
2742	sailah i.	-0.2873	-0.3998	10	3	3	4	1	1.3554	2019	0.25	0.3389
2746	sajuthi d.	0.2405	0.3953	8	7	10	5	1	1.3554	2019	0.2	0.2711
2756	saleh m.b.	-0.4379	0.1374	21	6	8	4	1	1.3554	2019	0.25	0.3389
2764	samdin z.	0.924	-0.3212	12	18	18	1	1	1.3554	2019	1	1.3554
2765	samodro m.r.	0.7264	-0.5918	28	10	10	1	0	0	2019	0	0
2767	samsudin a.a.	0.2888	0.5588	7	4	8	2	0	0	2019	0	0
2773	sandmann d.	-0.5062	0.7015	23	4	9	3	9	12.1986	2019	3	4.0662
2774	sangadji i.m.	0.4777	-0.2427	15	7	7	1	0	0	2019	0	0
2775	santi n.a.	-0.4065	0.0873	21	6	9	2	1	1.3554	2019	0.5	0.6777
2780	santosa e.	0.1067	-0.5957	1	3	3	3	1	1.3554	2019	0.3333	0.4518
2781	santosa g.	-0.7614	0.0631	9	3	6	2	1	1.3554	2019	0.5	0.6777
2783	santosa y.	-0.1678	0.4454	24	4	6	14	1	1.3554	2019	0.0714	0.0968
2785	santoso a.	-0.6489	-0.4245	4	3	6	3	2	2.7108	2019	0.6667	0.9036
2786	santoso i.	-0.351	0.0124	9	3	3	3	0	0	2019	0	0
2787	santoso j.	-0.1051	-0.4007	1	4	4	5	6	8.1324	2019	1.2	1.6265
2789	santoso n.	-0.3653	-0.1916	2	1	1	4	0	0	2019	0	0
2790	santoso p.	0.5087	-0.3073	15	17	26	4	0	0	2019	0	0
2796	sapardi s.	-0.709	-0.5303	4	5	5	1	1	1.3554	2019	1	1.3554
2801	saptomo s.k.	0.0913	-0.7279	10	5	5	4	0	0	2019	0	0
2808	saputra s.y.	-0.5655	0.3287	10	13	13	1	3	4.0662	2019	3	4.0662
2809	saputri m.	-0.7141	-0.057	2	7	9	2	0	0	2019	0	0
2815	sari a.a.	-0.5213	0.284	10	13	13	1	3	4.0662	2019	3	4.0662
2821	sari f.p.	-0.7254	-0.5102	4	5	5	1	1	1.3554	2019	1	1.3554
2822	sari i.m.	-0.8186	0.0531	21	9	9	1	19	25.7527	2019	19	25.7527
2825	sari m.	0.1216	-0.6055	1	1	1	2	1	1.3554	2019	0.5	0.6777
2828	sari r.	-0.4764	0.9019	24	14	14	1	0	0	2019	0	0
2829	sari r.k.	-0.8166	-0.0651	9	12	15	4	4	5.4216	2019	1	1.3554
2831	sari w.n.	-0.7233	-0.0957	2	5	6	2	1	1.3554	2019	0.5	0.6777
2832	sari y.w.	-0.1336	-0.3305	6	6	6	6	2	2.3554	2019.1667	0.3333	0.3926
2836	sarong m.a.	-0.6388	-0.0651	2	5	5	2	0	0	2019	0	0
2837	sartiami d.	1.2737	0.2744	51	0	0	2	0	0	2019	0	0
2840	sartono b.	0.3281	-0.0399	3	4	7	11	2	2.7108	2019	0.1818	0.2464
2842	sarwono k.a.	0.3733	0.6146	7	2	4	2	1	1.3554	2019	0.5	0.6777
2845	sasmito s.d.	0.1625	-0.2253	20	2	3	2	10	13.554	2019	5	6.777
2847	sato h.	-0.5788	-0.2464	22	7	21	4	6	8.1324	2019	1.5	2.0331
2851	satria a.	-0.4701	0.0018	2	8	8	5	3	4.0662	2019	0.6	0.8132
2852	satrija f.	0.5713	0.4871	27	18	26	5	2	2.7108	2019	0.4	0.5422
2853	satrio r.d.	-0.1059	-0.8644	1	3	5	3	1	1.3554	2019	0.3333	0.4518
2854	satyaningtijas a.s.	0.563	0.25	7	4	4	2	1	1.3554	2019	0.5	0.6777
2855	saurabh c.k.	-0.6801	-0.6759	26	9	9	1	0	0	2019	0	0
2856	sayasone s.	0.6774	0.6173	27	16	24	2	0	0	2019	0	0
2857	scheu s.	-0.4225	0.68	23	7	16	7	11	14.9094	2019	1.5714	2.1299
2858	schmitt j.m.f.	0.2781	1.1172	17	12	12	1	7	9.4878	2019	7	9.4878
2859	schneider d.	-0.2247	0.3919	5	10	10	1	9	12.1986	2019	9	12.1986
2861	schuldt b.	-0.4653	0.3577	5	4	4	1	0	0	2019	0	0
2863	sedgwick a.c.	0.1923	1.2067	17	11	11	1	1	1.3554	2019	1	1.3554
2864	seftiono h.	0.3754	-0.1999	6	5	10	2	1	1.3554	2019	0.5	0.6777
2866	seidel d.	-0.3366	0.5263	5	25	29	2	10	13.554	2019	5	6.777
2873	seminar k.b.	0.0408	-0.1216	1	4	6	8	3	4.0662	2019	0.375	0.5083
2876	septiana w.	-0.0179	0.3861	8	6	10	2	0	0	2019	0	0
2877	septiani n.l.w.	-0.6459	-0.1899	22	3	4	2	2	2.7108	2019	1	1.3554
2883	setiadi m.a.	-0.1538	0.1388	11	3	7	5	3	4.0662	2019	0.6	0.8132
2886	setianto e.	-0.7649	0.3947	9	9	9	1	0	0	2019	0	0
2888	setiawan a.	-0.3134	-0.5156	31	15	15	5	2	2.7108	2019	0.4	0.5422
2890	setiawan a.a.r.	-0.5979	0.3202	10	13	13	1	3	4.0662	2019	3	4.0662
2891	setiawan b.i.	0.1219	-0.6801	10	6	11	6	6	8.1324	2019	1	1.3554
2893	setiawan f.	0.7782	-0.1409	29	9	9	1	0	0	2019	0	0
2894	setiawan i.	-0.6037	0.0378	2	3	6	4	3	4.0662	2019	0.75	1.0166
2896	setiawan s.	0.7579	1.08	43	2	6	4	3	4.0662	2019	0.75	1.0166
2897	setiawan y.	-0.0172	0.2582	8	13	20	15	2	2.7108	2019	0.1333	0.1807
2898	setiawati m.	0.4534	0.1033	3	9	10	4	5	6.777	2019	1.25	1.6943
2904	setiyono a.	0.6448	0.3454	7	5	5	3	6	8.1324	2019	2	2.7108
2909	setyaningsih c.a.	-0.6382	0.1575	9	4	8	2	2	2.7108	2019	1	1.3554
2910	setyaningsih d.	-0.1332	-0.2291	1	2	2	3	1	1.3554	2019	0.3333	0.4518
2911	setyaningsih i.	0.2617	0.2328	3	2	6	3	0	0	2019	0	0
2912	setyaningsih l.	-0.2073	0.2569	5	2	2	2	0	0	2019	0	0
2913	setyawan a.	-0.8707	0.8454	23	13	13	1	0	0	2019	0	0
2917	setyobudiandi i.	-0.3624	-0.1328	2	6	8	5	0	0	2019	0	0
2920	shabrina s.	0.7178	-0.7234	28	9	9	1	1	1.3554	2019	1	1.3554
2922	shamsuddin i.	1.0706	-0.4613	12	18	18	1	8	10.8432	2019	8	10.8432
2923	shantiko b.	-0.5513	0.2121	10	16	16	2	4	5.4216	2019	2	2.7108
2925	sheil d.	0.3945	-0.8041	14	13	13	1	2	2.7108	2019	2	2.7108
2930	shirakawa h.	0.8817	0.2982	25	12	13	3	2	2.7108	2019	0.6667	0.9036
2936	sholikin m.m.	0.4809	0.5555	7	4	8	3	3	4.0662	2019	1	1.3554
2949	simanjuntak c.p.h.	-0.1264	-0.2753	2	8	10	4	1	1.3554	2019	0.25	0.3389
2951	simeon b.m.	0.5998	-0.1794	29	8	12	3	0	0	2019	0	0
2960	siregar i.z.	-0.3296	-0.2971	4	11	20	11	7	9.4878	2019	0.6364	0.8625
2961	siregar k.	-0.4929	0.1677	10	14	14	2	3	4.0662	2019	1.5	2.0331
2962	siregar n.c.	0.1276	0.2179	8	4	4	1	0	0	2019	0	0
2965	siregar u.j.	-0.3436	-0.334	4	8	15	10	3	4.0662	2019	0.3	0.4066
2966	siregar v.p.	-0.2834	-0.1832	2	2	2	4	0	0	2019	0	0
2968	sisharmini a.	0.0563	-0.3937	1	5	6	2	0	0	2019	0	0
2969	siskandar r.	-0.4837	-0.2662	22	2	3	2	0	0	2019	0	0
2976	siti aminah i.	1.0662	-0.5349	12	18	18	1	8	10.8432	2019	8	10.8432
2983	sivakumar t.	1.0527	0.6618	37	10	10	1	5	6.777	2019	5	6.777
2989	skládal p.	0.153	1.19	17	11	11	1	1	1.3554	2019	1	1.3554
2990	slembrouck j.	0.0756	0.0872	11	3	3	1	2	2.7108	2019	2	2.7108
2992	sobariah s.	-1.1263	0.588	42	4	4	1	2	2.7108	2019	2	2.7108
2993	sobir	0.0114	0.1077	1	3	5	3	0	0	2019	0	0
2995	sobir s.	-0.2344	-0.4378	10	2	3	3	0	0	2019	0	0
3000	"sobir, widodo w.d."	0.0666	-0.4882	1	6	15	3	5	6.777	2019	1.6667	2.259
3003	soebijanto s.	0.1069	0.2276	8	4	4	1	0	0	2019	0	0
3005	soedharma d.	0.621	-0.28	15	4	5	2	0	0	2019	0	0
3009	soejoedono r.d.	0.6018	0.377	7	6	11	6	4	5.4216	2019	0.6667	0.9036
3016	soewardi k.	-0.4024	-0.1148	2	2	4	3	0	0	2019	0	0
3021	sofyan a.	0.1612	0.1377	3	4	6	3	2	2.7108	2019	0.6667	0.9036
3025	solahudin m.	-0.0368	-0.6458	10	3	6	2	0	0	2019	0	0
3028	solihin d.d.	-0.0887	0.1356	11	3	3	3	1	1.3554	2019	0.3333	0.4518
3031	solikhin a.	-0.6771	-0.3484	4	3	9	3	6	8.1324	2019	2	2.7108
3036	sondita m.f.a.	0.2257	-0.3292	13	14	20	5	9	12.1986	2019	1.8	2.4397
3040	sopandie d.	-0.0835	-0.2101	1	6	6	4	0	0	2019	0	0
3044	spracklen d.v.	0.4124	-0.7306	14	26	26	2	7	9.4878	2019	3.5	4.7439
3046	squires a.m.	0.2522	1.0574	17	12	12	1	7	9.4878	2019	7	9.4878
3047	sri aprilia n.a.	-0.6247	-0.6726	26	16	24	3	10	13.554	2019	3.3333	4.518
3048	sri aprilla n.a.	-0.5414	-0.5221	26	6	6	1	1	1.3554	2019	1	1.3554
3052	sripa b.	0.7479	0.5273	27	16	24	2	0	0	2019	0	0
3055	stegeman j.a.	0.7154	-1.0562	30	13	16	2	4	5.4216	2019	2	2.7108
3056	stiegler c.	-0.0464	0.2804	20	3	5	2	1	1.3554	2019	0.5	0.6777
3060	subagja j.	0.0627	0.1058	11	3	3	1	2	2.7108	2019	2	2.7108
3064	subhan b.	0.5619	-0.4193	15	44	73	13	6	8.1324	2019	0.4615	0.6256
3067	sucahyo l.	-0.0127	-0.6585	10	3	6	3	0	0	2019	0	0
3070	sudarja y.	-0.1358	-0.7056	13	10	10	1	6	8.1324	2019	6	8.1324
3073	sudarsono s.	0.0618	-0.2672	1	9	9	5	4	5.4216	2019	0.8	1.0843
3081	sudji i.r.	0.6995	-0.6956	28	9	9	1	1	1.3554	2019	1	1.3554
3082	sudrajat a.o.	0.2949	-0.0035	3	5	10	4	0	0	2019	0	0
3085	sugama a.	0.6634	-1.069	30	13	13	1	4	5.4216	2019	4	5.4216
3089	sugita p.	0.2459	0.1292	3	2	2	3	2	2.7108	2019	0.6667	0.9036
3091	sugiyanta	-0.1133	-0.4745	1	4	6	2	1	1.3554	2019	0.5	0.6777
3093	sugoro i.	0.3767	0.4401	7	4	7	2	0	0	2019	0	0
3098	suharguniyawan e.	-0.0493	0.8587	18	21	39	2	0	0	2019	0	0
3099	suharjito d.	-0.7166	0.0568	9	4	7	3	2	2.7108	2019	0.6667	0.9036
3104	suharsono s.	-0.1707	-0.7811	6	15	15	3	0	0	2019	0	0
3111	suharti s.	0.4305	0.4177	7	3	5	4	5	6.777	2019	1.25	1.6943
3112	suhartono m.t.	0.4611	-0.0943	6	6	8	5	5	6.777	2019	1	1.3554
3120	sujarnoko t.u.p.	0.4104	0.5479	7	5	7	2	10	13.554	2019	5	6.777
3134	sukenda s.	0.4742	0.1403	3	5	5	2	0	0	2019	0	0
3136	sukma d.	0.0511	-0.1519	1	5	7	4	1	1.3554	2019	0.25	0.3389
3144	sulaiman a.	-0.0777	0.9305	18	21	39	2	0	0	2019	0	0
3145	sulaiman a.a.	0.1173	-0.7164	10	4	6	2	0	0	2019	0	0
3163	sullivan c.a.	0.4251	-0.7954	14	13	13	1	2	2.7108	2019	2	2.7108
3167	sumantri c.	-0.2294	0.1575	11	9	10	5	2	2.7108	2019	0.4	0.5422
3169	sumardi i.	-0.9205	-0.3455	4	11	14	2	1	1.3554	2019	0.5	0.6777
3170	sumardjo s.	-0.505	0.0313	2	3	3	3	4	5.4216	2019	1.3333	1.8072
3179	sumaryada t.	0.1349	0.024	3	10	19	12	7	9.4878	2019	0.5833	0.7907
3189	sunarti t.c.	0.2884	0.0487	3	2	2	5	1	1.3554	2019	0.2	0.2711
3191	sundari s.	0.084	0.1072	11	3	3	1	2	2.7108	2019	2	2.7108
3192	sundawati l.	-0.4343	0.4751	5	9	14	2	7	9.4878	2019	3.5	4.7439
3194	sunkar a.	-0.1593	0.4674	24	1	3	4	0	0	2019	0	0
3196	suparno o.	0.2189	0.2127	3	1	1	4	0	0	2019	0	0
3197	suparto i.h.	0.2534	0.3321	8	5	5	2	0	0	2019	0	0
3199	"supartopo, aswidinnoor h."	-0.0094	-0.827	1	6	6	1	0	0	2019	0	0
3205	suprayudi m.a.	0.3711	0.1575	3	8	9	5	2	2.7108	2019	0.4	0.5422
3207	supriadi s.	0.1674	-0.5108	1	2	6	3	0	0	2019	0	0
3224	supriyono e.	0.2974	0.1151	11	12	17	6	1	1.3554	2019	0.1667	0.2259
3239	suryandari d.a.	0.1188	0.1978	8	4	4	1	0	0	2019	0	0
3245	suryaningtyas d.t.	-0.2852	-0.0299	9	2	2	3	0	0	2019	0	0
3249	suryobroto b.	0.1571	0.4775	8	9	13	6	9	12.1986	2019	1.5	2.0331
3254	susanto a.	-0.0841	-0.6106	13	12	13	3	6	8.1324	2019	2	2.7108
3264	susilowati a.	-0.433	-0.3757	4	5	5	3	1	1.3554	2019	0.3333	0.4518
3267	sutandi a.	-0.0098	-0.1759	1	3	3	2	0	0	2019	0	0
3269	sutikno s.	-0.8195	0.4061	9	9	9	2	0	0	2019	0	0
3273	sutjahjo s.h.	0.0239	0.0233	1	3	5	3	0	0	2019	0	0
3279	sutrisno d.	-0.4105	-0.0019	21	11	17	4	2	2.7108	2019	0.5	0.6777
3294	suwarno	0.0065	-0.8047	1	6	6	1	0	0	2019	0	0
3295	suwarno w.b.	-0.0043	-0.616	1	14	21	9	14	18.9757	2019	1.5556	2.1084
3297	"suwarto, riyanto a."	-0.0066	-0.7821	1	6	6	1	0	0	2019	0	0
3298	suwedi n.	-0.1202	0.9252	18	21	39	2	0	0	2019	0	0
3300	suyatma n.e.	0.5091	-0.083	6	1	1	5	1	1.3554	2019	0.2	0.2711
3301	suyatman s.	-0.6351	-0.1685	22	3	3	1	1	1.3554	2019	1	1.3554
3306	suzuki-hashido n.	0.1619	0.5554	8	4	4	1	1	1.3554	2019	1	1.3554
3308	syafei l.s.	-0.1683	-0.2878	2	3	3	2	0	0	2019	0	0
3309	syafii w.	-0.8469	-0.4229	4	15	22	6	6	8.1324	2019	1	1.3554
3310	syafitri u.d.	0.4566	0.0034	3	2	3	5	0	0	2019	0	0
3311	syafutra h.	0.1241	0.0585	3	5	9	4	3	4.0662	2019	0.75	1.0166
3313	syaharani l.	-0.3747	-0.4666	31	9	9	1	1	1.3554	2019	1	1.3554
3317	syahruddin e.	-0.2407	-0.75	6	11	11	1	0	0	2019	0	0
3322	syamsu k.	-0.1081	-0.303	1	5	7	5	9	12.1986	2019	1.8	2.4397
3324	syamsudin d.l.	-0.6596	0.5419	33	12	12	1	0	0	2019	0	0
3331	syaufina l.	0.294	-0.5064	14	15	17	3	7	9.4878	2019	2.3333	3.1626
3332	syaukat y.	0.1959	-1.2658	52	0	0	4	0	0	2019	0	0
3334	syifa k.	-0.8097	0.8112	23	13	13	1	0	0	2019	0	0
3335	syukur m.	0.0121	-0.0678	1	12	17	10	3	4.0662	2019	0.3	0.4066
3343	takeuchi r.	-1.1009	-0.5178	39	4	4	1	0	0	2019	0	0
3345	taki a.c.	-1.1834	-0.0184	36	11	11	1	10	13.554	2019	10	13.554
3346	talib latif m.	0.377	-0.6387	14	13	13	1	5	6.777	2019	5	6.777
3351	tambunan a.h.	-0.367	-0.0916	10	2	2	4	1	1.3554	2019	0.25	0.3389
3353	tampubolon b.i.	-0.4207	-0.0439	21	1	2	2	0	0	2019	0	0
3358	tanaka j.	-0.3693	-0.6364	31	4	6	2	4	5.4216	2019	2	2.7108
3359	tangkawattana s.	0.7821	0.5495	27	15	15	1	0	0	2019	0	0
3360	tanihara f.	0.2659	0.7422	38	8	23	3	8	10.8432	2019	2.6667	3.6144
3366	tarman k.	0.242	0.2044	3	4	8	5	0	0	2019	0	0
3367	tartila t.s.	0.7525	-0.7218	28	9	9	1	1	1.3554	2019	1	1.3554
3369	taryono t.	-0.4199	-0.1686	2	6	6	2	1	1.3554	2019	0.5	0.6777
3374	taufik m.	0.4235	-0.2719	6	17	22	5	8	10.8432	2019	1.6	2.1686
3376	tayebwa d.s.	1.1362	0.6527	37	10	10	1	5	6.777	2019	5	6.777
3380	terai y.	0.1317	0.5602	8	4	4	1	1	1.3554	2019	1	1.3554
3381	terao y.	-0.0085	0.8697	18	21	39	2	0	0	2019	0	0
3385	thesiana l.	0.3153	0.1655	11	3	6	2	0	0	2019	0	0
3388	thomas a.	-0.7873	0.4211	9	9	9	1	0	0	2019	0	0
3389	thomas s.	-0.5791	-0.703	26	9	9	1	0	0	2019	0	0
3397	tjahjono b.	-0.0023	-0.2509	13	4	8	5	2	2.7108	2019	0.4	0.5422
3399	tjitropranoto p.	-0.5021	0.0604	2	3	3	3	1	1.3554	2019	0.3333	0.4518
3406	toonen r.j.	0.9485	-0.0036	19	21	21	1	1	1.3554	2019	1	1.3554
3407	tosens t.	-0.6831	-1.0987	32	12	12	1	14	18.9757	2019	14	18.9757
3408	tosh d.g.	-0.2023	-1.0994	35	11	11	1	1	1.3554	2019	1	1.3554
3409	tosi a.j.	0.2536	0.4309	8	2	2	1	0	0	2019	0	0
3411	treml e.	1.0898	0.0314	19	21	21	1	1	1.3554	2019	1	1.3554
3414	triadiati t.	-0.422	0.3534	5	5	5	3	0	0	2019	0	0
3418	tridesianti s.	0.167	0.0683	11	5	6	2	1	1.3554	2019	0.5	0.6777
3420	trijatmiko k.r.	0.0331	-0.3991	1	5	6	2	0	0	2019	0	0
3421	trijunianto a.	-0.5077	0.9071	24	14	14	1	0	0	2019	0	0
3433	triyono t.	-0.3306	-0.4631	31	11	11	2	1	1.3554	2019	0.5	0.6777
3436	tscharntke t.	-0.0875	0.5142	8	5	9	3	10	13.554	2019	3.3333	4.518
3437	tsuji y.	0.1231	0.5116	8	2	5	4	5	6.777	2019	1.25	1.6943
3440	tuinenburg o.a.	0.3828	-0.8365	14	13	13	1	2	2.7108	2019	2	2.7108
3443	tung t.-h.	0.9054	0.3769	25	11	11	1	0	0	2019	0	0
3444	tung y.-t.	0.8921	0.3487	25	11	11	1	0	0	2019	0	0
3445	tunggadewi t.i.	-1.105	0.5887	42	4	4	1	2	2.7108	2019	2	2.7108
3448	turjaman m.	-0.1856	-0.1515	1	4	4	2	1	1.3554	2019	0.5	0.6777
3452	tuvshintulga b.	1.1244	0.6811	37	10	10	1	5	6.777	2019	5	6.777
3453	tyas a.	-0.2586	0.8434	34	11	11	1	0	0	2019	0	0
3456	uddin m.j.	-0.3076	0.1876	11	4	6	2	2	2.7108	2019	1	1.3554
3459	ugur m.r.	-0.1436	0.051	11	4	4	1	10	13.554	2019	10	13.554
3466	ullyartha h.	0.7954	0.6127	27	15	15	1	0	0	2019	0	0
3469	umam r.	-0.5595	-0.2129	22	7	21	4	6	8.1324	2019	1.5	2.0331
3472	usman h.a.	0.6923	-0.6007	28	10	10	1	0	0	2019	0	0
3475	utama n.a.	-0.6199	0.2601	10	13	13	1	3	4.0662	2019	3	4.0662
3481	utami d.w.	-0.0277	-0.8096	1	6	6	1	0	0	2019	0	0
3483	utomo a.r.h.	-0.2279	-0.7763	6	11	11	1	0	0	2019	0	0
3486	utomo t.h.a.	-0.5321	0.2534	10	13	13	1	3	4.0662	2019	3	4.0662
3488	utzinger j.	0.7107	0.5258	27	16	24	2	0	0	2019	0	0
3489	van der ent r.j.	0.4589	-0.8767	14	13	13	1	2	2.7108	2019	2	2.7108
3501	wachjar a.	-0.0033	0.3211	1	4	4	5	6	8.1324	2019	1.2	1.6265
3507	wahjuni s.	-1.1665	0.3526	41	3	4	2	0	0	2019	0	0
3509	wahyono t.	0.3833	0.4141	7	4	7	2	0	0	2019	0	0
3510	wahyu y.	-0.1792	-0.5287	1	3	3	3	2	2.7108	2019	0.6667	0.9036
3512	wahyudi a.t.	0.3417	0.2031	3	8	11	7	14	18.9757	2019	2	2.7108
3514	wahyudi i.	-1.0757	-0.4516	39	13	22	5	5	6.777	2019	1	1.3554
3515	wahyudi s.t.	0.1984	0.0988	3	4	7	4	1	1.3554	2019	0.25	0.3389
3517	wahyudin y.	-0.3717	-0.3804	31	15	15	4	2	2.7108	2019	0.5	0.6777
3520	wahyuni s.	-0.2535	0.0095	9	4	4	3	8	10.8432	2019	2.6667	3.6144
3522	wahyuni w.t.	0.2814	0.972	17	16	22	5	11	14.9094	2019	2.2	2.9819
3524	wai k.t.	0.7765	0.6414	27	15	15	1	0	0	2019	0	0
3525	waite m.	-0.6354	-1.0157	32	12	12	1	14	18.9757	2019	14	18.9757
3526	waite p.-a.	-0.4679	0.3815	5	4	4	1	0	0	2019	0	0
3528	walsh f.c.	0.1964	1.1617	17	19	29	3	11	14.9094	2019	3.6667	4.9698
3537	wardiatno y.	-0.2962	-0.1183	2	9	9	9	14	18.9757	2019	1.5556	2.1084
3543	warsiki e.	-0.1003	-0.3487	1	4	6	5	11	14.9094	2019	2.2	2.9819
3546	wasis b.	-0.7364	0.43	9	2	3	4	1	1.3554	2019	0.25	0.3389
3550	watanabe t.	-0.7268	-0.5495	4	5	7	2	1	1.3554	2019	0.5	0.6777
3552	wattimena r.c.	-0.0184	0.9836	18	21	39	2	0	0	2019	0	0
3555	wayson c.	0.1983	-0.9154	20	10	10	1	5	6.777	2019	5	6.777
3559	wheeler p.m.	-0.2229	-1.1228	35	11	11	1	1	1.3554	2019	1	1.3554
3560	white a.t.	0.2618	-0.4218	13	9	9	1	7	9.4878	2019	7	9.4878
3562	wibawa h.	0.6163	-1.0637	30	13	13	1	4	5.4216	2019	4	5.4216
3563	wibawan i.w.t.	0.4901	0.3426	7	6	7	6	0	0	2019	0	0
3565	wibowo c.	-0.6552	0.6288	33	12	12	1	0	0	2019	0	0
3566	wibowo m.h.	0.6773	-1.1025	30	13	13	2	4	5.4216	2019	2	2.7108
3568	wicaksono p.	-0.987	-0.1463	4	1	4	4	0	0	2019	0	0
3569	wicaksono r.z.	0.4447	-0.4188	15	9	9	1	4	5.4216	2019	4	5.4216
3572	widanarni w.	0.5059	0.0867	3	7	11	4	7	9.4878	2019	1.75	2.372
3580	widayati k.a.	0.144	0.5296	8	5	10	5	7	9.4878	2019	1.4	1.8976
3586	widiastuti e.	-0.4917	0.8715	24	14	14	1	0	0	2019	0	0
3587	widiatmaka	-0.1803	-0.203	6	4	4	3	1	1.3554	2019	0.3333	0.4518
3608	widodo p.	-0.026	0.1775	6	2	3	3	1	1.3554	2019	0.3333	0.4518
3609	widodo s.	-0.0675	-0.5773	10	10	16	8	8	10.8432	2019	1	1.3554
3616	widyastuti r.	-0.4671	0.6939	23	5	14	7	10	13.554	2019	1.4286	1.9363
3618	widyastuti t.	-1.1168	0.6209	42	4	4	1	2	2.7108	2019	2	2.7108
3622	wiedinmyer c.	0.4308	-0.6573	14	13	13	1	5	6.777	2019	5	6.777
3625	wigena a.h.	0.4766	-0.024	3	3	4	4	0	0	2019	0	0
3627	wijanarko t.	0.782	-0.089	29	9	9	1	0	0	2019	0	0
3630	wijaya c.h.	0.226	0.2688	3	1	1	4	6	8.1324	2019	1.5	2.0331
3632	wijaya i.p.g.	-1.1735	-0.4765	39	6	12	2	3	4.0662	2019	1.5	2.0331
3640	wijayanto a.k.	0.2696	0.2974	7	3	3	3	0	0	2019	0	0
3642	wijayanto n.	-0.3037	-0.3618	4	4	5	5	0	0	2019	0	0
3644	wikantika k.	-0.1473	0.1971	8	5	8	3	2	2.7108	2019	0.6667	0.9036
3647	williamson n.a.	-1.2188	0.0301	36	11	11	1	10	13.554	2019	10	13.554
3648	willingham a.l.	0.6554	0.5461	27	9	9	1	0	0	2019	0	0
3649	wiloso e.i.	-0.5861	0.2699	10	13	13	1	3	4.0662	2019	3	4.0662
3651	winarti c.	0.2523	0.021	3	2	3	3	1	1.3554	2019	0.3333	0.4518
3654	windarsih a.	0.3851	1.038	17	1	2	2	2	2.7108	2019	1	1.3554
3657	windyaswari a.s.	-0.3368	-0.2574	2	5	5	1	1	1.3554	2019	1	1.3554
3661	wirnas d.	-0.1576	-0.3942	1	5	5	3	1	1.3554	2019	0.3333	0.4518
3663	wiryawan b.	0.2993	-0.3525	13	10	11	3	9	12.1986	2019	3	4.0662
3664	wiryawan k.g.	0.419	0.3878	7	9	11	8	10	13.554	2019	1.25	1.6943
3666	wistara i.n.j.	-0.7339	-0.4037	4	7	7	2	4	5.4216	2019	2	2.7108
3667	wistara n.j.	-0.7618	-0.3528	4	14	17	4	8	10.8432	2019	2	2.7108
3669	wittayarat m.	0.2518	0.7768	38	8	23	3	8	10.8432	2019	2.6667	3.6144
3670	wiweko b.	0.0968	0.2077	8	4	4	1	0	0	2019	0	0
3679	wu h.-h.	0.9066	0.3231	25	11	11	1	0	0	2019	0	0
3682	wulandari a.s.	-0.335	0.2784	11	4	4	5	4	5.4216	2019	0.8	1.0843
3685	wulandari r.	0.0899	-0.3013	13	2	2	2	2	2.7108	2019	1	1.3554
3686	wulandari s.	-0.2788	0.0334	9	4	6	2	0	0	2019	0	0
3689	"wulandari, wahjuni s."	-1.1861	0.4088	41	3	6	2	4	5.4216	2019	2	2.7108
3694	xu j.	0.74	0.649	27	15	15	1	0	0	2019	0	0
3696	xuenjun w.	-0.4312	0.0699	21	4	4	1	0	0	2019	0	0
3699	yahya s.a.	-0.717	0.6043	33	12	12	1	0	0	2019	0	0
3707	yan x.	0.1503	0.5765	8	4	4	1	1	1.3554	2019	1	1.3554
3708	yang s.-c.	0.9696	0.3289	25	11	11	1	0	0	2019	0	0
3710	yani m.	-0.0446	-0.3561	6	1	2	4	1	1.3554	2019	0.25	0.3389
3711	yanti h.	-0.5802	-0.3492	4	7	13	4	2	2.7108	2019	0.5	0.6777
3714	yanto d.h.y.	-0.7493	-0.5211	4	5	7	2	1	1.3554	2019	0.5	0.6777
3718	yasril r.	-0.2565	-0.7966	6	11	11	1	0	0	2019	0	0
3722	yeh c.-l.	0.9207	0.2958	25	11	11	1	0	0	2019	0	0
3723	yokota s.	-1.1086	-0.4797	39	7	16	3	3	4.0662	2019	1	1.3554
3724	yokoyama n.	1.0987	0.7003	37	10	10	1	5	6.777	2019	5	6.777
3725	yokoyama t.	-0.9099	-0.477	4	5	10	2	2	2.7108	2019	1	1.3554
3736	yudha f.k.	0.2155	-0.236	15	4	5	2	0	0	2019	0	0
3738	yuhana m.	0.4366	0.0794	3	9	11	5	7	9.4878	2019	1.4	1.8976
3740	yuliana e.	-0.1928	-0.1239	2	3	3	2	2	2.7108	2019	1	1.3554
3742	yuliana p.	0.3212	0.5597	7	4	8	2	0	0	2019	0	0
3743	yulianda f.	-0.458	-0.1294	2	8	10	7	1	1.3554	2019	0.1429	0.1936
3746	yulianto i.	0.537	-0.1787	29	9	15	7	2	2.7108	2019	0.2857	0.3873
3749	yuliarto b.	-0.6046	-0.2127	22	10	22	6	7	9.4878	2019	1.1667	1.5813
3752	"yullianida, santoso, nafisah, cruz c.v."	-0.0335	-0.7851	1	6	6	1	0	0	2019	0	0
3755	yuni c.	0.2902	-0.4267	13	9	9	1	7	9.4878	2019	7	9.4878
3765	yunus m.	-0.2205	-0.5997	6	16	16	4	2	2.3554	2019.25	0.5	0.5889
3766	yusfiandayani r.	0.1397	-0.2832	13	7	15	5	2	2.7108	2019	0.4	0.5422
3768	yusoff f.m.	1.0252	-0.5259	12	18	18	1	8	10.8432	2019	8	10.8432
3776	yuxing z.	-0.444	0.0976	21	6	9	2	1	1.3554	2019	0.5	0.6777
3782	zaini j.	-0.2968	-0.7619	6	11	11	1	0	0	2019	0	0
3783	zaini l.h.	-0.7749	-0.393	4	7	7	2	4	5.4216	2019	2	2.7108
3788	zairin m.	0.4063	0.1214	3	9	10	4	0	0	2019	0	0
3792	zaiton s.	1.0158	-0.491	12	18	18	1	8	10.8432	2019	8	10.8432
3795	zamani n.p.	0.3538	-0.1164	3	5	7	7	10	13.554	2019	1.4286	1.9363
3797	zemp d.c.	-0.3712	0.5213	5	25	34	3	12	16.2648	2019	4	5.4216
3798	zhizhin m.	-0.1746	-0.6596	13	10	10	1	6	8.1324	2019	6	8.1324
3799	zhou x.-n.	0.6788	0.5836	27	16	24	2	0	0	2019	0	0
3800	zubaidah s.	-0.5213	0.952	24	14	14	1	0	0	2019	0	0
3804	zulfahmi i.	-0.0729	0.1195	11	3	3	2	2	2.7108	2019	1	1.3554
3811	zulkarnain r.	0.2931	0.1755	11	3	6	2	0	0	2019	0	0
