id	label	x	y	cluster	weight<Links>	weight<Total link strength>	weight<Documents>	weight<Citations>	weight<Norm. citations>	score<Avg. pub. year>	score<Avg. citations>	score<Avg. norm. citations>
3	abdillah a.a.	0.4816	-0.1511	10	13	21	10	2	1.9378	2019	0.2	0.1938
6	abdul rahim h.r.	-0.4465	0.6073	5	6	9	2	0	0	2019	0	0
9	abdullah k.l.	-0.26	0.5372	11	12	17	4	6	5.8135	2019	1.5	1.4534
15	abdulloh a.	-0.2548	0.0244	6	8	8	4	6	5.8135	2019	1.5	1.4534
18	abe m.	1.0303	0.3312	21	17	17	1	1	0.9689	2019	1	0.9689
19	abe t.	-0.5963	-0.3698	6	17	17	1	5	4.8446	2019	5	4.8446
33	adi a.c.	-0.5365	0.174	3	5	6	6	6	5.8135	2019	1	0.9689
49	aditiawarman a.	0.2285	0.4506	9	14	14	2	1	0.9689	2019	0.5	0.4845
58	adriani m.	-0.468	0.1031	3	4	4	6	0	0	2019	0	0
61	ady j.	-0.473	0.3256	5	3	4	4	2	1.9378	2019	0.5	0.4845
63	affandi m.	0.4435	-0.3124	10	9	11	3	6	5.8135	2019	2	1.9378
72	agil m.	-0.3847	0.1007	3	3	4	4	5	4.8446	2019	1.25	1.2111
75	agusni i.	0.0526	0.372	8	8	20	5	0	0	2019	0	0
77	agusta m.k.	-0.4428	0.9565	35	6	9	2	2	1.9378	2019	1	0.9689
79	agustiana b.n.d.	0.1633	-0.1264	1	12	12	1	0	0	2019	0	0
89	agustono b.	0.4928	0.3908	4	5	7	6	1	0.9689	2019	0.1667	0.1615
100	ahmad b.a.	-0.5252	0.6996	5	12	13	2	0	0	2019	0	0
101	ahmad f.	-0.4272	0.725	35	8	10	3	3	2.9068	2019	1	0.9689
102	ahmad h.	-0.3767	0.7835	33	30	110	39	75	72.6688	2019	1.9231	1.8633
105	ahmad m.t.	-0.7241	0.6224	5	13	31	6	10	9.6892	2019	1.6667	1.6149
112	ahsan	-0.0256	0.6728	7	7	38	9	1	0.9689	2019	0.1111	0.1077
113	ahsan a.	-0.1421	0.4596	7	14	39	11	33	31.9743	2019	3	2.9068
119	aidit s.n.	-0.2639	0.8566	33	6	13	5	18	17.4405	2019	3.6	3.4881
120	aik ong t.	0.9182	-0.7661	12	11	11	1	1	0.9689	2019	1	0.9689
124	aisyah n.d.	-0.4549	0.8432	35	7	9	2	1	0.9689	2019	0.5	0.4845
130	akaza h.	0.9291	-0.7378	12	11	11	1	1	0.9689	2019	1	0.9689
131	akbar a.	0.3421	0.5108	9	15	15	2	3	2.9068	2019	1.5	1.4534
133	akbar m.i.a.	0.2886	0.6273	9	6	9	3	1	0.9689	2019	0.3333	0.323
136	akbar r.r.	0.8845	0.661	37	7	18	3	6	5.8135	2019	2	1.9378
138	akiyama y.	0.9702	0.4135	21	17	17	1	1	0.9689	2019	1	0.9689
144	al fauzi a.	0.2222	0.8022	43	2	2	2	6	5.8135	2019	3	2.9068
153	al-azzawi a.a.	-0.5869	0.8424	5	13	40	5	4	3.8757	2019	0.8	0.7751
154	al-farabi m.j.	-0.1144	-0.0697	2	2	2	3	1	0.9689	2019	0.3333	0.323
158	al-masoodi a.h.h.	-0.7949	0.7372	5	5	12	4	17	16.4716	2019	4.25	4.1179
163	alam a.	-0.1331	-0.5361	17	17	17	1	3	2.9068	2019	3	2.9068
164	alam j.	0.8572	0.0738	32	5	9	3	4	3.8757	2019	1.3333	1.2919
165	alam m.j.	0.8039	-0.026	32	9	49	17	7	6.7824	2019	0.4118	0.399
167	alamsjah m.a.	0.4889	-0.08	10	15	22	13	23	22.2851	2019	1.7692	1.7142
170	alayyannur p.a.	-0.0425	0.1878	7	6	13	11	2	1.9378	2019	0.1818	0.1762
171	albersen m.	1.0061	-0.5791	12	15	27	2	16	15.5027	2019	8	7.7513
174	alda r.r.	-0.0938	-0.2165	20	11	11	1	1	0.9689	2019	1	0.9689
177	alenezi h.	-1.2065	-0.1018	22	16	16	1	10	9.6892	2019	10	9.6892
179	alfarisi r.	0.6152	-0.6627	25	2	5	3	5	4.8446	2019	1.6667	1.6149
184	alfiyanita r.n.	0.1897	-0.1717	1	12	12	1	0	0	2019	0	0
187	ali a.	0.2397	-0.095	1	2	2	2	0	0	2019	0	0
192	ali u.u.m.	-0.5348	0.5525	5	8	11	2	1	0.9689	2019	0.5	0.4845
197	alisjahbana b.	-0.0924	-0.3857	17	21	21	2	5	4.8446	2019	2.5	2.4223
205	almukhtar a.a.	-0.5598	0.8114	5	13	40	5	4	3.8757	2019	0.8	0.7751
206	alsagaff m.y.	-0.1163	-0.2341	20	11	11	1	1	0.9689	2019	1	0.9689
211	alyousefi n.a.	-0.8424	-0.4572	28	13	13	1	2	1.9378	2019	2	1.9378
213	ama f.	-0.1504	0.0046	1	3	5	4	4	3.8757	2019	1	0.9689
236	amin m.	-0.1397	-0.1264	20	34	44	9	20	19.3783	2019	2.2222	2.1531
237	amin m.h.f.	0.3465	-0.2041	1	6	8	5	5	4.8446	2019	1	0.9689
238	amin m.n.g.	0.4596	-0.0926	10	6	7	3	1	0.9689	2019	0.3333	0.323
239	aminah n.s.	-0.0054	0.5042	14	10	23	8	11	10.6581	2019	1.375	1.3323
248	amir m.s.	-0.539	-0.9912	26	15	33	6	4	3.8757	2019	0.6667	0.6459
253	amizuka n.	0.9749	0.3186	21	17	17	1	1	0.9689	2019	1	0.9689
257	ana e.f.	-0.4805	-0.2111	6	8	10	2	1	0.9689	2019	0.5	0.4845
259	anam f.	0.4879	1.0813	24	15	15	1	1	0.9689	2019	1	0.9689
274	andini p.w.	0.8461	-0.276	19	17	17	1	3	2.9068	2019	3	2.9068
282	andriyono s.	0.8268	0.0008	32	12	66	23	12	11.627	2019	0.5217	0.5055
285	angelika d.	-0.5106	-0.1041	3	5	10	2	0	0	2019	0	0
291	anggraeni s.	0.1591	0.5217	8	5	10	3	0	0	2019	0	0
307	anova d.f.	-0.9977	-0.7161	36	3	8	3	0	0	2019	0	0
309	ansori a.n.m.	0.1856	0.2015	14	18	47	9	52	50.3837	2019	5.7778	5.5982
314	anwar c.	0.4208	0.1925	4	9	14	6	6	5.8135	2019	1	0.9689
325	apsari r.	-0.526	0.4744	5	13	17	5	12	11.627	2019	2.4	2.3254
327	ardani i.g.a.w.	0.0045	0.0555	14	4	4	4	13	12.5959	2019	3.25	3.149
335	ardiansyah a.	0.6047	-0.4828	25	12	12	1	1	0.9689	2019	1	0.9689
338	ardianto c.	-1.1714	0.3091	46	3	6	5	2	1.9378	2019	0.4	0.3876
353	ari m.d.a.	0.5054	0.4209	4	3	5	3	2	1.9378	2019	0.6667	0.6459
355	ariani m.d.	1.1665	-0.2046	50	0	0	2	2	1.9378	2019	1	0.9689
362	arief y.s.	-0.3391	0.2701	11	5	12	5	3	2.9068	2019	0.6	0.5814
369	ariffin a.	-0.0514	-1.2617	44	3	6	2	7	6.7824	2019	3.5	3.3912
370	arifianto d.	-0.4192	0.3158	5	4	5	3	2	1.9378	2019	0.6667	0.6459
372	arifianto m.r.	0.2542	0.8248	43	4	4	2	1	0.9689	2019	0.5	0.4845
373	arifin a.z.	-0.6563	-0.7732	45	3	11	5	7	6.7824	2019	1.4	1.3565
374	arifin b.	-0.8922	-0.0572	34	4	7	2	4	3.8757	2019	2	1.9378
390	arita k.	0.4287	-0.6688	23	14	27	2	3	2.9068	2019	1.5	1.4534
393	ariyoshi k.	-0.3138	-0.7358	31	11	11	1	1	0.9689	2019	1	0.9689
398	armedya t.p.	-0.3147	-0.0249	6	8	13	3	5	4.8446	2019	1.6667	1.6149
402	arof h.	-0.6836	0.6012	5	16	39	8	30	29.0675	2019	3.75	3.6334
406	arsad s.	0.5131	-0.3277	10	6	9	3	15	14.5338	2019	5	4.8446
411	artanti k.d.	-0.6869	0.13	3	5	11	4	3	2.9068	2019	0.75	0.7267
419	aryananda r.a.	0.3273	0.609	9	14	22	4	1	0.9689	2019	0.25	0.2422
423	ascobat p.	-0.765	-0.0622	34	5	8	2	1	0.9689	2019	0.5	0.4845
426	ashariati a.	-0.2412	-0.0634	20	3	3	6	0	0	2019	0	0
435	astanto d.	0.1817	-0.9632	18	20	20	1	3	2.9068	2019	3	2.9068
436	astari l.	0.1331	0.502	8	7	11	4	0	0	2019	0	0
440	astuti e.r.	-0.6322	-0.7445	45	4	12	6	7	6.7824	2019	1.1667	1.1304
445	astuti s.d.	-0.3759	0.2676	5	10	19	9	15	14.5338	2019	1.6667	1.6149
454	athiyah u.	-0.1033	0.1675	3	4	8	7	6	5.8135	2019	0.8571	0.8305
455	athiyyah a.f.	-0.423	-0.288	15	29	68	13	13	12.5959	2019	1	0.9689
464	atthiyah a.f.	-0.4995	-0.581	15	12	12	1	6	5.8135	2019	6	5.8135
474	aurizki g.e.	-0.2386	0.4297	11	6	11	6	5	4.8446	2019	0.8333	0.8074
476	avasthi a.	0.1132	1.0112	13	26	48	2	3	2.9068	2019	1.5	1.4534
488	ayuningtyas n.f.	-0.3088	-0.2846	2	11	11	2	13	12.5959	2019	6.5	6.298
489	azhar m.h.	0.5517	-0.1835	10	5	11	5	2	1.9378	2019	0.4	0.3876
506	bagus qomaruddin m.	-0.5727	0.1967	3	8	9	3	1	0.9689	2019	0.3333	0.323
508	bahar b.	-0.8192	0.4437	47	3	6	2	0	0	2019	0	0
510	baharom m.f.	-0.7065	0.7325	5	11	19	3	25	24.2229	2019	8.3333	8.0743
515	bajamal a.h.	0.2472	0.7996	43	6	6	4	7	6.7824	2019	1.75	1.6956
524	bandow k.	-0.5932	-0.9498	26	8	14	2	4	3.8757	2019	2	1.9378
531	basiri a.	-1.2119	-0.1317	22	16	16	1	10	9.6892	2019	10	9.6892
534	basrowi r.w.	-0.5752	-0.5625	15	12	16	2	7	6.7824	2019	3.5	3.3912
537	basuki p.s.	-0.257	-0.5124	17	4	12	3	2	1.9378	2019	0.6667	0.6459
538	basuki rahmat m.	0.5991	-0.5327	25	12	12	1	1	0.9689	2019	1	0.9689
543	baumann k.	-0.8598	-0.5382	28	13	13	1	2	1.9378	2019	2	1.9378
554	berniyanti t.	-0.8624	0.3012	7	10	35	10	9	8.7203	2019	0.9	0.872
565	bivalacqua t.j.	1.0739	-0.5963	12	15	27	2	16	15.5027	2019	8	7.7513
566	blackburn j.	1.081	0.0844	16	20	20	1	1	0.9689	2019	1	0.9689
568	boli l.s.p.	-0.4823	0.9105	35	8	17	3	1	0.9689	2019	0.3333	0.323
570	bou s.	-1.1398	-0.1589	22	16	16	1	10	9.6892	2019	10	9.6892
575	bramantoro t.	-0.7983	0.2563	7	12	55	23	30	29.0675	2019	1.3043	1.2638
577	budhi widodo r.	0.6299	-0.5266	25	12	12	1	1	0.9689	2019	1	0.9689
580	budi d.s.	0.5122	-0.1304	10	11	20	8	7	6.7824	2019	0.875	0.8478
602	buskens e.	0.4056	-1.1695	39	6	12	2	5	4.8446	2019	2.5	2.4223
604	büssing a.	-0.8718	-0.462	28	13	13	1	2	1.9378	2019	2	1.9378
609	cahyaning putri e.a.	-0.1208	-0.208	20	11	11	1	1	0.9689	2019	1	0.9689
619	cao q.	-0.8988	-0.0346	34	4	7	2	4	3.8757	2019	2	1.9378
622	castiglione f.	1.0469	-0.5108	12	15	27	2	16	15.5027	2019	8	7.7513
627	chalidyanto d.	-0.2977	0.1801	7	3	4	6	1	0.9689	2019	0.1667	0.1615
628	chamidah n.	0.2246	-0.436	1	5	10	18	45	43.6013	2019	2.5	2.4223
632	chandra wardhana d.e.	0.5063	1.0632	24	15	15	1	1	0.9689	2019	1	0.9689
636	chaouat g.	0.51	0.7103	9	15	15	1	1	0.9689	2019	1	0.9689
639	chee k.-y.	-0.0225	1.0716	13	26	48	2	3	2.9068	2019	1.5	1.4534
643	chen x.	0.4084	0.471	4	5	5	2	2	1.9378	2019	1	0.9689
646	cheng x.s.	-0.5213	0.7718	5	9	13	2	3	2.9068	2019	1.5	1.4534
651	chiu h.f.k.	0.0171	1.0634	13	26	48	2	3	2.9068	2019	1.5	1.4534
654	cho s.y.	-1.1483	-0.1238	22	16	16	1	10	9.6892	2019	10	9.6892
660	chong m.-y.	0.1187	1.0954	13	26	48	2	3	2.9068	2019	1.5	1.4534
673	chung b.h.	0.9041	-0.7434	12	11	11	1	1	0.9689	2019	1	0.9689
679	citrasari n.	0.2416	-0.2682	1	5	10	11	9	8.7203	2019	0.8182	0.7928
680	citrashanty i.	0.1259	0.4089	8	7	7	2	5	4.8446	2019	2.5	2.4223
691	dachlan e.g.	0.3314	0.563	9	12	15	3	2	1.9378	2019	0.6667	0.6459
693	dachlan y.p.	-0.5928	0.2369	3	5	6	4	5	4.8446	2019	1.25	1.2111
694	dadi t.b.	0.5384	0.2033	4	6	17	9	0	0	2019	0	0
696	daengs gs a.	0.4597	1.039	24	15	15	1	1	0.9689	2019	1	0.9689
703	dahlui m.	-0.1568	-1.0054	38	7	18	6	18	17.4405	2019	3	2.9068
708	damayanti a.	1.1665	0.5928	48	1	5	5	4	3.8757	2019	0.8	0.7751
712	damayanti n.a.	-0.6206	0.2123	3	11	15	16	1	0.9689	2019	0.0625	0.0606
718	danaee m.	-0.2773	0.5805	11	4	8	2	1	0.9689	2019	0.5	0.4845
723	darma a.	-0.4476	-0.309	15	29	68	13	13	12.5959	2019	1	0.9689
724	darmanto w.	0.1114	0.2009	14	13	51	13	51	49.4148	2019	3.9231	3.8011
729	darmokoesoemo h.	0.0275	-0.2003	1	4	12	7	3	2.9068	2019	0.4286	0.4153
733	das s.	-0.6434	0.7697	5	21	67	9	16	15.5027	2019	1.7778	1.7225
736	dawonauth l.	0.5564	0.7566	9	15	15	1	1	0.9689	2019	1	0.9689
737	de ridder d.	0.9712	-0.5608	12	15	29	4	18	17.4405	2019	4.5	4.3601
739	dechend r.	0.4825	0.7021	9	15	15	1	1	0.9689	2019	1	0.9689
741	dekker g.a.	0.4278	0.638	9	26	26	2	2	1.9378	2019	1	0.9689
743	delaneira a.d.h.	-0.9259	0.142	3	6	12	2	0	0	2019	0	0
745	deng l.	-0.5503	-0.4046	6	17	17	1	5	4.8446	2019	5	4.8446
746	deng y.l.	-1.1802	-0.2048	22	16	16	1	10	9.6892	2019	10	9.6892
758	devy s.r.	-0.4726	0.2001	3	10	11	9	2	1.9378	2019	0.2222	0.2153
760	dewantari j.r.	-0.3118	1.1952	30	11	11	1	3	2.9068	2019	3	2.9068
774	dewi n.n.	0.5715	-0.2698	10	7	15	6	2	1.9378	2019	0.3333	0.323
786	dhar a.	-0.5718	0.7598	5	22	75	10	16	15.5027	2019	1.6	1.5503
789	dian s.	0.8392	-0.2479	19	17	17	1	3	2.9068	2019	3	2.9068
793	diana n.r.	-0.5396	-0.5695	15	12	12	1	6	5.8135	2019	6	5.8135
794	diana r.	-0.5419	0.1976	3	4	5	3	3	2.9068	2019	1	0.9689
801	dimyati k.	-0.5601	0.6621	5	15	20	3	12	11.627	2019	4	3.8757
803	dinana z.	-0.5758	-0.2994	6	23	29	3	9	8.7203	2019	3	2.9068
804	dinaryanti a.	-0.034	-0.2484	2	15	53	8	40	38.7567	2019	5	4.8446
810	dipojono h.k.	-0.4631	0.8843	35	9	25	6	3	2.9068	2019	0.5	0.4845
827	djojodemedjo t.	-1.1734	-0.1734	22	16	16	1	10	9.6892	2019	10	9.6892
832	doan y.h.	-0.5869	-0.4076	6	17	17	1	5	4.8446	2019	5	4.8446
836	dong m.	0.1552	1.0186	13	24	24	1	1	0.9689	2019	1	0.9689
838	doohan d.	-0.9148	-0.1751	27	4	8	2	3	2.9068	2019	1.5	1.4534
845	duarsa g.w.k.	-0.3324	-1.222	41	5	8	2	0	0	2019	0	0
849	duthie m.	0.0224	0.3939	8	7	13	2	0	0	2019	0	0
850	dutta d.	-0.64	0.8426	5	11	19	2	1	0.9689	2019	0.5	0.4845
854	dwi santoso a.	0.6318	-0.4744	25	12	12	1	1	0.9689	2019	1	0.9689
863	dzikri m.f.	-0.2976	-0.0027	6	8	13	3	5	4.8446	2019	1.6667	1.6149
865	earlia n.	-0.0229	-0.0442	20	5	11	3	15	14.5338	2019	5	4.8446
869	edwards t.	-0.3057	-0.7642	31	11	11	1	1	0.9689	2019	1	0.9689
870	efendi f.	-0.2281	0.3535	11	19	41	24	55	53.2904	2019	2.2917	2.2204
871	effendi m.h.	0.4127	0.0775	4	5	8	5	13	12.5959	2019	2.6	2.5192
882	el hakim z.	-0.1103	-0.2564	20	11	11	1	1	0.9689	2019	1	0.9689
884	elan u.	0.1247	-1.0188	18	20	20	1	3	2.9068	2019	3	2.9068
893	empitu m.a.	-0.1036	-0.2874	20	11	14	3	3	2.9068	2019	1	0.9689
895	endaryanto a.	-0.1435	-0.3316	2	13	20	5	1	0.9689	2019	0.2	0.1938
896	eraiko k.	0.3752	0.1994	4	4	12	5	9	8.7203	2019	1.8	1.7441
898	erawati t.	0.0993	0.1109	3	2	3	4	3	2.9068	2019	0.75	0.7267
904	ernawati d.s.	-0.2501	-0.2865	2	28	70	16	67	64.9174	2019	4.1875	4.0573
905	ernawati e.	0.3151	0.5377	9	11	11	1	1	0.9689	2019	1	0.9689
909	ernawati r.	0.3822	0.1453	4	9	11	5	0	0	2019	0	0
921	ertanti n.	0.0267	-0.3417	2	17	35	7	8	7.7513	2019	1.1429	1.1073
922	ervianti e.	0.1396	0.5562	8	5	9	3	0	0	2019	0	0
924	ervina m.	0.6114	-0.9472	29	13	13	1	7	6.7824	2019	7	6.7824
926	esar s.y.	0.5886	-0.995	29	13	13	1	7	6.7824	2019	7	6.7824
929	estiasari r.	0.9001	-0.2704	19	17	17	1	3	2.9068	2019	3	2.9068
930	estoepangestie a.t.s.	-0.2779	1.1577	30	11	11	1	3	2.9068	2019	3	2.9068
931	etika r.	-0.4965	-0.0218	3	13	18	6	0	0	2019	0	0
932	eunus a.t.m.	0.8461	0.0394	32	5	12	4	2	1.9378	2019	0.5	0.4845
942	fadholly a.	0.2171	0.1441	14	9	19	5	13	12.5959	2019	2.6	2.5192
946	fadilla r.n.	-0.428	0.857	35	8	10	2	1	0.9689	2019	0.5	0.4845
954	fahmi m.z.	-0.2618	0.0667	6	21	27	9	16	15.5027	2019	1.7778	1.7225
963	fajar j.k.	0.8718	0.6085	37	7	18	3	6	5.8135	2019	2	1.9378
965	fajarwati r.p.	0.5378	-0.987	29	13	13	1	7	6.7824	2019	7	6.7824
1017	fauziah d.	-0.1343	0.1198	9	3	3	2	0	0	2019	0	0
1022	fauziningtyas r.	-0.3025	0.4577	11	8	15	6	9	8.7203	2019	1.5	1.4534
1029	feenstra t.	0.4025	-1.1985	39	6	12	2	5	4.8446	2019	2.5	2.4223
1030	"ferawati, surjadhana a."	0.562	-0.9381	29	13	13	1	7	6.7824	2019	7	6.7824
1038	ferriastuti w.	0.594	0.3626	8	4	12	3	2	1.9378	2019	0.6667	0.6459
1040	fidianto a.	0.0482	0.0253	2	5	7	2	0	0	2019	0	0
1057	firmansyah m.	0.6489	-0.5444	25	12	12	1	1	0.9689	2019	1	0.9689
1063	fitri p.	-0.4442	-0.2514	15	6	9	2	1	0.9689	2019	0.5	0.4845
1072	fitriani n.	0.2209	-0.3391	1	8	13	10	9	8.7203	2019	0.9	0.872
1079	frick e.	-0.8311	-0.5412	28	13	13	1	2	1.9378	2019	2	1.9378
1080	frida m.	0.8667	-0.2554	19	17	17	1	3	2.9068	2019	3	2.9068
1085	fuchigami t.	-0.479	-1.028	26	5	10	2	0	0	2019	0	0
1086	fujii y.	-0.588	-0.3389	6	17	22	2	8	7.7513	2019	4	3.8757
1088	furukawa t.	0.405	-0.579	23	14	27	2	3	2.9068	2019	1.5	1.4534
1095	ganiem a.r.	0.8255	-0.2966	19	17	17	1	3	2.9068	2019	3	2.9068
1097	garaffa g.	1.0136	-0.6129	12	15	27	2	16	15.5027	2019	8	7.7513
1099	gede oka a.a.	-0.2847	-1.2039	41	5	8	2	1	0.9689	2019	0.5	0.4845
1103	geraldi a.	0.2164	-0.1197	1	17	18	5	5	4.8446	2019	1	0.9689
1110	goettsch w.	0.376	-1.2097	39	6	12	2	5	4.8446	2019	2.5	2.4223
1111	goldman-wohl d.	0.5295	0.6664	9	15	15	1	1	0.9689	2019	1	0.9689
1114	grover s.	0.0046	1.1023	13	26	48	2	3	2.9068	2019	1.5	1.4534
1116	gumilar e.	0.5277	0.764	9	15	15	1	1	0.9689	2019	1	0.9689
1117	gumilar i.	0.135	-0.1324	1	12	12	1	0	0	2019	0	0
1118	gumilar k.e.	0.3094	0.587	9	13	20	3	1	0.9689	2019	0.3333	0.323
1119	gumono g.	0.5499	1.0849	24	15	15	1	1	0.9689	2019	1	0.9689
1122	gunawan a.	0.8882	0.6324	37	7	14	2	3	2.9068	2019	1.5	1.4534
1123	gunawan d.	0.8046	-0.3147	19	17	17	1	3	2.9068	2019	3	2.9068
1124	gunawan e.	-0.6041	-0.2578	6	6	6	2	5	4.8446	2019	2.5	2.4223
1140	gyawali p.	-1.2197	-0.1595	22	16	16	1	10	9.6892	2019	10	9.6892
1147	hadi p.	-0.3405	-0.3613	2	8	9	2	1	0.9689	2019	0.5	0.4845
1153	hadi u.	-0.3599	0.1385	7	4	4	5	0	0	2019	0	0
1156	hadisuyatmana s.	-0.2273	0.4717	11	4	5	5	5	4.8446	2019	1	0.9689
1158	hadju v.	-0.7975	0.4396	47	3	6	2	0	0	2019	0	0
1168	hakim l.	0.9591	-0.6509	12	26	40	6	20	19.3783	2019	3.3333	3.2297
1176	hamid i.s.	0.4557	0.275	4	6	7	6	6	5.8135	2019	1	0.9689
1185	hamisu a.m.	-0.0305	-1.268	44	3	6	2	7	6.7824	2019	3.5	3.3912
1194	handajani r.	-0.1584	0.0663	2	13	21	5	1	0.9689	2019	0.2	0.1938
1201	handayani k.d.	-0.5377	-0.0987	3	5	10	2	0	0	2019	0	0
1205	handijatno d.	0.3925	0.1163	4	6	7	7	3	2.9068	2019	0.4286	0.4153
1217	hanindita m.h.	-0.4649	-0.0059	15	4	13	4	0	0	2019	0	0
1221	hapsari m.m.d.e.a.h.	-0.0759	-0.5332	17	17	17	1	3	2.9068	2019	3	2.9068
1223	haqi d.n.	-0.0068	0.174	7	4	10	7	0	0	2019	0	0
1225	hara k.	1.005	0.3122	21	17	17	1	1	0.9689	2019	1	0.9689
1234	hargono a.	-0.7117	0.1569	3	7	14	4	0	0	2019	0	0
1235	hargono r.	-0.1887	0.3655	7	5	8	6	4	3.8757	2019	0.6667	0.6459
1238	hariadi m.	0.4609	0.0562	4	7	9	3	2	1.9378	2019	0.6667	0.6459
1239	hariani l.	0.3362	0.6585	9	2	2	4	1	0.9689	2019	0.25	0.2422
1241	harianto a.	-0.5182	-0.0787	3	5	10	2	0	0	2019	0	0
1244	harijani n.	0.5359	0.0647	4	11	11	4	4	3.8757	2019	1	0.9689
1251	hariyadi d.m.	0.0652	0.122	3	2	3	5	2	1.9378	2019	0.4	0.3876
1252	hariyani n.	-0.9061	0.3142	7	5	6	3	3	2.9068	2019	1	0.9689
1255	hariyanto s.	0.2045	-0.2331	1	18	21	12	10	9.6892	2019	0.8333	0.8074
1270	hartanto o.s.	0.889	-0.2394	19	17	17	1	3	2.9068	2019	3	2.9068
1271	hartati h.	0.1087	0.3574	14	2	2	2	0	0	2019	0	0
1283	harun s.w.	-0.6005	0.6507	5	45	205	43	102	98.8295	2019	2.3721	2.2984
1285	haryanto j.	-0.2851	0.4886	11	6	8	5	4	3.8757	2019	0.8	0.7751
1287	harymawan i.	-0.8761	-0.848	36	2	8	10	82	79.4512	2019	8.2	7.9451
1294	hasan v.	0.3213	-0.2498	1	2	2	6	10	9.6892	2019	1.6667	1.6149
1297	hasegawa t.	0.9987	0.4205	21	17	17	1	1	0.9689	2019	1	0.9689
1301	hasmono d.	-0.2823	-0.2463	2	1	1	5	1	0.9689	2019	0.2	0.1938
1306	hastutiek p.	0.3367	0.0638	4	6	6	4	6	5.8135	2019	1.5	1.4534
1309	hatta m.	0.3422	-0.7702	23	2	2	2	0	0	2019	0	0
1310	hayashi s.	-0.8059	-0.5228	28	13	13	1	2	1.9378	2019	2	1.9378
1311	hayashi y.	-0.4604	-0.1281	6	8	8	2	1	0.9689	2019	0.5	0.4845
1312	hayati a.	0.3476	-0.1607	1	7	10	5	5	4.8446	2019	1	0.9689
1314	hayaza s.	0.0255	0.2426	14	9	51	10	76	73.6377	2019	7.6	7.3638
1318	hedlund p.	1.0366	-0.5838	12	15	27	2	16	15.5027	2019	8	7.7513
1320	hegar b.	-0.5448	-0.5397	15	12	16	2	7	6.7824	2019	3.5	3.3912
1324	hendarti h.t.	-0.3795	-0.3471	2	8	9	2	1	0.9689	2019	0.5	0.4845
1332	hendrawati e.	0.1507	-0.9504	18	20	20	1	3	2.9068	2019	3	2.9068
1336	hendrianto e.	-0.0492	-0.2051	2	15	37	6	27	26.1608	2019	4.5	4.3601
1337	hendriati l.	0.5723	-0.9121	29	13	13	1	7	6.7824	2019	7	6.7824
1339	hendrijantini n.	0.506	0.4463	4	5	6	5	3	2.9068	2019	0.6	0.5814
1342	herawati l.	-0.1342	-0.0577	2	4	7	4	1	0.9689	2019	0.25	0.2422
1346	herianingrum s.	-0.9397	-0.7851	36	4	8	7	9	8.7203	2019	1.2857	1.2458
1347	heriansyah t.	0.8575	0.6724	37	7	18	3	6	5.8135	2019	2	1.9378
1348	heriyanti c.	0.6043	-0.9734	29	13	13	1	7	6.7824	2019	7	6.7824
1351	hermadi h.a.	0.4812	0.0108	4	6	10	5	0	0	2019	0	0
1366	herwanto n.	0.17	0.3796	8	9	12	5	6	5.8135	2019	1.2	1.1627
1370	hidajah a.c.	-0.5339	0.0776	3	2	3	5	9	8.7203	2019	1.8	1.7441
1371	hidajat b.	-0.4256	-0.0633	15	9	13	3	0	0	2019	0	0
1374	hidanah s.	0.5701	0.0556	4	12	14	4	3	2.9068	2019	0.75	0.7267
1383	hidayat t.	0.1382	-0.281	1	3	3	4	1	0.9689	2019	0.25	0.2422
1386	hidayati a.n.	0.2506	0.3496	8	7	7	3	0	0	2019	0	0
1389	hidayati h.b.	0.1967	0.2874	8	3	3	4	0	0	2019	0	0
1396	higa n.	0.3485	-0.6641	23	14	27	2	3	2.9068	2019	1.5	1.4534
1398	hikmawati d.	-0.4541	0.2951	5	5	11	10	11	10.6581	2019	1.1	1.0658
1401	hindges r.	1.1207	0.0763	16	20	20	1	1	0.9689	2019	1	0.9689
1403	hirano h.	0.37	-0.5844	23	14	27	2	3	2.9068	2019	1.5	1.4534
1404	hirano t.	0.3301	-0.6365	23	14	27	2	3	2.9068	2019	1.5	1.4534
1407	hishinuma m.	1.1546	0.0734	16	20	20	1	1	0.9689	2019	1	0.9689
1412	hongo h.	1.022	0.365	21	17	17	1	1	0.9689	2019	1	0.9689
1426	huda k.	0.6091	0.0395	4	7	12	2	4	3.8757	2019	2	1.9378
1432	humairah i.	-0.0901	0.1217	2	7	10	2	0	0	2019	0	0
1435	husada d.	-0.2671	-0.4406	17	15	29	7	8	7.7513	2019	1.1429	1.1073
1437	husen s.a.	0.0521	0.2692	14	9	48	9	64	62.0107	2019	7.1111	6.8901
1449	hvidt n.c.	-0.8568	-0.4844	28	13	13	1	2	1.9378	2019	2	1.9378
1457	ibrahim s.n.m.m.	0.3606	-0.3589	1	6	9	2	4	3.8757	2019	2	1.9378
1464	idogawa m.	0.3386	-0.6007	23	14	14	1	2	1.9378	2019	2	1.9378
1465	idroes r.	-0.0386	-0.0691	20	5	9	2	13	12.5959	2019	6.5	6.298
1468	ihsan i.	-0.0319	-0.2924	2	8	24	5	0	0	2019	0	0
1469	ihsan i.s.	-0.0652	-0.1294	2	17	37	5	40	38.7567	2019	8	7.7513
1472	illavi g.	1.0434	0.6572	51	0	0	2	1	0.9689	2019	0.5	0.4845
1480	imawati m.f.	0.835	0.879	40	6	12	2	2	1.9378	2019	1	0.9689
1481	imran d.	0.8683	-0.3269	19	17	17	1	3	2.9068	2019	3	2.9068
1483	imron m.f.	0.2899	-0.4278	1	4	17	10	88	85.2647	2019	8.8	8.5265
1491	indarwati r.	-0.2629	0.4638	11	8	10	4	7	6.7824	2019	1.75	1.6956
1498	indramaya d.m.	0.1526	0.4744	8	10	11	3	4	3.8757	2019	1.3333	1.2919
1504	indraswari r.	-0.6598	-0.7486	45	3	8	3	6	5.8135	2019	2	1.9378
1507	indrawati r.	-0.6693	0.2357	3	3	5	3	6	5.8135	2019	2	1.9378
1508	indrayanto g.	0.808	0.889	40	6	12	2	2	1.9378	2019	1	0.9689
1512	insani t.d.	-1.0077	-0.743	36	4	8	3	0	0	2019	0	0
1515	irawan b.	0.3161	-0.2759	1	8	12	9	11	10.6581	2019	1.2222	1.1842
1517	irawan h.	0.2531	0.222	14	6	9	2	0	0	2019	0	0
1519	irawan r.	-0.4691	0.0401	15	6	16	7	0	0	2019	0	0
1521	irawati n.	-0.3674	0.4754	5	6	10	3	3	2.9068	2019	1	0.9689
1522	irawati s.	0.3559	-1.1642	39	6	12	2	5	4.8446	2019	2.5	2.4223
1524	"irhamah, fithriasari k."	0.6187	0.3732	8	4	12	3	2	1.9378	2019	0.6667	0.6459
1530	iriawan n.	0.5854	0.3902	8	4	12	3	2	1.9378	2019	0.6667	0.6459
1534	irmawati a.	-0.2733	-0.1837	2	2	2	4	1	0.9689	2019	0.25	0.2422
1545	isdianto a.	0.1135	-0.3527	1	4	9	3	1	0.9689	2019	0.3333	0.323
1547	ishihata k.	-0.4737	-0.982	26	5	10	2	0	0	2019	0	0
1548	iskandar r.p.d.	0.0653	0.0814	14	8	12	3	11	10.6581	2019	3.6667	3.5527
1551	islamiyah w.r.	0.351	0.3315	8	2	3	4	0	0	2019	0	0
1553	ismail a.f.	-0.1978	0.0212	6	6	9	2	4	3.8757	2019	2	1.9378
1556	ismail m.f.	-0.281	0.76	33	12	30	10	23	22.2851	2019	2.3	2.2285
1564	ismiyatin k.	-0.1979	-0.1918	2	4	5	3	1	0.9689	2019	0.3333	0.323
1565	ismoedijanto	-0.2865	-0.5224	17	4	12	3	2	1.9378	2019	0.6667	0.6459
1569	isnadina d.r.m.	0.2369	-0.3188	1	5	7	4	5	4.8446	2019	1.25	1.2111
1603	izumi s.	0.0031	0.3372	8	7	17	3	0	0	2019	0	0
1608	jafry a.a.a.	-0.6406	0.5854	5	13	17	3	10	9.6892	2019	3.3333	3.2297
1610	jalaludin j.	-0.1175	0.3909	7	7	9	6	0	0	2019	0	0
1611	jalaludin m.y.	-0.1843	-1.0203	38	7	21	5	17	16.4716	2019	3.4	3.2943
1612	jali m.h.	-0.4477	0.5713	5	9	26	5	6	5.8135	2019	1.2	1.1627
1614	jallaludhin k.	0.1469	-0.2	1	12	12	1	0	0	2019	0	0
1622	jason liang c.	-0.0604	-0.5584	17	17	17	1	3	2.9068	2019	3	2.9068
1623	jauhari a.	0.1028	-0.3772	1	4	7	2	0	0	2019	0	0
1637	joewono h.t.	0.2525	0.4645	9	12	13	3	1	0.9689	2019	0.3333	0.323
1639	johari m.a.m.	-0.5003	0.5434	5	15	33	6	7	6.7824	2019	1.1667	1.1304
1640	johnson l.	-0.1859	-0.9853	38	7	10	2	5	4.8446	2019	2.5	2.4223
1642	joniau s.	1.0476	-0.6185	12	15	27	2	16	15.5027	2019	8	7.7513
1644	jonosewojo a.	0.5443	-0.9168	29	13	13	1	7	6.7824	2019	7	6.7824
1645	juanamasta i.g.	0.0909	-0.965	18	20	20	1	3	2.9068	2019	3	2.9068
1660	"juniastuti, raharjo d."	-0.5666	-0.3762	6	17	17	1	5	4.8446	2019	5	4.8446
1668	jusoh z.	-0.6353	0.6238	5	21	32	6	5	4.8446	2019	0.8333	0.8074
1671	kadariswantiningsih i.n.	-0.0837	-0.2699	20	11	14	3	3	2.9068	2019	1	0.9689
1679	kallivayalil r.a.	0.0105	0.9552	13	26	48	2	3	2.9068	2019	1.5	1.4534
1680	kamadjaja d.b.	-0.0113	-0.3948	2	1	1	6	0	0	2019	0	0
1688	kameoka m.	-0.4082	-0.105	6	9	9	2	0	0	2019	0	0
1689	kamil m.	0.3632	-0.7018	23	15	28	3	3	2.9068	2019	1	0.9689
1692	kanba s.	0.0958	0.9486	13	26	48	2	3	2.9068	2019	1.5	1.4534
1705	karimah a.	-0.7407	-0.4292	28	27	27	3	2	1.9378	2019	0.6667	0.6459
1706	karsari d.	0.0072	-0.2887	2	11	29	7	8	7.7513	2019	1.1429	1.1073
1708	kartika o.	-0.7831	-0.305	27	11	11	1	0	0	2019	0	0
1715	kartina l.	-0.264	-0.5434	17	4	12	3	2	1.9378	2019	0.6667	0.6459
1720	karumanchi s.a.	0.5391	0.7333	9	15	15	1	1	0.9689	2019	1	0.9689
1722	karyana m.	-0.0686	-0.6116	17	17	17	1	3	2.9068	2019	3	2.9068
1723	karyanti m.r.	-0.0908	-0.6302	17	17	17	1	3	2.9068	2019	3	2.9068
1729	katayama k.	-0.6272	-0.3497	6	17	22	2	8	7.7513	2019	4	3.8757
1734	kawahara k.	0.4086	-0.6397	23	14	27	2	3	2.9068	2019	1.5	1.4534
1735	kawakami k.	-0.3482	-0.7983	31	11	11	1	1	0.9689	2019	1	0.9689
1736	kawasaki k.	1.1821	0.1667	16	21	40	4	7	6.7824	2019	1.75	1.6956
1737	kawasaki m.	1.1558	0.1959	16	21	40	4	7	6.7824	2019	1.75	1.6956
1741	kell d.b.	0.5019	0.6791	9	15	15	1	1	0.9689	2019	1	0.9689
1744	kenconojati h.	0.5243	-0.1607	10	8	18	6	5	4.8446	2019	0.8333	0.8074
1752	ketut sudiana i.	-0.2312	-0.1437	2	8	8	5	1	0.9689	2019	0.2	0.1938
1753	khadijah s.n.	0.1778	-1.0539	18	20	20	1	3	2.9068	2019	3	2.9068
1754	khaerunnisa s.	0.0828	0.2404	8	9	12	4	1	0.9689	2019	0.25	0.2422
1755	khairan k.	-0.0197	-0.0881	20	5	9	2	13	12.5959	2019	6.5	6.298
1758	khairunisa s.q.	-0.3744	-0.1004	6	12	17	4	3	2.9068	2019	0.75	0.7267
1766	khasanah m.	-0.3975	0.4272	5	14	23	5	8	7.7513	2019	1.6	1.5503
1771	khoirunisa v.	-0.4221	0.9227	35	8	17	3	1	0.9689	2019	0.3333	0.323
1776	kholili u.	-0.6643	-0.2103	27	18	72	9	1	0.9689	2019	0.1111	0.1077
1782	khotib j.	-1.1899	0.3031	46	3	6	5	4	3.8757	2019	0.8	0.7751
1784	khudus m.i.m.a.	-0.5532	0.5195	5	8	9	2	2	1.9378	2019	1	0.9689
1785	kibe t.	-0.4506	-0.9948	26	5	10	2	0	0	2019	0	0
1787	kim c.-s.	0.8634	-0.7699	12	11	11	1	1	0.9689	2019	1	0.9689
1792	kim h.-w.	0.8633	0.0054	32	10	58	19	9	8.7203	2019	0.4737	0.459
1797	kim k.s.	0.8297	-0.0601	32	3	6	2	0	0	2019	0	0
1798	kim n.-k.	0.8997	0.0492	32	5	10	3	1	0.9689	2019	0.3333	0.323
1801	kim s.c.	0.2295	-0.079	1	3	4	2	1	0.9689	2019	0.5	0.4845
1802	kim s.w.	0.2329	-0.0004	1	3	7	5	19	18.4094	2019	3.8	3.6819
1803	kim w.-j.	0.8599	-0.7152	12	11	11	1	1	0.9689	2019	1	0.9689
1806	kinayoh l.r.	0.1542	-0.1524	1	12	12	1	0	0	2019	0	0
1822	kitamura a.	1.2075	0.1969	16	11	11	1	4	3.8757	2019	4	3.8757
1823	kitatmura a.	1.1886	0.0677	16	20	20	1	1	0.9689	2019	1	0.9689
1826	kloping y.p.	-0.2959	-1.2289	41	5	8	2	1	0.9689	2019	0.5	0.4845
1829	kobayashi k.	0.3245	-0.1014	4	2	2	2	3	2.9068	2019	1.5	1.4534
1830	kobayashi m.	1.0287	0.4102	21	17	17	1	1	0.9689	2019	1	0.9689
1833	kodama y.	1.2124	0.1029	16	21	31	2	5	4.8446	2019	2.5	2.4223
1836	koerniasari	0.3775	0.2277	4	4	9	3	7	6.7824	2019	2.3333	2.2608
1839	koesbardiati t.	-0.5867	0.2824	7	2	2	6	0	0	2019	0	0
1840	koesdarto s.	0.3825	0.0513	4	7	8	4	3	2.9068	2019	0.75	0.7267
1846	komaratih e.	0.023	-0.0237	2	12	29	8	0	0	2019	0	0
1848	kosasih h.	-0.1585	-0.5873	17	17	17	1	3	2.9068	2019	3	2.9068
1849	kotaki t.	-0.4216	-0.1451	6	8	15	4	2	1.9378	2019	0.5	0.4845
1853	kresnoadi u.	0.4838	0.4412	4	5	5	2	2	1.9378	2019	1	0.9689
1859	krisnana i.	-0.3307	0.2942	11	5	11	5	5	4.8446	2019	1	0.9689
1861	kristanti a.n.	0.0507	0.4736	14	5	20	9	10	9.6892	2019	1.1111	1.0766
1867	kristiningsih k.	0.0749	-0.9923	18	20	20	1	3	2.9068	2019	3	2.9068
1878	kuncoro e.p.	0.0653	-0.2167	1	10	22	12	4	3.8757	2019	0.3333	0.323
1889	kurita t.	-0.6315	-0.772	45	3	8	3	4	3.8757	2019	1.3333	1.2919
1893	kurnia i.d.	-0.292	0.3093	11	7	11	4	4	3.8757	2019	1	0.9689
1894	kurnia k.a.	0.5278	-0.0725	10	1	2	5	9	8.7203	2019	1.8	1.7441
1901	kurniasari n.m.d.	-0.1003	0.0398	11	5	6	3	9	8.7203	2019	3	2.9068
1903	kurniasih n.	0.4831	1.051	24	15	15	1	1	0.9689	2019	1	0.9689
1904	kurniati a.	-0.2261	0.2916	11	5	7	3	5	4.8446	2019	1.6667	1.6149
1906	kurniawan a.	0.5931	-0.1681	10	3	3	4	4	3.8757	2019	1	0.9689
1909	kurniawan d.e.	0.5413	1.0286	24	15	15	1	1	0.9689	2019	1	0.9689
1916	kurniawan s.b.	0.2655	-0.4227	1	4	18	11	88	85.2647	2019	8	7.7513
1927	kuroshima s.	1.0495	0.3546	21	17	17	1	1	0.9689	2019	1	0.9689
1928	kusala m.k.j.	0.2388	0.1882	14	10	19	4	11	10.6581	2019	2.75	2.6645
1968	kusumo a.d.	-0.881	0.2599	7	6	14	4	4	3.8757	2019	1	0.9689
1972	kusuyama j.	-0.5829	-1.0114	26	9	22	3	4	3.8757	2019	1.3333	1.2919
1978	kørup a.k.	-0.8319	-0.5137	28	13	13	1	2	1.9378	2019	2	1.9378
1980	laila n.	-0.9113	-0.8073	36	2	2	5	8	7.7513	2019	1.6	1.5503
1984	lain b.	-0.0619	0.7029	7	5	10	2	1	0.9689	2019	0.5	0.4845
1987	laksono a.d.	-0.6102	0.1804	3	5	11	5	15	14.5338	2019	3	2.9068
1990	laksono i.	-0.0541	-0.5864	17	17	17	1	3	2.9068	2019	3	2.9068
1998	lamid m.	0.4951	-0.0379	10	9	14	8	3	2.9068	2019	0.375	0.3633
2000	lang t.	0.5838	-0.9514	29	13	13	1	7	6.7824	2019	7	6.7824
2005	lastuti n.d.r.	0.3032	0.0654	4	4	7	5	3	2.9068	2019	0.6	0.5814
2006	laswati h.	-0.4059	0.0592	3	4	5	3	0	0	2019	0	0
2011	latiff a.a.	-0.6789	0.6894	5	19	50	9	39	37.7878	2019	4.3333	4.1986
2013	lau c.-y.	-0.149	-0.5602	17	17	17	1	3	2.9068	2019	3	2.9068
2023	lee e.	-0.8857	-0.4895	28	13	13	1	2	1.9378	2019	2	1.9378
2028	lee j.h.	0.2302	-0.0393	1	5	8	3	14	13.5648	2019	4.6667	4.5216
2030	lee m.-s.	0.086	1.0363	13	26	48	2	3	2.9068	2019	1.5	1.4534
2034	lee s.r.	0.8986	-0.0084	32	7	17	5	5	4.8446	2019	1	0.9689
2044	lestari b.	0.2235	-0.4617	1	1	6	7	20	19.3783	2019	2.8571	2.7683
2051	lestari s.a.	-0.9292	0.1948	3	6	12	2	0	0	2019	0	0
2052	lestari s.w.	-0.0782	-0.8727	52	0	0	3	0	0	2019	0	0
2057	li c.-y.	-0.511	0.0923	3	5	7	6	6	5.8135	2019	1	0.9689
2058	li m.	1.0447	0.3857	21	17	17	1	1	0.9689	2019	1	0.9689
2060	lim j.	0.8872	-0.7013	12	11	11	1	1	0.9689	2019	1	0.9689
2065	lin w.-h.	-0.5433	0.1019	3	2	2	2	6	5.8135	2019	3	2.9068
2069	listiawan m.y.	0.0444	0.3359	8	10	20	5	0	0	2019	0	0
2070	listiawan t.	0.4986	1.1108	24	15	15	1	1	0.9689	2019	1	0.9689
2074	liyana s.h.	0.6051	-0.2751	10	5	12	3	1	0.9689	2019	0.3333	0.323
2077	lokapirnasari w.p.	0.5867	0.0039	4	10	16	4	4	3.8757	2019	1	0.9689
2078	lotrakul p.	0.3561	0.4602	4	5	12	4	4	3.8757	2019	1	0.9689
2081	lucchetti g.	-0.8029	-0.4943	28	13	13	1	2	1.9378	2019	2	1.9378
2083	luiz de freitas p.h.	0.9419	0.3636	21	17	17	1	1	0.9689	2019	1	0.9689
2087	lukitasari l.	-0.0333	0.1122	2	10	11	3	1	0.9689	2019	0.3333	0.323
2088	lukman n.	-0.1205	-0.6285	17	17	17	1	3	2.9068	2019	3	2.9068
2093	lusida m.i.	-0.5029	-0.2832	6	28	38	6	11	10.6581	2019	1.8333	1.7763
2100	luthfi m.	-0.6571	0.2488	3	3	5	4	6	5.8135	2019	1.5	1.4534
2101	luthfi o.m.	0.094	-0.3393	1	4	9	3	1	0.9689	2019	0.3333	0.323
2115	made gede dwi lingga utama i.	-0.1039	-0.6019	17	17	17	1	3	2.9068	2019	3	2.9068
2117	made susila utama i.	-0.0852	-0.5834	17	17	17	1	3	2.9068	2019	3	2.9068
2119	madyan m.	-0.8947	-0.8205	36	3	3	7	9	8.7203	2019	1.2857	1.2458
2120	madyawati s.p.	0.463	0.1004	4	8	10	3	2	1.9378	2019	0.6667	0.6459
2121	maeda t.	1.0758	0.237	16	38	55	5	9	8.7203	2019	1.8	1.7441
2127	maharani a.	0.0974	-0.6321	42	5	8	3	16	15.5027	2019	5.3333	5.1676
2130	maharani k.	0.8187	-0.2684	19	17	17	1	3	2.9068	2019	3	2.9068
2134	mahasri g.	0.2859	-0.1376	10	13	16	15	9	8.7203	2019	0.6	0.5814
2137	mahdani f.y.	-0.3492	-0.3124	2	6	9	2	1	0.9689	2019	0.5	0.4845
2138	mahendran r.	0.0852	0.9838	13	26	48	2	3	2.9068	2019	1.5	1.4534
2147	mahmudiono t.	0.8065	-1.0418	49	1	5	5	4	3.8757	2019	0.8	0.7751
2150	mahyuddin m.b.h.	-0.5821	0.6084	5	14	16	3	9	8.7203	2019	3	2.9068
2155	maimunah u.	-0.6831	-0.1735	27	18	79	9	0	0	2019	0	0
2157	majid h.a.	-0.2138	-1.0288	38	7	21	5	17	16.4716	2019	3.4	3.2943
2159	makady a.	0.3824	-1.1523	39	6	12	2	5	4.8446	2019	2.5	2.4223
2176	manoppo c.	-0.5131	-0.5268	15	12	12	1	6	5.8135	2019	6	5.8135
2181	manuhara y.s.w.	0.1583	-0.3322	1	7	7	6	0	0	2019	0	0
2184	mappamasing h.	0.2129	0.3535	8	4	6	2	0	0	2019	0	0
2185	maramis m.m.	0.0243	0.8791	13	29	51	3	3	2.9068	2019	1	0.9689
2192	mardiana n.	-0.2181	-0.0554	20	2	4	5	0	0	2019	0	0
2193	mardianto m.f.f.	-1.0537	0.6666	53	0	0	8	12	11.627	2019	1.5	1.4534
2217	martiana t.	-0.1671	0.2612	7	13	20	14	6	5.8135	2019	0.4286	0.4153
2218	martini s.	-0.5698	0.0969	3	7	9	10	8	7.7513	2019	0.8	0.7751
2220	martodihardjo s.	0.2136	0.3756	8	4	6	2	0	0	2019	0	0
2237	masithah e.d.	0.5469	-0.2253	10	19	35	22	9	8.7203	2019	0.4091	0.3964
2256	matsuguchi t.	-0.6169	-1.0003	26	9	22	3	4	3.8757	2019	1.3333	1.2919
2257	matsui c.	-0.62	-0.3908	6	17	17	1	5	4.8446	2019	5	4.8446
2258	matsumoto s.	-0.3385	-0.6952	31	12	12	2	2	1.9378	2019	1	0.9689
2271	mawardi i.	-0.9704	-0.7295	36	5	12	5	5	4.8446	2019	1	0.9689
2273	mawuntu a.h.p.	0.8024	-0.2458	19	17	17	1	3	2.9068	2019	3	2.9068
2285	megasari n.l.a.	-0.457	-0.174	6	12	17	3	1	0.9689	2019	0.3333	0.323
2287	megatsari h.	-0.6631	0.1148	3	5	10	4	0	0	2019	0	0
2288	meguro f.	1.0978	0.1552	16	21	40	4	7	6.7824	2019	1.75	1.6956
2293	meizarini a.	-0.1782	-0.3758	2	5	5	2	1	0.9689	2019	0.5	0.4845
2301	mensana m.p.	-0.2597	-0.3421	2	6	11	2	6	5.8135	2019	3	2.9068
2304	mertaniasih n.m.	-0.3097	-0.3974	2	7	7	6	13	12.5959	2019	2.1667	2.0993
2305	meutia n.	-0.1059	-0.5287	17	17	17	1	3	2.9068	2019	3	2.9068
2309	miftahussurur m.	-0.709	-0.1157	27	24	91	14	11	10.6581	2019	0.7857	0.7613
2310	milenkovic u.	1.0134	-0.5113	12	15	27	2	16	15.5027	2019	8	7.7513
2312	minami k.	0.3785	-0.6513	23	14	27	2	3	2.9068	2019	1.5	1.4534
2322	miyamoto-takasaki y.	0.9731	0.3837	21	17	17	1	1	0.9689	2019	1	0.9689
2328	mohamed m.n.a.	-0.166	-1.0555	38	7	17	3	11	10.6581	2019	3.6667	3.5527
2330	mohammadi s.	-0.1482	-1.033	38	7	17	3	11	10.6581	2019	3.6667	3.5527
2332	monajemi h.	-0.3132	0.7805	33	8	13	3	3	2.9068	2019	1	0.9689
2334	monita n.	0.5955	-0.9245	29	13	13	1	7	6.7824	2019	7	6.7824
2335	montorsi f.	1.0097	-0.5491	12	15	27	2	16	15.5027	2019	8	7.7513
2339	mori y.	-0.3113	1.2206	30	11	11	1	3	2.9068	2019	3	2.9068
2344	mubarroq a.	0.1958	-1.0277	18	20	20	1	3	2.9068	2019	3	2.9068
2346	muchtar a.	-0.7863	-0.0501	34	5	8	2	1	0.9689	2019	0.5	0.4845
2362	muhammad a.r.	-0.7206	0.5711	5	10	27	6	10	9.6892	2019	1.6667	1.6149
2367	muharlisiani l.t.	0.1427	-1.0019	18	20	20	1	3	2.9068	2019	3	2.9068
2370	muis m.	-0.8166	0.4222	47	3	6	2	0	0	2019	0	0
2373	mukarromah s.r.	0.1258	-0.1837	1	12	12	1	0	0	2019	0	0
2380	mukti r.r.	0.1186	0.3382	14	2	2	2	0	0	2019	0	0
2393	muna n.m.	0.5283	-0.9381	29	13	13	1	7	6.7824	2019	7	6.7824
2396	munasir z.	-0.5618	-0.5882	15	12	16	2	7	6.7824	2019	3.5	3.3912
2399	muneer a.	1.06	-0.5639	12	15	27	2	16	15.5027	2019	8	7.7513
2400	munir b.	0.8533	-0.3037	19	17	17	1	3	2.9068	2019	3	2.9068
2406	murniati d.	-0.1275	-0.5897	17	17	17	1	3	2.9068	2019	3	2.9068
2412	murtiastutik d.	0.1762	0.3523	8	11	14	7	4	3.8757	2019	0.5714	0.5537
2429	mustika w.p.	0.5302	1.1099	24	15	15	1	1	0.9689	2019	1	0.9689
2431	mustofa i.	0.4848	0.1564	4	3	3	4	0	0	2019	0	0
2447	nadhifa e.e.	0.1565	-0.1749	1	12	12	1	0	0	2019	0	0
2451	nagai t.	1.1665	0.1355	16	21	31	2	5	4.8446	2019	2.5	2.4223
2455	najwan r.	0.6443	0.0374	4	7	12	2	4	3.8757	2019	2	1.9378
2457	nakamura n.	-0.4872	-1.0037	26	5	10	2	0	0	2019	0	0
2458	nakamura t.	-0.6472	-1.013	26	9	16	2	4	3.8757	2019	2	1.9378
2468	narmada i.b.	-0.1072	-0.0033	14	24	54	17	71	68.7931	2019	4.1765	4.0467
2476	nasih m.	-0.8639	-0.8328	36	2	8	12	75	72.6688	2019	6.25	6.0557
2480	nasronudin n.	-0.3569	-0.0757	6	12	13	2	1	0.9689	2019	0.5	0.4845
2485	nastiti a.	0.1753	-0.1938	1	12	12	1	0	0	2019	0	0
2486	nastiti a.a.	-0.2941	0.2833	11	5	5	3	3	2.9068	2019	1	0.9689
2488	nastri a.m.	-0.2673	1.1858	30	11	11	1	3	2.9068	2019	3	2.9068
2506	nelwan s.c.	-0.1758	-0.3431	2	4	7	3	1	0.9689	2019	0.3333	0.323
2510	ng a.c.f.	-1.1841	-0.1256	22	16	16	1	10	9.6892	2019	10	9.6892
2512	ng c.f.	0.884	-0.7268	12	11	11	1	1	0.9689	2019	1	0.9689
2513	ng c.h.	0.1182	1.0507	13	26	48	2	3	2.9068	2019	1.5	1.4534
2530	nidom c.a.	0.168	0.1528	14	9	13	5	0	0	2019	0	0
2531	nihayati h.e.	-0.3161	0.4163	11	3	3	4	1	0.9689	2019	0.25	0.2422
2539	nindarwi d.d.	0.5157	-0.246	10	12	20	10	5	4.8446	2019	0.5	0.4845
2543	ningrum i.p.	0.3901	-0.3474	1	6	9	2	4	3.8757	2019	2	1.9378
2544	ningsih d.a.	0.255	-0.3658	1	4	6	4	17	16.4716	2019	4.25	4.1179
2570	"ni’matuzahroh, wanguyun a.p."	0.1815	-0.1479	1	12	12	1	0	0	2019	0	0
2574	noguchi k.	-0.6027	-1.0345	26	9	16	2	4	3.8757	2019	2	1.9378
2581	notobroto h.b.	-0.0389	0.0008	11	10	11	7	3	2.9068	2019	0.4286	0.4153
2585	novianti a.n.	-0.3013	1.1411	30	11	11	1	3	2.9068	2019	3	2.9068
2586	novida h.	-0.609	-0.0368	3	7	12	2	2	1.9378	2019	1	0.9689
2597	nugraha a.p.	-0.2183	-0.1126	2	25	64	14	77	74.6066	2019	5.5	5.329
2607	nugroho c.w.	-0.0843	-0.241	20	11	11	1	1	0.9689	2019	1	0.9689
2611	nugroho r.r.	0.8398	0.8503	40	6	12	2	2	1.9378	2019	1	0.9689
2614	nugroho s.m.s.	0.2913	0.349	8	3	4	2	0	0	2019	0	0
2628	nurhariyati t.	0.3683	-0.2725	1	8	8	2	3	2.9068	2019	1.5	1.4534
2637	nurmala i.	-0.2075	0.2045	3	2	2	6	0	0	2019	0	0
2644	nursalam	-0.444	0.1625	3	2	2	4	2	1.9378	2019	0.5	0.4845
2645	nursalam n.	-0.2369	0.3976	11	12	23	14	34	32.9432	2019	2.4286	2.3531
2665	nusi i.a.	-0.8096	-0.2344	27	14	74	9	7	6.7824	2019	0.7778	0.7536
2670	nzilibili s.m.m.	-0.6407	0.3077	7	3	7	6	1	0.9689	2019	0.1667	0.1615
2671	oceandy d.	0.1075	-0.6758	42	3	6	3	18	17.4405	2019	6	5.8135
2676	oe t.	-0.373	-0.7815	31	11	11	1	1	0.9689	2019	1	0.9689
2683	ohazama a.	1.1147	0.1846	16	21	42	5	9	8.7203	2019	1.8	1.7441
2684	ohnishi t.	-0.5905	-0.9822	26	9	22	3	4	3.8757	2019	1.3333	1.2919
2691	oktafiani d.	-0.4338	-0.1911	6	12	17	3	1	0.9689	2019	0.3333	0.323
2695	oktavitri n.i.	0.1948	-0.322	1	6	9	6	7	6.7824	2019	1.1667	1.1304
2701	ong s.l.	-0.2555	0.6079	11	4	8	2	1	0.9689	2019	0.5	0.4845
2707	osada-oka m.	-0.3829	-0.7557	31	11	11	1	1	0.9689	2019	1	0.9689
2710	othman m.h.d.	-0.2215	0.0227	6	6	9	2	4	3.8757	2019	2	1.9378
2713	otsuka-tanaka y.	1.1294	0.0408	16	20	20	1	1	0.9689	2019	1	0.9689
2714	ozeki y.	-0.3458	-0.7745	31	11	11	1	1	0.9689	2019	1	0.9689
2718	padungros p.	0.3418	0.4308	4	3	6	2	2	1.9378	2019	1	0.9689
2722	palupi r.	-0.8402	0.326	7	10	47	16	22	21.3162	2019	1.375	1.3323
2733	pangastuti m.d.	-0.9467	0.1678	3	6	12	2	0	0	2019	0	0
2734	pangeran d.	0.8922	-0.3045	19	17	17	1	3	2.9068	2019	3	2.9068
2745	parange a.	0.2958	0.5179	9	11	11	1	1	0.9689	2019	1	0.9689
2751	park c.	0.2464	-0.0171	1	3	7	3	15	14.5338	2019	5	4.8446
2752	park h.	0.8781	-0.0493	32	4	10	3	1	0.9689	2019	0.3333	0.323
2757	parmadiati a.e.	-0.3762	-0.3201	2	9	14	4	4	3.8757	2019	1	0.9689
2762	parwati k.t.m.	-0.1457	-0.6146	17	17	17	1	3	2.9068	2019	3	2.9068
2764	paskarini i.	-0.1073	0.2705	7	5	7	4	0	0	2019	0	0
2765	patel a.	0.1162	-0.6557	42	3	6	2	16	15.5027	2019	8	7.7513
2766	pathak y.	-0.1306	0.6529	7	8	17	8	19	18.4094	2019	2.375	2.3012
2771	paul m.c.	-0.6072	0.7553	5	22	75	10	16	15.5027	2019	1.6	1.5503
2783	permana e.p.	0.5585	1.0547	24	15	15	1	1	0.9689	2019	1	0.9689
2785	permanasari a.a.	-0.2307	0.1074	6	11	14	3	19	18.4094	2019	6.3333	6.1365
2793	pertiwi h.	0.5526	0.2267	4	5	16	10	0	0	2019	0	0
2797	phuwapraisirisan p.	0.0503	0.5398	14	4	7	3	9	8.7203	2019	3	2.9068
2798	pikir b.s.	0.8421	0.6093	37	7	18	3	6	5.8135	2019	2	1.9378
2805	plumeriastuti h.	0.4308	0.1411	4	7	8	5	2	1.9378	2019	0.4	0.3876
2808	poetranto e.d.	-0.337	1.2055	30	11	11	1	3	2.9068	2019	3	2.9068
2813	postma m.	0.3525	-1.193	39	6	12	2	5	4.8446	2019	2.5	2.4223
2814	postma m.j.	-0.8338	-0.0514	34	9	17	6	6	5.8135	2019	1	0.9689
2816	prabowo g.i.	-0.1058	0.0927	2	9	14	5	1	0.9689	2019	0.2	0.1938
2824	pradanie r.	-0.2496	0.3092	11	6	9	5	5	4.8446	2019	1	0.9689
2827	prahasanti c.	-0.1914	-0.2328	2	12	22	5	27	26.1608	2019	5.4	5.2322
2829	prajitno j.h.	-0.5913	0.0016	3	7	12	2	2	1.9378	2019	1	0.9689
2831	prajogo b.	0.8623	0.8683	40	6	12	2	2	1.9378	2019	1	0.9689
2832	prakoeswa a.c.	-0.0063	0.3928	8	7	13	2	0	0	2019	0	0
2834	prakoeswa c.r.s.	0.0386	0.1749	8	24	39	12	8	7.7513	2019	0.6667	0.6459
2843	pramono h.	0.5526	-0.1241	10	10	11	7	2	1.9378	2019	0.2857	0.2768
2845	pramudianti m.	0.1501	-1.0697	18	20	20	1	3	2.9068	2019	3	2.9068
2852	pranoto a.	-0.3169	-0.4185	2	1	1	3	9	8.7203	2019	3	2.9068
2858	prasetya r.r.	-0.33	1.1493	30	11	11	1	3	2.9068	2019	3	2.9068
2865	prasetyo hidayat e.	0.6585	-0.4895	25	12	12	1	1	0.9689	2019	1	0.9689
2868	prasetyo r.a.	-0.2711	-0.3121	2	7	15	4	14	13.5648	2019	3.5	3.3912
2875	prasongsuk s.	0.372	0.44	4	5	12	4	4	3.8757	2019	1	0.9689
2889	pratiwi a.b.	1.1546	0.6036	48	1	5	6	4	3.8757	2019	0.6667	0.6459
2898	pratiwi r.d.	0.1621	-0.9835	18	20	20	1	3	2.9068	2019	3	2.9068
2904	pravitasari a.a.	0.6099	0.4004	8	4	12	3	2	1.9378	2019	0.6667	0.6459
2927	prihaningtyas r.a.	-0.4443	-0.0207	15	4	11	3	0	0	2019	0	0
2933	primarizky h.	0.3154	-0.0631	4	3	3	3	2	1.9378	2019	0.6667	0.6459
2946	probandari a.	-0.0768	-0.037	11	4	6	4	2	1.9378	2019	0.5	0.4845
2947	proboningrat a.	0.2028	0.1185	14	9	19	5	13	12.5959	2019	2.6	2.5192
2956	punnapayak h.	0.263	0.391	4	14	39	8	24	23.254	2019	3	2.9068
2964	purbayu h.	-0.7813	-0.192	27	12	63	7	0	0	2019	0	0
2969	purnama i.k.e.	0.2782	0.3365	8	3	4	2	0	0	2019	0	0
2970	purnama m.t.e.	0.4763	0.3184	4	5	6	6	7	6.7824	2019	1.1667	1.1304
2978	purnami s.w.	0.5447	0.3675	8	5	13	4	2	1.9378	2019	0.5	0.4845
2980	purnobasuki h.	0.1726	-0.368	1	6	6	6	3	2.9068	2019	0.5	0.4845
2983	purnomo m.h.	0.2977	0.3209	8	5	6	4	0	0	2019	0	0
2984	purnomo w.	-0.5031	0.2372	7	6	9	12	1	0.9689	2019	0.0833	0.0807
2987	pursetyo k.t.	0.5648	-0.3052	10	9	18	7	4	3.8757	2019	0.5714	0.5537
2995	purwanti d.i.	0.8126	0.8606	40	6	12	2	2	1.9378	2019	1	0.9689
2998	purwanti i.f.	0.2885	-0.4609	1	2	8	4	24	23.254	2019	6	5.8135
3000	purwanto b.	-0.1183	-0.0939	2	9	11	7	4	3.8757	2019	0.5714	0.5537
3004	purwati	-0.0124	-0.3629	2	7	17	4	0	0	2019	0	0
3005	purwati p.	-0.1564	-0.1681	2	5	5	2	3	2.9068	2019	1.5	1.4534
3012	purwono p.b.	-0.6252	-0.1076	34	18	19	4	2	1.9378	2019	0.5	0.4845
3015	pusfita a.d.	0.3685	-0.3376	1	6	9	2	4	3.8757	2019	2	1.9378
3018	puspita p.s.	-0.3873	0.3049	5	5	8	2	10	9.6892	2019	5	4.8446
3022	puspitasari d.	-0.201	-0.527	17	27	36	6	6	5.8135	2019	1	0.9689
3036	putra a.p.	-0.4223	0.287	5	9	20	12	21	20.3473	2019	1.75	1.6956
3053	putra s.t.	-0.4383	0.2006	3	5	5	6	6	5.8135	2019	1	0.9689
3060	putranto t.w.c.	0.2927	-0.2388	1	9	14	11	12	11.627	2019	1.0909	1.057
3073	putri i.	-0.8971	0.1847	3	6	12	2	0	0	2019	0	0
3076	putri n.	0.2734	0.1768	14	10	17	4	11	10.6581	2019	2.75	2.6645
3085	qiu z.	1.0053	0.3918	21	17	17	1	1	0.9689	2019	1	0.9689
3090	qomaruddin m.b.	-0.2265	0.1725	3	5	7	7	6	5.8135	2019	0.8571	0.8305
3108	rachmawati h.	-0.4515	0.9171	35	8	17	3	1	0.9689	2019	0.3333	0.323
3110	rachmawati k.	0.5317	0.2478	4	3	8	5	0	0	2019	0	0
3112	rachmawati p.d.	-0.3179	0.3218	11	9	17	8	5	4.8446	2019	0.625	0.6056
3117	rademacher t.w.	0.4975	0.7583	9	15	15	1	1	0.9689	2019	1	0.9689
3119	radithia d.	-0.3352	-0.3336	2	7	10	4	2	1.9378	2019	0.5	0.4845
3128	rahardja b.s.	0.4356	-0.1428	10	3	4	5	2	1.9378	2019	0.4	0.3876
3130	rahardjo a.p.	-0.2912	1.1826	30	11	11	1	3	2.9068	2019	3	2.9068
3134	rahardjo k.	-0.3081	1.1654	30	11	11	1	3	2.9068	2019	3	2.9068
3142	raharjo y.	-0.2581	-0.0069	6	12	20	4	9	8.7203	2019	2.25	2.1801
3149	rahayu r.p.	-0.2697	-0.0982	2	10	11	6	8	7.7513	2019	1.3333	1.2919
3154	rahem a.	-0.1496	0.1702	3	2	6	4	0	0	2019	0	0
3155	rahim h.r.a.	-0.6175	0.5386	5	12	18	3	4	3.8757	2019	1.3333	1.2919
3156	rahim r.	0.4692	1.0999	24	15	15	1	1	0.9689	2019	1	0.9689
3161	rahmad r.	-0.0055	-0.067	20	5	9	2	13	12.5959	2019	6.5	6.298
3167	rahmadi m.	-1.1788	0.3284	46	3	5	2	2	1.9378	2019	1	0.9689
3173	rahman f.s.	-0.1429	0.2878	7	7	10	5	3	2.9068	2019	0.6	0.5814
3177	rahman m.f.a.	-0.6527	0.7206	5	14	40	7	40	38.7567	2019	5.7143	5.5367
3189	rahmawati d.	-0.0193	0.0437	14	4	6	3	22	21.3162	2019	7.3333	7.1054
3193	rahmawati p.	-0.0304	0.6021	7	14	91	23	20	19.3783	2019	0.8696	0.8425
3207	rakhmad handoko c.	0.5843	-0.5046	25	12	12	1	1	0.9689	2019	1	0.9689
3210	ralph d.	0.9835	-0.5279	12	15	27	2	16	15.5027	2019	8	7.7513
3215	ramadhan r.	0.0368	0.5126	14	4	19	7	11	10.6581	2019	1.5714	1.5226
3216	ramadhani a.	-0.8167	0.2908	7	13	33	10	9	8.7203	2019	0.9	0.872
3222	ramakrishnan p.	-0.8834	-0.5184	28	13	13	1	2	1.9378	2019	2	1.9378
3223	ramanathan a.	-1.1069	0.5341	54	0	0	2	3	2.9068	2019	1.5	1.4534
3228	ramli r.	-0.2821	0.8055	33	6	9	4	0	0	2019	0	0
3231	rangka i.b.	0.5107	1.0376	24	15	15	1	1	0.9689	2019	1	0.9689
3234	rantam f.a.	0.0459	-0.0056	2	38	98	25	74	71.6999	2019	2.96	2.868
3236	ranuh r.	-0.3718	-0.2655	15	10	16	3	6	5.8135	2019	2	1.9378
3237	ranuh r.g.	-0.4726	-0.3998	15	36	64	11	13	12.5959	2019	1.1818	1.1451
3245	ratih g.a.m.	0.8576	0.8969	40	6	12	2	2	1.9378	2019	1	0.9689
3256	ratnasari r.t.	-0.9664	-0.778	36	4	9	5	7	6.7824	2019	1.4	1.3565
3263	razak n.f.	-0.6757	0.7942	5	12	17	2	0	0	2019	0	0
3265	reddy p.h.	-0.6119	0.8006	5	19	50	6	9	8.7203	2019	1.5	1.4534
3266	reduan s.a.	-0.2498	0.8074	33	9	13	3	15	14.5338	2019	5	4.8446
3286	rhatomy s.	-0.3003	-0.1473	2	2	3	2	2	1.9378	2019	1	0.9689
3290	riasti b.k.	0.5185	1.0862	24	15	15	1	1	0.9689	2019	1	0.9689
3291	riawan w.	-0.2463	-0.2052	15	14	18	4	15	14.5338	2019	3.75	3.6334
3316	rindawati s.	0.4847	1.0198	24	15	15	1	1	0.9689	2019	1	0.9689
3317	rindiastuti y.	0.0417	-0.0492	2	11	26	7	0	0	2019	0	0
3326	ritarwan k.	0.8345	-0.3286	19	17	17	1	3	2.9068	2019	3	2.9068
3346	robertson s.	0.5135	0.7355	9	15	15	1	1	0.9689	2019	1	0.9689
3347	robillard p.-y.	0.4824	0.7313	9	15	15	1	1	0.9689	2019	1	0.9689
3349	rochmah t.n.	-0.245	0.2075	7	4	5	5	4	3.8757	2019	0.8	0.7751
3369	romadhoni s.f.	-0.8853	0.3439	7	5	14	5	2	1.9378	2019	0.4	0.3876
3377	rosdin r.z.r.r.	-0.6753	0.644	5	12	16	3	3	2.9068	2019	1	0.9689
3382	rosol a.h.a.	-0.6792	0.5524	5	4	6	2	2	1.9378	2019	1	0.9689
3397	rubianto m.	-0.3944	0.2002	5	4	4	5	6	5.8135	2019	1.2	1.1627
3409	rulaningtyas r.	0.5675	-0.543	25	14	15	5	9	8.7203	2019	1.8	1.7441
3411	rumambo pandin m.g.	0.4581	1.0705	24	15	15	2	7	6.7824	2019	3.5	3.3912
3413	rumondor b.b.	0.019	0.3621	8	7	17	3	0	0	2019	0	0
3414	rusdi m.f.m.	-0.6388	0.6613	5	17	30	5	18	17.4405	2019	3.6	3.4881
3415	rusdiyanto r.	0.1176	-0.948	18	20	20	1	3	2.9068	2019	3	2.9068
3422	russeng s.s.	-0.0631	0.5846	7	14	91	22	21	20.3473	2019	0.9545	0.9249
3426	rusydi f.	-0.4299	0.8906	35	9	24	7	4	3.8757	2019	0.5714	0.5537
3433	sabdoningrum e.k.	0.5568	0.1438	4	5	9	5	1	0.9689	2019	0.2	0.1938
3438	saddhono k.	0.5151	1.0114	24	15	15	1	1	0.9689	2019	1	0.9689
3446	safitri e.	0.4881	0.0641	4	13	23	14	9	8.7203	2019	0.6429	0.6229
3454	sahidu a.m.	0.5823	-0.23	10	9	20	8	4	3.8757	2019	0.5	0.4845
3460	saijo y.	1.1429	0.102	16	20	20	1	1	0.9689	2019	1	0.9689
3461	saito s.	0.5576	0.6781	9	15	15	1	1	0.9689	2019	1	0.9689
3465	saka p.n.b.	0.8299	0.6614	37	7	14	2	3	2.9068	2019	1.5	1.4534
3469	sakti s.c.w.	-0.2873	-0.032	6	8	12	4	6	5.8135	2019	1.5	1.4534
3470	salam s.	-0.8258	0.7335	5	5	11	4	17	16.4716	2019	4.25	4.1179
3482	salonia a.	1.0937	-0.5611	12	14	14	1	7	6.7824	2019	7	6.7824
3485	samara s.h.	0.4273	-0.0525	10	2	3	4	1	0.9689	2019	0.25	0.2422
3490	samion m.z.	-0.3344	0.7462	33	6	11	4	11	10.6581	2019	2.75	2.6645
3491	sampurna m.t.a.	-0.4756	-0.0925	3	6	11	4	0	0	2019	0	0
3495	sandhika w.	0.0888	0.0587	2	8	10	4	0	0	2019	0	0
3502	santanumurti m.b.	0.3966	-0.0509	10	8	11	9	1	0.9689	2019	0.1111	0.1077
3504	santosa k.b.	-0.3066	-1.1855	41	5	11	3	1	0.9689	2019	0.3333	0.323
3506	santoso b.	-0.4489	0.1238	3	5	5	7	0	0	2019	0	0
3507	santoso d.	-0.1696	-0.0499	20	23	29	9	5	4.8446	2019	0.5556	0.5383
3516	saputra e.	0.4788	-0.1163	10	8	12	6	3	2.9068	2019	0.5	0.4845
3526	saputri r.d.	0.147	-0.4846	1	2	4	2	3	2.9068	2019	1.5	1.4534
3527	saputro a.g.	-0.4716	0.9429	35	7	16	4	2	1.9378	2019	0.5	0.4845
3536	sardjito t.	0.5	0.0944	4	5	6	2	6	5.8135	2019	3	2.9068
3549	sari g.m.	-0.1957	-0.0779	2	5	7	6	1	0.9689	2019	0.1667	0.1615
3551	sari l.a.	0.5351	-0.2841	10	11	21	7	19	18.4094	2019	2.7143	2.6299
3563	sarica k.	-1.2359	-0.1198	22	16	16	1	10	9.6892	2019	10	9.6892
3567	sartorius n.	0.1293	0.9767	13	26	48	2	3	2.9068	2019	1.5	1.4534
3570	sasaki k.	0.4673	0.4682	4	4	5	3	3	2.9068	2019	1	0.9689
3571	sasaki m.	0.9456	0.3933	21	17	17	1	1	0.9689	2019	1	0.9689
3578	sastrowardoyo w.	0.5608	-0.9996	29	13	13	1	7	6.7824	2019	7	6.7824
3581	satiti s.	0.8739	-0.283	19	17	17	1	3	2.9068	2019	3	2.9068
3582	sato h.	0.3378	-0.7815	23	1	1	2	0	0	2019	0	0
3589	satyantini w.h.	0.4838	-0.2234	10	6	8	7	2	1.9378	2019	0.2857	0.2768
3590	saud m.	0.2207	-0.3662	1	1	1	3	3	2.9068	2019	1	0.9689
3593	savitri a.d.	0.0764	-0.1509	1	14	14	2	1	0.9689	2019	0.5	0.4845
3602	scherjon s.	0.5498	0.7102	9	15	15	1	1	0.9689	2019	1	0.9689
3604	schouten e.	-0.8314	-0.488	28	13	13	1	2	1.9378	2019	2	1.9378
3606	scioscia m.	0.5727	0.7319	9	15	15	1	1	0.9689	2019	1	0.9689
3608	sebayang s.k.	-0.1624	0.2015	11	5	8	6	19	18.4094	2019	3.1667	3.0682
3614	segalita c.	0.7938	-1.0519	49	1	5	5	4	3.8757	2019	0.8	0.7751
3616	sektiana s.p.	0.8048	0.0496	32	4	15	5	4	3.8757	2019	0.8	0.7751
3617	semba i.	-0.6228	-0.9648	26	9	22	3	4	3.8757	2019	1.3333	1.2919
3622	seong c.	-0.6333	-1.0421	26	8	8	2	0	0	2019	0	0
3624	septiani n.l.w.	-0.2911	0.1221	6	2	3	2	2	1.9378	2019	1	0.9689
3631	servadei f.	0.2298	0.8185	43	3	3	2	6	5.8135	2019	3	2.9068
3640	setiawan d.	-0.8637	-0.0604	34	5	6	3	0	0	2019	0	0
3642	setiawan e.	0.5867	-0.4456	25	17	17	2	2	1.9378	2019	1	0.9689
3646	setiawan p.b.	-0.5685	-0.1546	27	21	85	11	0	0	2019	0	0
3650	setiawati a.p.	0.1173	-1.0741	18	20	20	1	3	2.9068	2019	3	2.9068
3652	setiawatie e.m.	-0.3977	0.2431	5	6	7	3	0	0	2019	0	0
3654	setijanto d.	-0.812	0.1991	3	18	28	9	11	10.6581	2019	1.2222	1.1842
3663	setyaningrum t.	0.1472	0.4129	8	4	4	4	1	0.9689	2019	0.25	0.2422
3668	setyawan d.	0.0193	0.134	3	2	2	5	9	8.7203	2019	1.8	1.7441
3670	setyawan r.	-0.3015	-0.1323	2	2	3	2	2	1.9378	2019	1	0.9689
3672	setyawati h.	0.0766	-0.583	42	3	4	3	0	0	2019	0	0
3676	setyohadi d.	0.0831	-0.3643	1	4	7	2	0	0	2019	0	0
3692	sharpe p.t.	1.1793	0.1074	16	21	31	2	5	4.8446	2019	2.5	2.4223
3694	shen c.-h.	-1.2128	-0.2047	22	16	16	1	10	9.6892	2019	10	9.6892
3695	shen w.w.	0.0301	1.0227	13	26	48	2	3	2.9068	2019	1.5	1.4534
3697	shi l.	-1.2007	-0.1802	22	16	16	1	10	9.6892	2019	10	9.6892
3698	shima k.	-0.6479	-0.9805	26	9	22	3	4	3.8757	2019	1.3333	1.2919
3699	shimizu h.	-0.5307	-0.3731	6	17	17	1	5	4.8446	2019	5	4.8446
3701	shimizu y.k.	-0.2848	1.2103	30	11	11	1	3	2.9068	2019	3	2.9068
3702	shimizub k.	-0.3309	1.1777	30	11	11	1	3	2.9068	2019	3	2.9068
3703	shimokawa m.	0.3964	-0.6788	23	14	27	2	3	2.9068	2019	1.5	1.4534
3705	shinfuku n.	0.0546	0.9461	13	26	48	2	3	2.9068	2019	1.5	1.4534
3706	shinsato y.	0.4302	-0.6027	23	14	27	2	3	2.9068	2019	1.5	1.4534
3713	shoji i.	-0.6142	-0.3115	6	20	28	3	11	10.6581	2019	3.6667	3.5527
3722	si t.-m.	0.0414	1.1225	13	26	48	2	3	2.9068	2019	1.5	1.4534
3724	sidarta e.p.	0.8564	0.6396	37	7	18	3	6	5.8135	2019	2	1.9378
3727	sidik r.	0.4756	0.2398	4	10	16	6	0	0	2019	0	0
3733	sim k.	0.0482	1.0863	13	26	48	2	3	2.9068	2019	1.5	1.4534
3736	singam p.	-1.246	-0.1508	22	16	16	1	10	9.6892	2019	10	9.6892
3738	singh s.k.	-1.2362	-0.183	22	16	16	1	10	9.6892	2019	10	9.6892
3750	sitalaksmi r.m.	0.4896	0.4708	4	3	4	2	3	2.9068	2019	1.5	1.4534
3761	soebadi b.	-0.2954	-0.359	2	9	10	3	4	3.8757	2019	1.3333	1.2919
3772	soedarti t.	0.2853	-0.304	1	7	7	4	2	1.9378	2019	0.5	0.4845
3774	soedirham o.	-0.5396	0.2384	3	7	12	15	14	13.5648	2019	0.9333	0.9043
3777	soegianto a.	0.1546	-0.2459	1	17	25	19	44	42.6323	2019	2.3158	2.2438
3778	soegianto l.	0.5491	-0.9602	29	13	13	1	7	6.7824	2019	7	6.7824
3780	soegiarto g.	-0.359	1.1744	30	12	12	4	4	3.8757	2019	1	0.9689
3782	soeharsono s.	0.6388	0.0637	4	7	12	2	4	3.8757	2019	2	1.9378
3789	soelistijo s.a.	-0.5773	-0.0634	3	16	24	5	3	2.9068	2019	0.6	0.5814
3795	soenarnatalina m.	-0.4205	0.0288	3	3	3	4	1	0.9689	2019	0.25	0.2422
3805	soetjipto s.	-0.3616	-0.1308	6	17	17	4	0	0	2019	0	0
3807	"soetjipto, lusida m.i."	-0.5545	-0.2172	6	10	12	2	4	3.8757	2019	2	1.9378
3809	"soetjipto, sudarmo s.m."	-0.5517	-0.347	6	17	17	1	5	4.8446	2019	5	4.8446
3812	soetojo a.	-0.1941	-0.1731	2	4	5	6	1	0.9689	2019	0.1667	0.1615
3819	soh k.g.	-0.2513	0.584	11	4	8	2	1	0.9689	2019	0.5	0.4845
3820	soh k.l.	-0.2808	0.6045	11	4	8	2	1	0.9689	2019	0.5	0.4845
3824	solichin r.	0.0015	0.7046	7	5	10	2	0	0	2019	0	0
3835	sosiawan a.	-0.7485	0.3118	7	8	13	4	4	3.8757	2019	1	0.9689
3841	srianto p.	0.5062	0.1203	4	7	11	4	8	7.7513	2019	2	1.9378
3846	staff a.c.	0.5298	0.6945	9	15	15	1	1	0.9689	2019	1	0.9689
3851	su t.t.	-0.1944	-1.0536	38	7	18	4	13	12.5959	2019	3.25	3.149
3865	subekti s.	0.3798	-0.0902	10	7	7	6	2	1.9378	2019	0.3333	0.323
3874	subsomwong p.	-0.9258	-0.1997	27	4	8	2	3	2.9068	2019	1.5	1.4534
3881	sucipto t.h.	0.0946	-0.5799	42	3	4	2	0	0	2019	0	0
3890	sudarmo s.m.	-0.4453	-0.3566	15	32	70	15	19	18.4094	2019	1.2667	1.2273
3902	sudewi a.a.r.	0.8258	-0.2236	19	17	17	1	3	2.9068	2019	3	2.9068
3904	sudiana i.k.	-0.0691	0.0962	9	12	13	6	2	1.9378	2019	0.3333	0.323
3910	sudjarwo s.a.	0.3202	0.1372	4	22	37	15	22	21.3162	2019	1.4667	1.4211
3918	sugianto p.	0.7484	-0.2573	19	18	18	2	4	3.8757	2019	2	1.9378
3921	sugihartati r.	-0.5492	0.3136	7	4	9	9	11	10.6581	2019	1.2222	1.1842
3930	sugihartono t.	-0.7419	-0.2819	27	11	55	6	0	0	2019	0	0
3941	suharjono	-1.199	0.3227	46	3	3	2	2	1.9378	2019	1	0.9689
3945	suhartati s.	0.1312	0.2776	8	5	7	3	1	0.9689	2019	0.3333	0.323
3955	sukarmin s.	-0.1145	0.5704	7	7	24	4	18	17.4405	2019	4.5	4.3601
3956	sukartini t.	-0.2031	0.417	11	1	1	5	7	6.7824	2019	1.4	1.3565
3962	sukmanadi m.	0.4798	0.2906	4	3	3	3	3	2.9068	2019	1	0.9689
3965	sukmawati d.d.	-0.1183	-0.5646	17	17	17	1	3	2.9068	2019	3	2.9068
3981	sulistyono a.	0.2746	0.539	9	11	11	1	1	0.9689	2019	1	0.9689
3989	sulmartiwi l.	0.4529	-0.1713	10	5	7	9	9	8.7203	2019	1	0.9689
3994	sumarmi s.	-0.7906	0.4131	47	4	7	4	1	0.9689	2019	0.25	0.2422
4022	suprapto h.	0.2476	-0.1862	10	2	2	5	2	1.9378	2019	0.4	0.3876
4027	"supriatmo, kadim m."	-0.5172	-0.5562	15	12	12	1	6	5.8135	2019	6	5.8135
4028	suprihati e.	0.2946	0.0921	4	5	7	3	3	2.9068	2019	1	0.9689
4032	supriyanto g.	0.002	-0.1602	1	7	15	11	11	10.6581	2019	1	0.9689
4033	supriyanto s.	-0.5705	0.1516	3	6	12	10	2	1.9378	2019	0.2	0.1938
4038	surboyo m.d.c.	-0.3241	-0.2349	2	9	11	5	9	8.7203	2019	1.8	1.7441
4042	surono i.s.	-0.3238	-0.1934	15	7	11	2	5	4.8446	2019	2.5	2.4223
4045	surtiningsih t.	0.3259	-0.364	1	6	6	4	1	0.9689	2019	0.25	0.2422
4048	suryansyah m.m.	-0.1432	-0.253	20	11	11	1	1	0.9689	2019	1	0.9689
4051	suryawan a.	-0.5424	-0.5025	15	13	17	3	7	6.7824	2019	2.3333	2.2608
4062	susanto h.	-0.6214	-0.0102	3	7	7	2	1	0.9689	2019	0.5	0.4845
4068	susetyorini s.	0.0976	-1.0204	18	20	20	1	3	2.9068	2019	3	2.9068
4070	susilawathi n.m.	0.8595	-0.2235	19	17	17	1	3	2.9068	2019	3	2.9068
4071	susilo d.	-0.5701	0.3278	7	1	2	6	16	15.5027	2019	2.6667	2.5838
4075	susilo r.j.k.	0.0593	0.2199	14	9	40	7	58	56.1972	2019	8.2857	8.0282
4076	susilowati h.	-0.0505	-0.1678	2	17	43	8	30	29.0675	2019	3.75	3.6334
4080	susilowati s.	0.484	0.1249	4	6	7	2	0	0	2019	0	0
4086	sutariya v.	-0.1365	0.6812	7	1	4	4	10	9.6892	2019	2.5	2.4223
4094	sutjahjo a.	-0.5453	-0.0303	3	8	14	3	3	2.9068	2019	1	0.9689
4097	sutrisno i.	0.6189	-0.5522	25	12	12	1	1	0.9689	2019	1	0.9689
4101	suwandi t.	-0.1466	0.317	7	4	7	5	0	0	2019	0	0
4103	suwanti l.t.	0.3355	0.0904	4	8	10	4	4	3.8757	2019	1	0.9689
4110	suyanto b.	-0.543	0.3373	7	1	3	8	3	2.9068	2019	0.375	0.3633
4114	suyoso s.	0.1311	0.5338	8	5	9	2	0	0	2019	0	0
4118	suzuki y.	-0.1427	-0.2266	20	11	11	1	1	0.9689	2019	1	0.9689
4123	syafii m.	0.1507	-1.0376	18	20	20	1	3	2.9068	2019	3	2.9068
4127	syahid a.	0.6105	-0.5086	25	12	12	1	1	0.9689	2019	1	0.9689
4131	syahrom a.	-0.4233	0.3444	5	7	11	4	17	16.4716	2019	4.25	4.1179
4132	syahrul f.	-0.714	0.1233	3	4	10	4	0	0	2019	0	0
4147	søndergaard j.	-0.8151	-0.4669	28	13	13	1	2	1.9378	2019	2	1.9378
4150	taguchi k.	-1.1729	-0.1015	22	16	16	1	10	9.6892	2019	10	9.6892
4156	takagi r.	1.1309	0.1346	16	21	31	2	5	4.8446	2019	2.5	2.4223
4157	takajo t.	0.364	-0.6233	23	14	27	2	3	2.9068	2019	1.5	1.4534
4158	takaya y.	0.0154	0.5342	14	4	16	5	7	6.7824	2019	1.4	1.3565
4161	tamara f.	0.823	0.6323	37	7	14	2	3	2.9068	2019	1.5	1.4534
4162	tampubolon g.	0.091	-0.6618	42	3	6	2	16	15.5027	2019	8	7.7513
4164	tan c.-h.	0.0849	1.075	13	26	48	2	3	2.9068	2019	1.5	1.4534
4167	tan y.-k.	-1.1647	-0.1467	22	16	16	1	10	9.6892	2019	10	9.6892
4169	tanaka t.	-0.369	-0.7298	31	11	11	1	1	0.9689	2019	1	0.9689
4172	taniguchi t.	0.8532	-0.7421	12	11	11	1	1	0.9689	2019	1	0.9689
4173	tanjung m.	0.1406	-0.4583	1	3	6	4	3	2.9068	2019	0.75	0.7267
4175	tanra a.j.	0.0633	1.0108	13	26	48	2	3	2.9068	2019	1.5	1.4534
4193	tedjosasongko u.	-0.1961	-0.3452	2	4	7	4	3	2.9068	2019	0.75	0.7267
4195	terahara k.	-0.3206	-0.7871	31	11	11	1	1	0.9689	2019	1	0.9689
4196	tezuka m.	-0.4536	-1.0207	26	5	10	2	0	0	2019	0	0
4197	thaha m.	-0.1296	-0.2766	20	11	13	2	3	2.9068	2019	1.5	1.4534
4199	thambiratnam k.	-0.2458	0.7633	33	11	29	12	30	29.0675	2019	2.5	2.4223
4200	thamrin h.	-0.7667	-0.2417	27	12	71	8	0	0	2019	0	0
4205	the trauma and reconstructive urology working party of the european association of urology (eau) young academic urologists (yau)	1.0788	-0.5274	12	14	14	1	7	6.7824	2019	7	6.7824
4207	thokchom s.	-0.4623	0.5388	5	8	11	2	1	0.9689	2019	0.5	0.4845
4213	tinduh d.	-0.3931	0.0036	3	5	5	2	0	0	2019	0	0
4216	tirtayasa p.w.	-0.3336	-1.1944	41	5	8	2	0	0	2019	0	0
4219	tiu z.c.	-0.2978	0.857	33	7	18	7	26	25.1918	2019	3.7143	3.5988
4221	tjahjandarie t.s.	0.1286	-0.4788	1	2	5	3	3	2.9068	2019	1	0.9689
4229	tjokroprawiro a.	-0.5833	-0.0249	3	7	13	3	2	1.9378	2019	0.6667	0.6459
4235	toumpakari z.	-0.2128	-0.9965	38	7	10	2	5	4.8446	2019	2.5	2.4223
4236	trakanant s.	1.1639	0.0408	16	20	20	1	1	0.9689	2019	1	0.9689
4237	trauma and reconstructive urology working party of the european association of urology young academic urologists	0.9751	-0.5957	12	13	13	1	9	8.7203	2019	9	8.7203
4244	trianita m.n.	-0.0145	0.3647	8	7	13	2	0	0	2019	0	0
4250	trikurniadewi n.	0.3859	-0.3713	1	6	10	4	5	4.8446	2019	1.25	1.2111
4253	trimarjono a.	0.1304	-0.9752	18	20	20	1	3	2.9068	2019	3	2.9068
4255	tristiana r.d.	-0.2707	0.3965	11	7	10	6	13	12.5959	2019	2.1667	2.0993
4261	triyadi d.	0.0131	0.6478	7	5	10	2	0	0	2019	0	0
4264	triyono e.a.	-0.2843	-0.219	2	10	18	7	9	8.7203	2019	1.2857	1.2458
4270	tsunetsugu-yokota y.	-0.3303	-0.7559	31	11	11	1	1	0.9689	2019	1	0.9689
4271	tualeka a.r.	-0.0745	0.5033	7	17	99	39	25	24.2229	2019	0.641	0.6211
4274	tumewu l.	-0.3113	0.0517	6	4	5	2	1	0.9689	2019	0.5	0.4845
4281	tyasningsih w.	0.4205	0.1103	4	12	19	9	10	9.6892	2019	1.1111	1.0766
4284	udomratn p.	0.0062	0.9941	13	26	48	2	3	2.9068	2019	1.5	1.4534
4287	ueda s.	-0.4022	-0.1627	6	8	15	4	2	1.9378	2019	0.5	0.4845
4296	ulfiana e.	-0.2842	0.4355	11	11	18	11	12	11.627	2019	1.0909	1.057
4298	ulkhaq m.f.	0.502	-0.1812	10	9	26	10	5	4.8446	2019	0.5	0.4845
4299	ulum b.	0.1219	-1.0458	18	20	20	1	3	2.9068	2019	3	2.9068
4301	umanailo m.c.b.	0.1688	-1.0154	18	20	20	1	3	2.9068	2019	3	2.9068
4305	umbas r.	0.9124	-0.7144	12	11	11	1	1	0.9689	2019	1	0.9689
4308	ungvari g.s.	0.0831	1.1161	13	26	48	2	3	2.9068	2019	1.5	1.4534
4313	usawachintachit m.	-1.1515	-0.1896	22	16	16	1	10	9.6892	2019	10	9.6892
4332	utomo b.	0.3647	-0.0394	4	7	7	5	1	0.9689	2019	0.2	0.1938
4334	utomo d.n.	-0.2696	-0.1371	2	7	8	9	5	4.8446	2019	0.5556	0.5383
4335	utomo h.	-0.1889	-0.2989	2	6	8	3	1	0.9689	2019	0.3333	0.323
4338	utomo m.t.	-0.5225	-0.1348	3	7	12	4	2	1.9378	2019	0.5	0.4845
4339	utoyo m.i.	0.598	-0.6438	25	3	8	7	15	14.5338	2019	2.1429	2.0763
4341	utsumi t.	-0.5448	-0.3035	6	23	36	5	14	13.5648	2019	2.8	2.713
4344	van asselt a.d.i.	-0.8756	-0.0321	34	4	7	2	4	3.8757	2019	2	1.9378
4345	van crevel r.	0.7945	-0.2831	19	17	17	1	3	2.9068	2019	3	2.9068
4348	van der werf t.s.	-0.809	-0.0735	34	6	7	2	1	0.9689	2019	0.5	0.4845
4350	vandenplas y.	-0.5717	-0.5343	15	12	16	2	7	6.7824	2019	3.5	3.3912
4352	vatish m.	0.5765	0.7015	9	15	15	1	1	0.9689	2019	1	0.9689
4353	veri v.	0.1945	-0.9948	18	20	20	1	3	2.9068	2019	3	2.9068
4355	vidyani a.	-0.7395	-0.1968	27	12	71	8	0	0	2019	0	0
4357	virginia t.t.	0.1258	-0.1582	1	12	12	1	0	0	2019	0	0
4362	wafiroh s.	-0.2196	-0.0125	6	11	12	5	7	6.7824	2019	1.4	1.3565
4368	wahjuningrum d.a.	-0.4364	0.3695	5	1	1	4	5	4.8446	2019	1.25	1.2111
4372	wahyu a.	-0.0662	0.6432	7	11	79	18	20	19.3783	2019	1.1111	1.0766
4378	wahyuhadi j.	-0.5153	0.1289	3	2	4	3	0	0	2019	0	0
4379	wahyuni c.u.	-0.0702	-0.0152	11	5	8	6	2	1.9378	2019	0.3333	0.323
4380	wahyuni d.k.	0.1699	-0.3879	1	1	1	3	0	0	2019	0	0
4387	wahyuni r.m.	-0.565	-0.2649	6	26	40	5	13	12.5959	2019	2.6	2.5192
4389	wahyuni t.s.	-0.3479	0.0191	6	6	7	3	1	0.9689	2019	0.3333	0.323
4390	wahyuni w.	0.0899	-1.0531	18	20	20	1	3	2.9068	2019	3	2.9068
4391	wahyuningsih s.p.a.	0.1066	0.1674	14	9	30	9	20	19.3783	2019	2.2222	2.1531
4394	waluyo e.	0.5951	-0.6687	25	2	5	3	7	6.7824	2019	2.3333	2.2608
4398	wang f.	-0.0441	1.0302	13	24	24	1	2	1.9378	2019	2	1.9378
4400	wang p.	-0.7414	0.6848	5	18	33	6	38	36.8188	2019	6.3333	6.1365
4404	wanguyun a.p.	0.3262	-0.1786	1	7	8	4	5	4.8446	2019	1.25	1.2111
4408	wardana f.y.	-0.0241	-1.2473	44	3	6	2	7	6.7824	2019	3.5	3.3912
4409	wardani g.	0.3505	0.2079	4	4	12	6	7	6.7824	2019	1.1667	1.1304
4417	wardhana m.p.	0.2902	0.5669	9	13	16	2	1	0.9689	2019	0.5	0.4845
4422	wardhani h.c.p.	0.6124	0.0665	4	7	12	2	4	3.8757	2019	2	1.9378
4433	warsito s.h.	0.5149	0.0081	4	4	8	4	2	1.9378	2019	0.5	0.4845
4434	wasir r.	0.3794	-1.181	39	6	12	2	5	4.8446	2019	2.5	2.4223
4436	waskito l.a.	-0.8877	-0.188	27	5	12	4	11	10.6581	2019	2.75	2.6645
4437	watanabe m.	1.2064	0.1384	16	21	31	2	5	4.8446	2019	2.5	2.4223
4439	wati n.m.n.	0.1076	-0.9917	18	20	20	1	3	2.9068	2019	3	2.9068
4445	wening g.	-0.7973	0.3294	7	5	9	3	4	3.8757	2019	1.3333	1.2919
4446	wening g.r.s.	-0.842	0.2628	7	7	21	6	5	4.8446	2019	0.8333	0.8074
4448	wermuth i.	-0.8576	-0.51	28	13	13	1	2	1.9378	2019	2	1.9378
4449	weyne e.	1.0387	-0.5428	12	15	27	2	16	15.5027	2019	8	7.7513
4452	wibawa budi santosa a.	0.6608	-0.5185	25	12	12	1	1	0.9689	2019	1	0.9689
4457	wibisono s.	-0.5178	0.0075	3	10	15	3	2	1.9378	2019	0.6667	0.6459
4459	wibowo a.c.	-0.045	-1.2409	44	3	6	2	7	6.7824	2019	3.5	3.3912
4462	wibowo y.	-0.5262	-0.5961	15	12	12	1	6	5.8135	2019	6	5.8135
4464	wibrata d.a.	-0.1297	0.6025	7	7	13	2	18	17.4405	2019	9	8.7203
4467	wicaksono b.	0.276	0.5917	9	13	20	3	1	0.9689	2019	0.3333	0.323
4470	widajanti n.	-0.3874	1.1712	30	1	1	2	8	7.7513	2019	4	3.8757
4471	widajati n.	-0.1112	0.3608	7	3	5	7	1	0.9689	2019	0.1429	0.1384
4472	widati a.a.	-0.2304	0.0588	6	8	8	5	7	6.7824	2019	1.4	1.3565
4473	widati s.	-0.594	0.0911	3	1	1	3	0	0	2019	0	0
4478	widia y.	0.1631	0.5466	8	5	9	2	0	0	2019	0	0
4479	widiandani t.	-0.3212	0.0711	6	4	4	2	1	0.9689	2019	0.5	0.4845
4486	widiastuti t.	-0.9817	-0.7535	36	5	16	8	6	5.8135	2019	0.75	0.7267
4492	widiyanti p.	-0.3693	0.1814	5	5	5	7	0	0	2019	0	0
4498	widjaja n.a.	-0.459	-0.0567	15	9	18	5	1	0.9689	2019	0.2	0.1938
4499	widjajakusuma e.c.	0.5215	-0.9644	29	13	13	1	7	6.7824	2019	7	6.7824
4503	widjiati	0.1506	0.323	9	3	4	4	3	2.9068	2019	0.75	0.7267
4508	widodo a.	0.425	0.218	4	7	9	3	0	0	2019	0	0
4509	widodo a.d.	-0.4896	-0.5495	15	12	12	1	6	5.8135	2019	6	5.8135
4511	widodo b.	-0.7208	-0.2403	27	12	71	8	0	0	2019	0	0
4523	widyawaruyanti a.	-0.3331	0.0494	6	4	6	3	2	1.9378	2019	0.6667	0.6459
4533	wijaya s.	0.5709	-0.9732	29	13	13	1	7	6.7824	2019	7	6.7824
4538	wijayanti n.t.	0.0581	-0.0803	2	4	7	2	0	0	2019	0	0
4542	wikantika k.	0.3388	-0.2999	1	3	5	3	2	1.9378	2019	0.6667	0.6459
4546	winarni d.	-0.0253	0.2479	14	12	56	13	76	73.6377	2019	5.8462	5.6644
4553	winias s.	-0.0991	-0.1617	2	9	9	1	9	8.7203	2019	9	8.7203
4554	wiradana p.a.	0.309	-0.1381	10	1	3	3	0	0	2019	0	0
4560	wiratno d.	0.6354	-0.5015	25	12	12	1	1	0.9689	2019	1	0.9689
4564	wirianto s.t.	-0.8952	0.1523	3	6	12	2	0	0	2019	0	0
4567	wirohadidjojo y.w.	0.0846	-0.0262	2	5	8	2	0	0	2019	0	0
4573	wisnujati n.s.	0.0698	-1.0254	18	20	20	1	3	2.9068	2019	3	2.9068
4584	wong w.r.	-0.8105	0.7072	5	5	11	3	17	16.4716	2019	5.6667	5.4905
4585	wongso s.	0.8304	0.9075	40	6	12	2	2	1.9378	2019	1	0.9689
4589	world federation of neurosurgical societies (wfns) spine committee	0.2746	0.8249	43	3	3	1	0	0	2019	0	0
4593	wulan w.n.	-0.0931	-0.5578	17	17	17	1	3	2.9068	2019	3	2.9068
4600	wulandari l.	-0.7806	-0.082	34	5	8	3	1	0.9689	2019	0.3333	0.323
4602	wulandari r.d.	-0.6549	0.1692	3	11	23	8	15	14.5338	2019	1.875	1.8167
4608	wungu c.d.k.	-0.1753	0.0905	2	13	21	4	0	0	2019	0	0
4615	xiang y.-t.	0.0528	1.0506	13	26	48	2	3	2.9068	2019	1.5	1.4534
4618	yamada a.	1.1436	0.1645	16	21	40	4	7	6.7824	2019	1.75	1.6956
4619	yamada y.	1.076	0.1218	16	20	22	2	3	2.9068	2019	1.5	1.4534
4620	yamamoto m.	0.3746	-0.4715	23	15	28	3	5	4.8446	2019	1.6667	1.6149
4621	yamamoto t.	0.9709	0.352	21	17	17	1	1	0.9689	2019	1	0.9689
4623	yamani l.n.	-0.5312	-0.2662	6	24	31	4	9	8.7203	2019	2.25	2.1801
4624	yamaoka y.	-0.8992	-0.2136	27	5	12	4	11	10.6581	2019	2.75	2.6645
4625	yamashita y.	-0.3572	-0.7528	31	11	11	1	1	0.9689	2019	1	0.9689
4631	yang s.-y.	-0.0052	1.0321	13	26	48	2	3	2.9068	2019	1.5	1.4534
4635	yasin m.	-0.5007	0.6183	5	50	112	30	41	39.7256	2019	1.3667	1.3242
4637	yasuda i.	-0.341	-0.73	31	11	11	1	1	0.9689	2019	1	0.9689
4638	yasue a.	1.1081	0.1075	16	20	20	1	1	0.9689	2019	1	0.9689
4639	yasui t.	-1.1926	-0.1524	22	16	16	1	10	9.6892	2019	10	9.6892
4643	yensy n.a.b.	0.5323	1.059	24	15	15	1	1	0.9689	2019	1	0.9689
4646	"yimin, yoshida t."	1.0002	0.3406	21	17	17	1	1	0.9689	2019	1	0.9689
4651	yokoyama a.	0.948	0.3329	21	17	17	1	1	0.9689	2019	1	0.9689
4654	yonas y.	-0.9187	0.1687	3	6	12	2	0	0	2019	0	0
4656	yonezawa h.	0.3943	-0.6118	23	14	27	2	3	2.9068	2019	1.5	1.4534
4657	yoo h.y.	0.2172	-0.0163	1	3	6	2	13	12.5959	2019	6.5	6.298
4658	yoon t.-h.	0.9215	0.0272	32	4	7	2	1	0.9689	2019	0.5	0.4845
4661	yoshimoto k.	0.4422	-0.6345	23	14	27	2	3	2.9068	2019	1.5	1.4534
4662	yoshino h.	0.9946	0.3671	21	17	17	1	1	0.9689	2019	1	0.9689
4663	youl lee j.	0.8805	-0.7518	12	11	11	1	1	0.9689	2019	1	0.9689
4671	yudiana i.w.	-0.3114	-1.2101	41	5	11	3	1	0.9689	2019	0.3333	0.323
4672	yudianto a.	-0.6647	0.3182	7	2	6	5	1	0.9689	2019	0.2	0.1938
4677	yuliani h.	0.3652	-0.3864	1	5	6	2	1	0.9689	2019	0.5	0.4845
4680	yulianto a.b.	0.6257	0.0182	4	7	12	2	4	3.8757	2019	2	1.9378
4683	yuliarto b.	-0.2764	0.1271	6	2	3	2	2	1.9378	2019	1	0.9689
4687	yuliati a.	-0.1766	-0.3952	2	1	1	2	0	0	2019	0	0
4703	yuniarti w.m.	0.2708	0.042	4	8	9	6	4	3.8757	2019	0.6667	0.6459
4707	yunita m.n.	0.4873	0.3614	4	2	3	3	0	0	2019	0	0
4712	yunus m.	0.1821	0.233	14	10	14	9	1	0.9689	2019	0.1111	0.1077
4713	yupapin p.	-0.5978	0.7034	5	8	11	2	9	8.7203	2019	4.5	4.3601
4718	yusof h.h.m.	-0.485	0.5792	5	9	22	4	6	5.8135	2019	1.5	1.4534
4719	yusoff n.	-0.3127	0.8157	33	9	15	3	9	8.7203	2019	3	2.9068
4720	yusoff n.i.n.	1.2101	-0.301	55	0	0	1	1	0.9689	2019	1	0.9689
4725	yustinasari l.r.	0.4547	0.2126	4	8	9	4	0	0	2019	0	0
4726	yusuf a.	-0.2974	0.3621	11	9	12	17	12	11.627	2019	0.7059	0.6839
4728	yusuf m.	0.1564	0.0555	7	4	4	4	0	0	2019	0	0
4735	zaidan a.h.	-0.3842	0.3462	5	17	19	5	12	11.627	2019	2.4	2.3254
4746	zairina e.	-0.0974	0.188	3	1	1	2	7	6.7824	2019	3.5	3.3912
4747	zakaria r.	-0.7498	0.5968	5	11	26	5	8	7.7513	2019	1.6	1.5503
4761	zeng l.-n.	0.1539	1.0653	13	24	24	1	1	0.9689	2019	1	0.9689
4765	zhang k.	0.8929	-0.777	12	11	11	1	1	0.9689	2019	1	0.9689
4766	zhang q.	0.0428	0.9812	13	26	48	2	3	2.9068	2019	1.5	1.4534
4767	zhong x.-m.	-0.0322	0.9858	13	24	24	1	2	1.9378	2019	2	1.9378
4768	zhou q.	1.096	0.0528	16	20	20	1	1	0.9689	2019	1	0.9689
4770	zileli m.	0.272	0.8072	43	3	3	1	0	0	2019	0	0
4782	zulhijayanti n.a.	0.3164	0.6454	9	6	7	2	0	0	2019	0	0
4787	zulkarnain i.	0.1359	0.4394	8	3	3	4	2	1.9378	2019	0.5	0.4845
4789	zulkifli m.z.	-0.2111	0.7292	33	6	8	3	12	11.627	2019	4	3.8757
4790	zulkipli n.f.	-0.5992	0.5739	5	7	8	2	2	1.9378	2019	1	0.9689
4792	zuraidah a.a.	0.0902	0.2824	14	7	11	2	11	10.6581	2019	5.5	5.329
