2	1104	1
2	1328	1
2	1709	2
4	56	2
4	401	1
4	430	1
4	506	1
4	805	1
4	828	1
4	845	1
4	1617	1
4	1631	1
4	2349	1
4	3076	1
4	3456	1
5	614	1
5	717	1
5	966	1
5	1053	1
5	1057	1
5	1182	1
5	1185	1
5	1192	1
5	1805	1
5	2255	1
5	2641	1
6	155	1
6	236	1
6	403	1
6	630	1
6	632	1
6	901	1
6	1357	1
6	1613	1
6	2730	1
9	407	1
9	419	2
9	1133	1
10	1018	2
10	1975	5
10	3003	2
12	176	1
12	409	1
12	473	1
12	876	1
12	1174	1
12	1388	1
12	1444	1
12	1943	1
12	2175	1
12	2448	1
12	2773	1
14	361	1
14	399	1
14	1068	1
14	1214	1
14	1449	1
14	1594	1
14	2500	1
14	3019	1
14	3180	1
14	3397	1
16	1105	2
16	1166	2
16	1340	2
16	2139	2
16	3032	1
16	3065	1
21	999	1
21	1193	1
21	1989	1
21	2375	1
21	2423	1
21	2649	1
21	2762	1
21	2781	1
21	2998	1
21	3187	1
24	248	1
24	478	1
24	607	1
24	613	1
24	742	1
24	827	1
24	1113	1
24	1427	1
24	1459	1
24	1667	1
24	1673	1
24	1767	1
24	2321	1
24	2456	1
24	2831	1
24	2866	1
24	2916	1
24	2997	1
24	3067	1
24	3115	1
24	3301	1
24	3359	1
24	3436	1
25	409	2
25	830	1
25	1492	1
25	1870	1
25	2145	2
25	2250	1
25	2395	1
25	2783	1
25	3046	1
25	3221	2
30	70	1
30	93	1
30	1136	1
30	1647	1
30	1973	1
30	2323	1
30	2353	1
30	3167	1
32	113	1
32	118	1
32	284	1
32	362	1
32	435	1
32	641	1
32	734	1
32	776	2
32	1283	1
32	1518	1
32	2259	1
32	2261	1
32	2343	1
32	2425	1
32	2600	1
32	2619	1
32	2710	1
32	2998	2
32	3018	1
32	3338	1
35	299	1
35	317	1
35	477	1
35	731	1
35	741	1
35	804	1
35	928	1
35	986	1
35	1120	1
35	1310	1
35	1391	1
35	1427	1
35	1578	1
35	2405	1
35	2434	1
35	2460	1
35	2485	1
35	2688	1
35	3093	1
35	3155	1
35	3205	1
35	3329	1
35	3404	1
35	3489	1
39	743	1
39	977	1
39	1136	1
39	1848	1
39	1911	1
39	1918	1
39	1931	1
41	314	1
41	1958	1
41	2169	1
41	2571	1
41	2662	1
41	2710	1
41	3146	1
41	3171	1
41	3260	1
41	3457	1
45	594	1
45	734	1
45	974	1
45	1518	1
45	2257	1
45	2424	1
45	2532	1
45	2705	1
45	2762	1
45	2998	1
47	240	3
47	272	3
47	1518	1
47	3471	1
51	481	1
51	662	1
51	798	1
51	888	1
51	977	1
51	1015	1
51	1136	1
51	2089	1
54	738	1
54	1884	1
54	2766	1
54	3054	1
54	3066	1
54	3071	1
54	3415	1
54	3433	1
54	3461	1
56	272	1
56	318	2
56	401	1
56	430	1
56	506	1
56	757	1
56	805	1
56	828	1
56	845	1
56	1091	1
56	1132	1
56	1152	1
56	1516	2
56	1617	1
56	1631	1
56	1652	2
56	2349	1
56	3076	1
56	3296	4
56	3456	1
59	1940	2
59	2914	2
59	3348	1
59	3432	1
70	93	1
70	1030	1
70	1136	4
70	1647	1
70	1973	1
70	2323	1
70	2353	1
70	3167	1
73	103	1
73	1029	1
73	1081	1
73	1418	1
73	1421	1
73	2361	1
73	2547	1
73	2669	1
73	3006	1
78	365	2
78	2675	1
78	3166	1
82	1136	1
82	1681	1
82	2008	1
82	2657	1
84	200	1
84	596	4
84	3252	2
86	1285	5
86	1379	2
86	1411	1
86	1549	5
86	2038	2
86	2816	2
89	849	1
89	2153	2
89	2859	2
89	3091	1
91	278	2
91	419	2
91	891	2
91	1030	1
91	1462	1
91	2042	1
91	2252	1
91	2296	1
91	3173	2
93	1136	1
93	1647	1
93	1973	1
93	2323	1
93	2353	1
93	3167	1
103	717	1
103	1029	1
103	1081	1
103	1418	1
103	1421	1
103	2361	1
103	2547	1
103	2669	1
103	3006	1
111	116	3
111	634	2
111	638	1
111	872	3
111	1839	1
111	1882	1
111	2421	1
111	2909	1
111	2985	3
111	3434	2
113	362	1
113	435	1
113	641	1
113	734	1
113	776	1
113	2261	1
113	2619	1
113	2710	1
113	2998	1
113	3338	1
116	634	2
116	638	1
116	872	3
116	1839	1
116	1882	1
116	2421	1
116	2909	1
116	2985	3
116	3434	2
118	284	1
118	776	1
118	1283	1
118	1518	1
118	2259	1
118	2343	1
118	2425	1
118	2600	1
118	2998	1
118	3018	1
126	1341	3
126	1999	3
126	2387	3
130	628	1
130	1343	1
130	1381	2
130	1800	1
130	1906	1
130	2152	1
130	2533	1
130	2653	3
130	3481	2
146	263	1
146	283	1
146	331	1
146	344	1
146	428	1
146	1564	1
146	1643	1
146	2048	1
146	2129	1
146	2141	1
146	2167	1
146	3267	1
155	236	1
155	403	1
155	630	1
155	632	1
155	901	1
155	1357	1
155	1613	1
155	2730	1
158	849	2
158	853	1
158	990	2
158	1178	7
158	1222	2
158	1357	3
158	1440	1
158	1460	1
158	1486	4
158	1729	1
158	1786	1
158	1792	2
158	1816	1
158	1862	3
158	1889	3
158	1894	1
158	2020	1
158	2095	3
158	2285	1
158	2464	1
158	2653	3
158	2892	1
158	2930	1
158	3042	2
158	3055	1
158	3246	1
158	3292	9
158	3482	1
172	412	2
172	896	2
172	1533	2
172	2039	2
172	2771	2
172	3149	2
172	3429	2
176	409	1
176	473	1
176	876	1
176	1174	1
176	1388	1
176	1444	1
176	1943	1
176	2175	1
176	2448	1
176	2773	1
178	319	5
178	890	2
178	1517	3
178	2328	3
178	2330	1
178	2613	3
178	2919	3
181	884	1
181	1503	1
181	1715	1
181	2497	1
181	2670	1
181	2986	1
181	3229	1
193	323	1
193	1049	1
193	1563	1
193	1609	1
193	1804	1
193	2283	1
193	2298	1
193	2845	1
193	3035	1
193	3212	1
193	3237	1
198	2136	1
199	537	1
199	1115	2
199	1465	1
199	1681	1
199	2000	1
199	2008	1
199	2136	1
199	2160	1
199	2626	1
199	2775	1
199	2777	1
199	2868	1
199	2976	1
199	3285	1
199	3417	1
200	509	2
200	738	1
200	2377	1
200	2766	1
200	3252	1
203	1478	2
203	2129	1
203	2340	1
203	2492	1
203	2779	2
219	1190	2
219	3348	1
220	410	2
220	1357	1
220	1486	2
220	1621	1
220	2210	1
220	3261	2
229	2483	2
229	3296	2
229	3389	2
236	403	1
236	630	1
236	632	1
236	901	1
236	1357	1
236	1613	1
236	2730	1
238	535	1
238	853	6
238	990	1
238	1186	1
238	1222	1
238	2923	2
238	3290	3
240	272	2
240	917	2
240	1025	1
240	1518	1
240	3471	1
246	1162	3
246	1847	1
246	2122	1
246	2136	1
246	2308	1
246	2922	1
246	3251	1
246	3273	5
248	478	1
248	607	1
248	613	1
248	742	1
248	827	1
248	1113	1
248	1427	1
248	1459	1
248	1667	1
248	1673	1
248	1767	1
248	2321	1
248	2456	1
248	2831	1
248	2866	1
248	2916	1
248	2997	1
248	3067	1
248	3115	1
248	3301	1
248	3359	1
248	3436	1
249	380	1
249	537	1
249	2059	1
249	3104	1
260	1528	2
260	1576	2
260	3023	3
260	3175	3
263	283	1
263	331	1
263	344	1
263	428	1
263	1564	1
263	1643	1
263	2048	1
263	2129	1
263	2141	1
263	2167	1
263	3267	1
268	391	1
268	999	1
268	1283	1
268	1518	1
268	1568	1
268	1674	1
268	2197	1
268	2261	1
268	2528	1
268	2619	1
268	2998	1
268	3490	1
272	1518	1
272	3471	2
276	509	1
276	937	3
276	1011	2
276	1375	1
276	1380	1
276	2445	1
276	3428	2
276	3433	1
278	545	1
278	3173	2
279	2539	1
279	3238	2
280	333	5
280	738	1
280	1114	6
280	1318	3
280	1766	4
280	1785	1
280	1827	1
280	2557	3
280	2766	2
283	331	1
283	344	1
283	428	1
283	1564	1
283	1643	1
283	2048	1
283	2129	1
283	2141	1
283	2167	1
283	3267	1
284	776	1
284	1283	1
284	1518	1
284	2259	1
284	2343	1
284	2425	1
284	2600	1
284	2998	1
284	3018	1
285	537	2
285	1497	3
285	1675	3
288	537	2
288	3464	2
290	886	1
290	1702	2
290	3081	2
290	3244	2
290	3306	2
290	3326	2
294	449	1
294	987	1
294	3435	1
295	903	1
295	1065	1
295	1110	1
295	1226	1
295	1452	1
295	2604	1
295	2728	1
295	2782	1
297	1422	2
297	2381	2
297	2999	2
297	3234	2
297	3295	2
299	317	1
299	477	1
299	731	1
299	741	1
299	804	1
299	928	1
299	986	1
299	1120	1
299	1310	1
299	1391	1
299	1427	1
299	1578	1
299	2405	1
299	2434	1
299	2460	1
299	2485	1
299	2688	1
299	3093	1
299	3155	1
299	3205	1
299	3329	1
299	3404	1
299	3489	1
303	341	1
303	2770	2
309	421	1
309	853	1
309	1553	1
309	2133	1
309	2450	1
309	2501	1
309	3028	1
309	3494	1
312	2097	1
312	2675	1
312	3166	2
314	1958	4
314	2169	5
314	2571	1
314	2662	1
314	2710	2
314	3146	1
314	3171	1
314	3260	4
314	3457	1
316	689	8
316	1010	5
316	1691	1
316	1771	5
316	2710	1
316	3195	2
316	3427	2
316	3435	1
317	477	1
317	731	1
317	741	1
317	804	1
317	928	1
317	986	1
317	1120	1
317	1310	1
317	1391	1
317	1427	1
317	1578	1
317	2405	1
317	2434	1
317	2460	1
317	2485	1
317	2688	1
317	3093	1
317	3155	1
317	3205	1
317	3329	1
317	3404	1
317	3489	1
319	890	2
319	1517	3
319	2328	4
319	2330	1
319	2613	3
319	2710	1
319	2919	6
323	380	1
323	537	1
323	1049	1
323	1255	1
323	1259	1
323	1299	1
323	1563	1
323	1609	1
323	1804	1
323	2283	1
323	2298	1
323	2355	1
323	2845	1
323	3035	1
323	3212	1
323	3237	2
323	3444	1
325	761	1
325	853	1
325	1341	1
325	3055	1
325	3246	1
325	3313	1
330	687	1
330	758	2
330	1044	2
330	1549	2
330	2050	2
330	3464	1
331	344	1
331	428	1
331	1564	1
331	1643	1
331	2048	1
331	2129	1
331	2141	1
331	2167	1
331	3267	1
332	424	2
332	507	1
332	1002	2
332	2685	2
332	2982	2
333	1114	3
333	1318	3
333	1766	1
333	1827	1
333	2766	2
336	2156	2
336	2168	2
336	2994	2
341	717	1
341	1373	1
341	3281	2
344	428	1
344	1356	2
344	1564	1
344	1643	1
344	2048	1
344	2129	1
344	2141	1
344	2167	1
344	3267	1
346	1654	1
346	2515	3
358	915	2
358	1039	2
358	1050	2
358	2943	2
361	399	1
361	1068	1
361	1214	1
361	1449	1
361	1594	1
361	2500	1
361	3019	1
361	3180	1
361	3397	1
362	435	1
362	641	1
362	734	1
362	776	1
362	2261	1
362	2619	1
362	2710	1
362	2998	1
362	3338	1
365	3087	2
365	3232	1
370	547	1
370	1189	1
370	1839	2
370	2030	4
370	2216	2
370	2892	1
370	3094	1
370	3206	1
373	556	1
373	599	1
373	1108	1
373	1348	1
373	1446	1
373	1835	1
373	1967	2
373	2890	1
373	3056	1
373	3409	1
375	3468	1
380	468	1
380	537	2
380	538	1
380	1138	2
380	1255	3
380	1259	2
380	1299	4
380	1803	2
380	2059	1
380	2180	2
380	2355	1
380	2566	2
380	2740	1
380	2741	1
380	3090	1
380	3237	2
380	3444	1
390	641	1
390	999	1
390	1110	1
390	1751	1
390	2022	1
390	2343	1
390	2441	1
390	2619	1
390	2711	1
390	2837	1
390	2998	1
391	999	1
391	1283	1
391	1518	1
391	1568	1
391	1674	1
391	2197	1
391	2261	1
391	2528	1
391	2619	1
391	2998	1
391	3490	1
395	571	1
398	534	3
398	1063	3
398	2023	1
398	2644	2
398	2653	1
398	2788	1
398	3019	2
398	3481	1
399	1068	1
399	1214	1
399	1449	1
399	1594	1
399	2500	1
399	3019	1
399	3180	1
399	3397	1
401	430	1
401	506	1
401	805	1
401	828	1
401	845	1
401	1617	1
401	1631	1
401	2349	1
401	3076	1
401	3456	1
403	630	1
403	632	1
403	901	1
403	1357	1
403	1613	1
403	2730	1
407	419	2
407	512	1
407	1133	1
407	1462	1
407	1809	1
409	473	1
409	830	1
409	832	1
409	876	1
409	996	1
409	1174	1
409	1265	1
409	1388	1
409	1444	1
409	1492	1
409	1639	1
409	1870	2
409	1943	1
409	1951	1
409	2145	2
409	2175	1
409	2250	1
409	2395	1
409	2448	1
409	2758	1
409	2773	1
409	2783	2
409	2863	1
409	2910	1
409	3046	1
409	3061	1
409	3221	4
409	3329	1
410	1357	1
410	1460	1
410	1486	5
410	1621	1
410	2210	3
410	3168	1
410	3261	2
412	896	2
412	1533	3
412	2039	2
412	2771	2
412	3149	2
412	3429	3
414	604	1
414	1432	1
414	1473	1
414	1629	1
414	2836	1
414	3162	1
414	3361	1
418	1823	1
418	2061	1
418	3043	2
419	512	4
419	891	2
419	1018	1
419	1030	1
419	1133	2
419	1462	2
419	1709	1
419	1809	2
419	1830	1
419	2042	1
419	2252	2
419	2296	1
419	2567	1
421	853	1
421	1553	1
421	2133	1
421	2450	1
421	2501	1
421	3028	1
421	3494	1
424	507	1
424	1002	2
424	2685	2
424	2982	2
428	1564	1
428	1643	1
428	2048	1
428	2129	1
428	2141	1
428	2167	1
428	3267	1
430	506	1
430	805	1
430	828	1
430	845	1
430	1617	1
430	1631	1
430	2349	1
430	3076	1
430	3456	1
431	435	1
431	555	1
431	641	1
431	733	1
431	1094	1
431	1193	1
431	1674	1
431	2438	1
431	2705	1
431	2710	1
431	2762	1
431	2998	1
431	3187	1
434	1020	3
434	1922	3
434	2311	5
435	555	1
435	641	2
435	733	1
435	734	1
435	776	1
435	1094	1
435	1193	1
435	1674	1
435	2261	1
435	2438	1
435	2619	1
435	2705	1
435	2710	2
435	2762	1
435	2998	2
435	3187	1
435	3338	1
442	678	1
442	875	1
442	1353	1
442	1696	1
442	1902	1
442	2030	1
442	2387	1
442	3276	1
443	1139	1
443	2359	2
449	738	2
449	831	2
449	935	1
449	3435	2
459	1840	2
459	3145	2
459	3330	1
460	917	1
460	2248	1
460	2437	1
468	537	4
468	2050	2
468	3116	1
468	3417	1
468	3464	2
470	520	1
470	1209	1
470	1413	1
470	1752	1
470	2217	1
470	2421	1
470	3220	1
473	876	1
473	1174	1
473	1388	1
473	1444	1
473	1943	1
473	2175	1
473	2448	1
473	2773	1
477	731	1
477	741	1
477	804	1
477	928	1
477	986	1
477	1120	1
477	1310	1
477	1391	1
477	1427	1
477	1578	1
477	2405	1
477	2434	1
477	2460	1
477	2485	1
477	2688	1
477	3093	1
477	3155	1
477	3205	1
477	3329	1
477	3404	1
477	3489	1
478	607	1
478	613	1
478	742	1
478	827	1
478	1113	1
478	1427	1
478	1459	1
478	1667	1
478	1673	1
478	1767	1
478	2321	1
478	2456	1
478	2831	1
478	2866	1
478	2916	1
478	2997	1
478	3067	1
478	3115	1
478	3301	1
478	3359	1
478	3436	1
481	662	1
481	798	1
481	888	1
481	977	1
481	1015	1
481	1136	1
481	1333	1
481	1757	2
481	2089	1
481	2595	2
487	540	1
487	632	1
487	1407	1
487	1728	1
487	1774	1
487	1776	1
487	2021	1
487	2589	1
492	624	1
492	803	1
492	846	1
492	957	1
492	1054	1
492	1961	1
492	2842	1
492	3221	1
492	3277	1
494	910	2
494	2052	2
494	2139	2
494	3065	3
495	1967	1
495	2654	2
506	805	1
506	828	1
506	845	1
506	1617	1
506	1631	1
506	2349	1
506	3076	1
506	3456	1
507	1002	1
507	2685	1
507	2982	2
509	738	1
509	937	1
509	2445	1
509	2766	1
510	1326	1
510	3166	3
512	1462	1
512	1709	1
512	1809	1
512	1830	1
519	1346	1
519	1542	2
519	1929	1
519	2004	1
520	1209	1
520	1413	1
520	1752	1
520	2217	1
520	2421	1
520	3220	1
524	855	6
524	992	6
533	1517	1
533	2613	1
533	2655	1
533	2926	1
534	1063	2
534	2644	1
534	2788	1
534	3019	1
535	853	1
535	889	1
535	990	3
535	1222	3
535	1862	1
537	1019	1
537	1115	1
537	1255	1
537	1259	1
537	1299	1
537	1497	2
537	1675	2
537	2000	3
537	2008	2
537	2050	3
537	2160	2
537	2355	1
537	2393	1
537	2724	1
537	2775	1
537	2777	1
537	2868	2
537	3045	1
537	3104	2
537	3116	1
537	3237	1
537	3417	4
537	3444	1
537	3464	6
538	1062	1
538	1138	1
538	1255	1
538	1259	1
538	1299	1
538	1300	1
538	1803	1
538	1909	1
538	2050	3
538	2171	1
538	2180	1
538	2566	1
538	2740	1
538	2873	1
538	3045	1
538	3090	1
538	3097	1
538	3237	1
538	3464	1
540	632	1
540	1407	1
540	1728	1
540	1774	1
540	1776	1
540	2021	1
540	2589	1
547	1189	1
547	2030	1
547	2216	1
547	2892	1
547	3094	1
547	3206	1
555	641	1
555	733	1
555	1094	1
555	1193	1
555	1674	1
555	2438	1
555	2705	1
555	2710	1
555	2762	1
555	2998	1
555	3187	1
556	599	1
556	1108	1
556	1348	1
556	1446	1
556	1835	1
556	2890	1
556	3056	1
556	3409	1
558	841	1
558	862	1
558	1726	1
558	1773	1
558	3324	2
558	3386	1
558	3387	2
558	3405	1
574	987	4
574	2913	4
574	3250	2
574	3296	1
577	1683	1
577	2250	1
577	2432	1
590	840	1
590	975	1
590	1087	1
590	1875	1
590	2776	1
590	2937	1
590	3398	1
590	3438	1
593	2037	2
594	734	1
594	974	1
594	1518	1
594	2257	1
594	2424	1
594	2532	1
594	2705	1
594	2762	1
594	2998	1
596	3252	1
599	1108	1
599	1348	2
599	1446	1
599	1835	3
599	2890	2
599	3056	2
599	3409	1
601	1654	1
601	2655	1
601	2656	1
604	1432	1
604	1473	1
604	1629	1
604	2836	1
604	3162	1
604	3361	1
607	613	1
607	742	1
607	827	1
607	1113	1
607	1427	1
607	1459	1
607	1667	1
607	1673	1
607	1767	1
607	2321	1
607	2456	1
607	2831	1
607	2866	1
607	2916	1
607	2997	1
607	3067	1
607	3115	1
607	3301	1
607	3359	1
607	3436	1
613	742	1
613	827	1
613	1113	1
613	1427	1
613	1459	1
613	1667	1
613	1673	1
613	1767	1
613	2321	1
613	2456	1
613	2831	1
613	2866	1
613	2916	1
613	2997	1
613	3067	1
613	3115	1
613	3301	1
613	3359	1
613	3436	1
614	717	1
614	966	1
614	1053	1
614	1057	1
614	1182	1
614	1185	1
614	1192	1
614	1805	1
614	2255	1
614	2641	1
619	863	1
619	983	1
619	1230	1
619	1454	1
619	2317	1
619	2436	1
619	2562	1
620	936	2
620	2129	3
620	2219	1
620	3021	1
620	3432	1
622	1373	1
622	1695	1
622	1735	2
622	1832	1
622	2206	1
622	2848	2
623	1379	2
623	2698	1
624	803	1
624	846	1
624	957	1
624	1054	1
624	1961	1
624	2842	1
624	3221	1
624	3277	1
625	1807	5
625	1886	1
625	2006	1
625	2011	3
625	2374	1
625	2708	6
628	2653	1
628	2707	2
628	3234	2
630	632	1
630	901	1
630	1357	1
630	1613	1
630	2730	1
632	901	1
632	1357	1
632	1407	1
632	1613	1
632	1728	1
632	1774	1
632	1776	1
632	2021	1
632	2589	1
632	2730	1
634	872	5
634	1769	1
634	2909	1
634	2985	5
634	3434	5
638	872	1
638	1752	1
638	1839	1
638	1882	1
638	2421	2
638	2985	1
638	3464	1
641	733	1
641	734	1
641	776	1
641	999	1
641	1094	1
641	1110	1
641	1193	1
641	1674	1
641	1751	1
641	2022	1
641	2261	1
641	2343	1
641	2438	1
641	2441	1
641	2619	2
641	2705	1
641	2710	2
641	2711	1
641	2762	1
641	2837	1
641	2998	3
641	3187	1
641	3338	1
643	2278	1
643	2914	2
643	3348	2
647	2476	2
647	2617	1
647	2770	2
658	744	1
658	2518	1
660	2059	2
660	2122	2
660	2136	2
660	2376	1
660	2922	2
662	798	1
662	888	1
662	977	1
662	1015	1
662	1136	1
662	2089	1
678	875	1
678	1353	1
678	1696	1
678	1902	1
678	2030	1
678	2387	1
678	3276	1
684	1132	1
684	2518	1
687	758	2
687	1044	2
687	1549	2
687	2050	2
689	1010	5
689	1691	1
689	1771	5
689	2710	1
689	3195	2
689	3427	2
689	3435	1
694	1862	2
694	2273	2
694	2282	2
694	3042	1
695	1079	3
695	3042	3
695	3297	2
697	847	2
697	1307	1
697	1328	1
697	2129	1
697	2722	1
697	2786	1
697	3295	1
697	3432	1
715	2038	2
715	2804	1
715	2821	1
717	958	2
717	966	1
717	1053	1
717	1057	1
717	1126	2
717	1181	1
717	1182	1
717	1185	1
717	1192	1
717	1373	1
717	1541	1
717	1695	2
717	1805	1
717	1856	4
717	2255	1
717	2476	1
717	2641	1
717	2770	1
717	3163	4
717	3281	2
728	1390	1
728	1457	1
728	1984	1
728	2085	1
728	2129	1
728	2362	1
728	2826	1
731	741	1
731	804	1
731	928	1
731	986	1
731	1120	1
731	1310	1
731	1391	1
731	1427	1
731	1578	1
731	2405	1
731	2434	1
731	2460	1
731	2485	1
731	2688	1
731	3093	1
731	3155	1
731	3205	1
731	3329	1
731	3404	1
731	3489	1
733	1094	1
733	1193	1
733	1674	1
733	2438	1
733	2705	1
733	2710	1
733	2762	1
733	2998	1
733	3187	1
734	776	1
734	974	1
734	1518	1
734	2257	1
734	2261	1
734	2424	1
734	2532	1
734	2619	1
734	2705	1
734	2710	1
734	2762	1
734	2998	2
734	3338	1
738	831	2
738	1011	1
738	1333	1
738	1716	2
738	1766	2
738	1884	1
738	2129	1
738	2150	1
738	2445	1
738	2557	2
738	2655	1
738	2656	1
738	2722	1
738	2766	3
738	2867	1
738	2913	1
738	3054	1
738	3066	1
738	3071	3
738	3200	1
738	3252	1
738	3415	1
738	3433	1
738	3461	1
741	804	1
741	928	1
741	986	1
741	1120	1
741	1310	1
741	1391	1
741	1427	1
741	1578	1
741	2405	1
741	2434	1
741	2460	1
741	2485	1
741	2688	1
741	3093	1
741	3155	1
741	3205	1
741	3329	1
741	3404	1
741	3489	1
742	827	1
742	1113	1
742	1427	1
742	1459	1
742	1667	1
742	1673	1
742	1767	1
742	2321	1
742	2456	1
742	2831	1
742	2866	1
742	2916	1
742	2997	1
742	3067	1
742	3115	1
742	3301	1
742	3359	1
742	3436	1
743	977	1
743	1136	1
743	1848	1
743	1911	1
743	1918	1
743	1931	1
744	2124	2
744	2518	1
756	1585	1
756	1764	1
756	1862	1
756	2023	1
756	2218	1
756	2221	1
756	2738	1
756	3493	1
757	843	1
757	1327	1
757	2035	1
757	2588	1
757	2626	1
757	3197	1
757	3285	1
757	3286	1
757	3296	1
758	1044	5
758	1549	3
758	2050	5
758	3464	1
759	988	3
759	3134	3
759	3253	2
761	853	1
761	1341	1
761	3055	1
761	3246	1
761	3313	1
768	1018	1
768	2376	3
768	3251	1
772	1143	3
772	1149	3
772	2065	3
772	2120	3
776	1283	1
776	1518	1
776	2259	1
776	2261	1
776	2343	1
776	2425	1
776	2600	1
776	2619	1
776	2710	1
776	2998	2
776	3018	1
776	3338	1
792	1149	2
792	1379	1
798	888	1
798	977	1
798	1015	1
798	1136	1
798	2089	1
799	824	2
799	1022	1
799	1793	4
799	2597	1
799	2697	2
799	2698	4
799	3434	1
803	846	1
803	957	1
803	1054	1
803	1961	1
803	2842	1
803	3221	1
803	3277	1
804	928	1
804	986	1
804	1120	1
804	1310	1
804	1391	1
804	1427	1
804	1578	1
804	2405	1
804	2434	1
804	2460	1
804	2485	1
804	2688	1
804	3093	1
804	3155	1
804	3205	1
804	3329	1
804	3404	1
804	3489	1
805	828	1
805	845	1
805	1617	1
805	1631	1
805	2349	1
805	3076	1
805	3456	1
824	1022	1
824	1793	1
824	2697	1
824	2698	1
827	1113	1
827	1427	1
827	1459	1
827	1667	1
827	1673	1
827	1767	1
827	2321	1
827	2456	1
827	2831	1
827	2866	1
827	2916	1
827	2997	1
827	3067	1
827	3115	1
827	3301	1
827	3359	1
827	3436	1
828	845	1
828	1617	1
828	1631	1
828	2349	1
828	3076	1
828	3456	1
830	1870	1
830	2145	1
830	3046	1
830	3221	1
831	1333	1
831	1716	2
832	1265	1
832	1639	1
832	1870	1
832	1951	1
832	3061	1
832	3221	1
840	975	1
840	1087	1
840	1875	1
840	2776	1
840	2937	1
840	3398	1
840	3438	1
841	862	1
841	1726	1
841	1773	1
841	3324	1
841	3386	1
841	3405	1
843	1327	1
843	1465	5
843	2035	1
843	2588	1
843	2630	1
843	3197	4
843	3286	1
843	3335	3
845	1617	1
845	1631	1
845	2349	1
845	3076	1
845	3456	1
846	957	1
846	1054	1
846	1961	1
846	2842	1
846	3221	1
846	3277	1
847	1307	1
847	1328	1
847	2129	1
847	2722	1
847	2786	1
847	3295	1
847	3432	1
849	990	1
849	1729	1
849	1786	1
849	1792	1
849	1816	1
849	1862	1
849	1889	1
849	1894	1
849	2020	1
849	2095	1
849	2153	1
849	2285	1
849	2464	1
849	2859	1
849	2930	1
849	3042	1
849	3091	1
849	3292	1
849	3482	1
851	1664	2
851	3166	3
851	3298	3
853	990	1
853	1186	1
853	1222	1
853	1341	1
853	1553	1
853	2133	1
853	2450	1
853	2501	1
853	2923	2
853	3028	1
853	3055	1
853	3246	1
853	3290	3
853	3292	2
853	3313	1
853	3494	1
854	1160	2
854	1246	1
854	1438	1
854	2686	1
854	3121	1
854	3281	3
854	3327	2
855	992	7
862	1726	1
862	1773	1
862	3324	1
862	3386	1
862	3405	1
863	983	1
863	1230	1
863	1454	1
863	2317	1
863	2436	1
863	2562	1
871	1248	1
871	2675	1
872	1022	1
872	1769	1
872	1839	1
872	1882	1
872	2421	1
872	2486	1
872	2909	1
872	2985	8
872	3434	6
875	1353	1
875	1696	1
875	1902	1
875	2030	1
875	2387	1
875	3276	1
876	1174	1
876	1388	1
876	1444	1
876	1943	1
876	2175	1
876	2448	1
876	2773	1
884	1503	1
884	1715	1
884	2497	1
884	2670	1
884	2986	1
884	3229	1
886	1702	1
886	2557	1
886	2877	1
886	3081	1
886	3244	2
886	3306	1
886	3326	1
888	977	1
888	1015	1
888	1136	1
888	2089	1
889	990	1
889	1222	1
889	1827	1
889	3147	1
890	1517	2
890	2328	2
890	2613	2
890	2919	2
891	1030	1
891	1462	1
891	2042	1
891	2252	1
891	2296	1
896	1533	2
896	2039	2
896	2771	2
896	3149	2
896	3429	2
901	1357	1
901	1613	1
901	2730	1
902	2273	1
902	3290	1
903	1065	1
903	1110	1
903	1226	1
903	1452	1
903	2604	1
903	2728	1
903	2782	1
910	2052	4
910	2139	2
910	3065	4
915	1039	2
915	1050	2
915	2943	4
923	1163	1
923	1195	1
923	1220	1
923	1328	1
923	1489	2
923	1830	4
923	2013	2
923	2194	1
923	2567	3
923	2591	2
923	3147	2
923	3209	1
928	986	1
928	1120	1
928	1310	1
928	1391	1
928	1427	1
928	1578	1
928	2405	1
928	2434	1
928	2460	1
928	2485	1
928	2688	1
928	3093	1
928	3155	1
928	3205	1
928	3329	1
928	3404	1
928	3489	1
935	2557	1
936	1335	1
936	1836	4
936	2129	3
936	2219	1
936	3432	1
937	1011	3
937	1375	2
937	1380	1
937	2377	1
937	2445	1
937	3428	3
937	3433	1
942	2940	2
942	3302	1
946	1328	3
946	2076	4
957	1054	1
957	1961	1
957	2842	1
957	3221	1
957	3277	1
958	1126	1
958	1346	1
958	1839	1
958	1856	1
958	1929	2
958	3163	3
958	3281	1
966	1053	1
966	1057	1
966	1182	1
966	1185	1
966	1192	1
966	1805	1
966	2255	1
966	2641	1
974	1518	1
974	2257	1
974	2424	1
974	2532	1
974	2705	1
974	2762	1
974	2998	1
975	1087	1
975	1875	1
975	2776	1
975	2937	1
975	3398	1
975	3438	1
977	1015	1
977	1136	3
977	1709	1
977	1848	1
977	1911	1
977	1918	1
977	1931	1
977	2089	1
977	2567	1
983	1230	1
983	1454	1
983	2317	1
983	2436	1
983	2562	1
984	1574	2
984	2613	1
984	3132	3
986	1120	1
986	1310	1
986	1391	1
986	1427	1
986	1578	1
986	2405	1
986	2434	1
986	2460	1
986	2485	1
986	2688	1
986	3093	1
986	3155	1
986	3205	1
986	3329	1
986	3404	1
986	3489	1
987	2913	4
987	3250	2
987	3296	1
988	3134	4
988	3253	2
990	1178	2
990	1222	3
990	1786	1
990	1792	2
990	1862	1
990	1894	1
990	2285	1
990	2653	1
990	2930	1
990	3042	1
990	3292	2
990	3482	1
996	2758	1
996	2783	1
996	2863	1
996	2910	1
996	3221	1
996	3329	1
998	1683	1
998	1797	1
998	2651	1
998	2764	1
998	2926	1
998	3365	1
999	1110	1
999	1193	1
999	1283	1
999	1518	1
999	1568	1
999	1674	1
999	1751	1
999	1989	1
999	2022	1
999	2197	1
999	2261	1
999	2343	1
999	2375	1
999	2423	1
999	2441	1
999	2528	1
999	2619	2
999	2649	1
999	2711	1
999	2762	1
999	2781	1
999	2837	1
999	2998	3
999	3187	1
999	3490	1
1002	1942	1
1002	2685	2
1002	2982	2
1002	3065	1
1009	1025	1
1009	1836	1
1009	1878	1
1009	2115	1
1009	2129	1
1009	2219	1
1009	2309	1
1010	1771	5
1010	3195	1
1011	1375	2
1011	1380	2
1011	2377	2
1011	2445	1
1011	3200	1
1011	3428	5
1011	3433	2
1013	1019	1
1013	2724	1
1013	3045	1
1013	3273	1
1015	1136	1
1015	2089	1
1015	2248	1
1018	1133	1
1018	1802	1
1018	1975	2
1018	2376	1
1018	3003	2
1018	3251	1
1018	3273	1
1018	3295	1
1019	2724	2
1019	3045	1
1020	1922	3
1020	2311	3
1022	2698	1
1022	2985	1
1022	3434	1
1025	1836	1
1025	1878	1
1025	2115	1
1025	2129	1
1025	2219	1
1025	2309	1
1026	1130	1
1026	1186	2
1026	2699	3
1029	1081	1
1029	1418	1
1029	1421	1
1029	2361	1
1029	2547	1
1029	2669	1
1029	3006	1
1030	1136	1
1030	1462	1
1030	2042	1
1030	2252	1
1030	2296	1
1039	1050	2
1039	2943	2
1044	1549	3
1044	2050	5
1044	3464	1
1049	1563	1
1049	1609	1
1049	1804	1
1049	2283	1
1049	2298	1
1049	2845	1
1049	3035	1
1049	3212	1
1049	3237	1
1050	2943	2
1053	1057	1
1053	1182	1
1053	1185	1
1053	1192	1
1053	1805	1
1053	2255	1
1053	2641	1
1054	1961	1
1054	2842	1
1054	3221	1
1054	3277	1
1057	1182	1
1057	1185	1
1057	1192	1
1057	1805	1
1057	2255	1
1057	2641	1
1058	1349	1
1058	1362	1
1058	1465	1
1058	1468	1
1058	1880	1
1058	3285	1
1058	3335	1
1062	2050	1
1063	2644	1
1063	2788	1
1063	3019	1
1065	1110	1
1065	1226	1
1065	1452	1
1065	2604	1
1065	2728	1
1065	2782	1
1068	1214	1
1068	1449	1
1068	1594	1
1068	2500	1
1068	3019	1
1068	3180	1
1068	3397	1
1079	3042	3
1079	3297	3
1079	3302	1
1081	1418	1
1081	1421	1
1081	2361	1
1081	2547	1
1081	2669	1
1081	3006	1
1087	1875	1
1087	2776	1
1087	2937	1
1087	3398	1
1087	3438	1
1091	1516	1
1093	1536	1
1093	1566	1
1093	1802	1
1093	2043	1
1093	2382	1
1093	3308	1
1093	3488	1
1094	1193	1
1094	1674	1
1094	2438	1
1094	2705	1
1094	2710	1
1094	2762	1
1094	2998	1
1094	3187	1
1100	1746	2
1100	3402	2
1100	3410	2
1104	1516	1
1104	2191	1
1104	3296	4
1104	3451	2
1105	1166	2
1105	1340	7
1105	1793	1
1105	2139	4
1105	3032	2
1105	3065	2
1108	1348	1
1108	1446	1
1108	1835	1
1108	2890	1
1108	3056	1
1108	3409	1
1110	1226	1
1110	1452	1
1110	1751	1
1110	2022	1
1110	2343	1
1110	2441	1
1110	2604	1
1110	2619	1
1110	2711	1
1110	2728	1
1110	2782	1
1110	2837	1
1110	2998	1
1113	1427	1
1113	1459	1
1113	1667	1
1113	1673	1
1113	1767	1
1113	2321	1
1113	2456	1
1113	2831	1
1113	2866	1
1113	2916	1
1113	2997	1
1113	3067	1
1113	3115	1
1113	3301	1
1113	3359	1
1113	3436	1
1114	1318	2
1114	1766	4
1114	1785	1
1114	1827	1
1114	2766	2
1115	1681	1
1115	2000	3
1115	2008	1
1115	2160	1
1115	2421	1
1115	2775	1
1115	2777	1
1115	2868	1
1115	2976	2
1115	3417	1
1118	1709	3
1118	1809	1
1118	3293	2
1120	1310	1
1120	1391	1
1120	1427	1
1120	1578	1
1120	2405	1
1120	2434	1
1120	2460	1
1120	2485	1
1120	2688	1
1120	3093	1
1120	3155	1
1120	3205	1
1120	3329	1
1120	3404	1
1120	3489	1
1125	1652	1
1126	1856	2
1126	3163	2
1128	1187	2
1128	1936	2
1130	1999	1
1130	2387	1
1130	2699	1
1132	1652	1
1132	2061	1
1136	1647	1
1136	1848	1
1136	1911	1
1136	1918	1
1136	1931	1
1136	1973	1
1136	2089	1
1136	2323	1
1136	2353	1
1136	3167	1
1138	1255	2
1138	1259	1
1138	1299	2
1138	1803	2
1138	2180	2
1138	2566	2
1138	2740	1
1138	2741	1
1138	3090	1
1139	1517	1
1139	2100	1
1139	2359	2
1139	2919	1
1143	1149	3
1143	2065	3
1143	2120	3
1149	1379	3
1149	2065	3
1149	2120	3
1149	2804	1
1149	3124	1
1152	1652	3
1155	1378	2
1157	1226	1
1157	1944	1
1157	2120	1
1157	2129	2
1157	2894	1
1157	3244	2
1157	3368	1
1160	1246	2
1160	1438	1
1160	2686	1
1160	3121	1
1160	3281	3
1160	3327	2
1162	3251	1
1162	3273	2
1163	1195	1
1163	1220	1
1163	1328	1
1163	1830	1
1163	2194	1
1163	3209	1
1166	1340	2
1166	2139	2
1166	3032	1
1166	3065	1
1174	1388	1
1174	1444	1
1174	1943	1
1174	2175	1
1174	2448	1
1174	2773	1
1178	1440	1
1178	1792	2
1178	1862	1
1178	1889	2
1178	2095	2
1178	2653	3
1178	3292	8
1181	1335	1
1181	1373	2
1181	1472	1
1181	1541	2
1182	1185	1
1182	1192	1
1182	1805	1
1182	2255	1
1182	2641	1
1185	1192	1
1185	1805	1
1185	2255	1
1185	2641	1
1186	2923	1
1186	3290	1
1187	1475	1
1187	1936	2
1187	3166	1
1189	2030	2
1189	2216	1
1189	2892	1
1189	3094	2
1189	3206	1
1190	3348	1
1192	1805	1
1192	2255	1
1192	2641	1
1193	1674	1
1193	1989	1
1193	2375	1
1193	2423	1
1193	2438	1
1193	2649	1
1193	2705	1
1193	2710	1
1193	2762	2
1193	2781	1
1193	2998	2
1193	3187	2
1195	1220	1
1195	1328	1
1195	1830	1
1195	2194	1
1195	3209	1
1209	1413	1
1209	1752	1
1209	2217	1
1209	2421	1
1209	3220	1
1214	1449	1
1214	1594	1
1214	2500	1
1214	3019	1
1214	3180	1
1214	3397	1
1220	1328	1
1220	1830	1
1220	2194	1
1220	3209	1
1221	1629	1
1221	2518	1
1221	2604	1
1221	3302	1
1221	3361	1
1221	3451	1
1222	2892	1
1226	1452	1
1226	2120	1
1226	2604	1
1226	2728	1
1226	2782	1
1226	2894	1
1226	3368	1
1229	1335	1
1229	1787	1
1229	1832	1
1229	2359	1
1230	1454	1
1230	2317	1
1230	2436	1
1230	2562	1
1246	1438	1
1246	2686	1
1246	3121	1
1246	3281	2
1246	3327	2
1247	1262	1
1247	2115	1
1247	2129	2
1247	3432	2
1248	2675	1
1248	2685	1
1249	1756	2
1249	2097	2
1249	2784	1
1255	1259	2
1255	1299	3
1255	1803	2
1255	2180	2
1255	2355	1
1255	2566	2
1255	2740	1
1255	2741	1
1255	3090	1
1255	3237	1
1255	3444	1
1259	1299	2
1259	1803	1
1259	2180	1
1259	2355	1
1259	2566	1
1259	2740	1
1259	3090	1
1259	3237	1
1259	3444	1
1262	1328	1
1262	1836	4
1262	2129	3
1262	2219	1
1262	2722	1
1262	3432	2
1265	1639	1
1265	1870	1
1265	1951	1
1265	3061	1
1265	3221	1
1269	1379	1
1269	2038	2
1269	2120	2
1283	1518	2
1283	1568	1
1283	1674	1
1283	2197	1
1283	2259	1
1283	2261	1
1283	2343	1
1283	2425	1
1283	2528	1
1283	2600	1
1283	2619	1
1283	2998	2
1283	3018	1
1283	3490	1
1285	1379	2
1285	1411	1
1285	1549	5
1285	2038	2
1285	2816	2
1299	1803	2
1299	2180	2
1299	2355	1
1299	2566	2
1299	2740	1
1299	2741	1
1299	3090	1
1299	3237	2
1299	3444	1
1300	1909	1
1300	2050	1
1300	2171	1
1300	2873	1
1300	3045	1
1300	3237	1
1307	1328	1
1307	2129	1
1307	2722	1
1307	2786	1
1307	3295	1
1307	3432	1
1310	1391	1
1310	1427	1
1310	1578	1
1310	2405	1
1310	2434	1
1310	2460	1
1310	2485	1
1310	2688	1
1310	3093	1
1310	3155	1
1310	3205	1
1310	3329	1
1310	3404	1
1310	3489	1
1318	2766	2
1323	2508	5
1323	2675	4
1326	2097	1
1326	2671	1
1326	3298	1
1327	2035	2
1327	2588	2
1327	3197	1
1327	3286	2
1328	1823	1
1328	1824	1
1328	1830	1
1328	1836	1
1328	2061	1
1328	2076	3
1328	2129	1
1328	2194	1
1328	2722	1
1328	2786	1
1328	3043	1
1328	3149	1
1328	3209	1
1328	3295	1
1328	3432	3
1328	3462	1
1333	1716	1
1335	1373	1
1335	1472	2
1335	1526	1
1335	1541	1
1335	1836	1
1335	2359	1
1335	2667	1
1336	2019	2
1336	2671	1
1336	3224	1
1336	3434	1
1340	1793	1
1340	2139	6
1340	3032	3
1340	3065	3
1341	1366	1
1341	1786	1
1341	1792	1
1341	1999	4
1341	2221	1
1341	2387	5
1341	2709	1
1341	2712	1
1341	3055	1
1341	3246	2
1341	3313	1
1341	3482	1
1343	1381	1
1343	1800	1
1343	1906	1
1343	2152	1
1343	2653	1
1343	3481	1
1346	1542	1
1346	1839	2
1346	1929	1
1346	2004	2
1346	2518	1
1346	3163	1
1348	1446	1
1348	1835	2
1348	2890	2
1348	3056	2
1348	3409	1
1349	1362	1
1349	1465	2
1349	1468	1
1349	1880	2
1349	1905	1
1349	2645	2
1349	3285	4
1349	3335	4
1353	1696	1
1353	1902	1
1353	2030	1
1353	2387	1
1353	3276	1
1356	2539	2
1357	1460	1
1357	1486	8
1357	1613	1
1357	1774	1
1357	2387	1
1357	2730	1
1357	3261	1
1362	1465	1
1362	1468	1
1362	1880	1
1362	3285	1
1362	3335	1
1366	1786	1
1366	1792	1
1366	2221	1
1366	2709	1
1366	2712	1
1366	3482	1
1373	1472	1
1373	1541	2
1373	1735	1
1373	1832	1
1373	2030	1
1373	2848	1
1373	3281	1
1375	2377	1
1375	3428	2
1377	3055	1
1377	3246	1
1377	3313	1
1378	3000	1
1379	1411	1
1379	1549	2
1379	2038	3
1379	2698	2
1379	2804	2
1379	3124	1
1380	2377	1
1380	3428	2
1380	3433	1
1381	1800	1
1381	1906	1
1381	2152	1
1381	2653	2
1381	3481	2
1388	1444	1
1388	1943	1
1388	2175	1
1388	2448	1
1388	2773	1
1390	1457	1
1390	1984	1
1390	2085	1
1390	2129	1
1390	2362	1
1390	2826	1
1391	1427	1
1391	1578	1
1391	2405	1
1391	2434	1
1391	2460	1
1391	2485	1
1391	2688	1
1391	3093	1
1391	3155	1
1391	3205	1
1391	3329	1
1391	3404	1
1391	3489	1
1407	1728	1
1407	1774	1
1407	1776	1
1407	2021	1
1407	2589	1
1411	1549	1
1411	2038	2
1411	2243	1
1411	2816	1
1411	3124	1
1413	1752	1
1413	2217	1
1413	2421	1
1413	3220	1
1418	1421	1
1418	2361	1
1418	2547	1
1418	2669	1
1418	3006	1
1421	2361	1
1421	2547	1
1421	2669	1
1421	3006	1
1421	3087	1
1422	2381	2
1422	2999	3
1422	3234	3
1422	3295	3
1427	1459	1
1427	1578	1
1427	1667	1
1427	1673	1
1427	1767	1
1427	2321	1
1427	2405	1
1427	2434	1
1427	2456	1
1427	2460	1
1427	2485	1
1427	2688	1
1427	2831	1
1427	2866	1
1427	2916	1
1427	2997	1
1427	3067	1
1427	3093	1
1427	3115	1
1427	3155	1
1427	3205	1
1427	3301	1
1427	3329	1
1427	3359	1
1427	3404	1
1427	3436	1
1427	3489	1
1432	1473	1
1432	1629	1
1432	2836	1
1432	3162	1
1432	3361	1
1438	2686	1
1438	3121	1
1438	3281	1
1438	3327	1
1440	1889	1
1440	2095	1
1440	3292	1
1444	1943	1
1444	2175	1
1444	2448	1
1444	2773	1
1446	1835	1
1446	2890	1
1446	3056	1
1446	3409	1
1449	1594	1
1449	2500	1
1449	3019	1
1449	3180	1
1449	3397	1
1452	2604	1
1452	2728	1
1452	2782	1
1454	2317	1
1454	2436	1
1454	2562	1
1457	1984	1
1457	2085	1
1457	2129	1
1457	2362	1
1457	2826	1
1459	1667	1
1459	1673	1
1459	1767	1
1459	2321	1
1459	2456	1
1459	2831	1
1459	2866	1
1459	2916	1
1459	2997	1
1459	3067	1
1459	3115	1
1459	3301	1
1459	3359	1
1459	3436	1
1460	1486	2
1460	3168	1
1462	1809	1
1462	2042	1
1462	2252	1
1462	2296	1
1465	1468	1
1465	1880	2
1465	2136	1
1465	2626	1
1465	2630	1
1465	2645	1
1465	3197	3
1465	3285	3
1465	3335	6
1468	1637	2
1468	1880	2
1468	2144	2
1468	3285	1
1468	3335	3
1472	1541	1
1472	2667	1
1473	1629	1
1473	2836	1
1473	3162	1
1473	3361	1
1475	2710	2
1475	3166	3
1478	1485	1
1478	2340	1
1478	2779	1
1486	1621	2
1486	2210	3
1486	2387	2
1486	3168	2
1486	3261	2
1489	1830	1
1489	2013	1
1489	2567	2
1489	2591	2
1489	3147	1
1492	2145	1
1492	2250	1
1492	2395	1
1492	2783	1
1492	3221	1
1497	1675	3
1503	1715	1
1503	2497	1
1503	2670	1
1503	2986	1
1503	3229	1
1516	3296	2
1516	3451	1
1517	2100	1
1517	2328	4
1517	2330	1
1517	2613	5
1517	2919	5
1518	1568	1
1518	1674	1
1518	2197	1
1518	2257	1
1518	2259	1
1518	2261	1
1518	2343	1
1518	2424	1
1518	2425	1
1518	2528	1
1518	2532	1
1518	2600	1
1518	2619	1
1518	2705	1
1518	2762	1
1518	2998	3
1518	3018	1
1518	3471	1
1518	3490	1
1528	1576	1
1528	3023	2
1528	3175	2
1533	2039	2
1533	2771	2
1533	3149	2
1533	3429	3
1536	1566	1
1536	1802	1
1536	2043	1
1536	2382	1
1536	3308	1
1536	3488	1
1542	1929	1
1542	2004	1
1549	2038	2
1549	2050	3
1549	2311	1
1549	2740	1
1549	2816	2
1549	3464	1
1553	2133	1
1553	2450	1
1553	2501	1
1553	3028	1
1553	3494	1
1563	1609	1
1563	1804	1
1563	2283	1
1563	2298	1
1563	2845	1
1563	3035	1
1563	3212	1
1563	3237	1
1564	1643	1
1564	2048	1
1564	2129	1
1564	2141	1
1564	2167	1
1564	3267	1
1566	1802	1
1566	2043	1
1566	2382	1
1566	3308	1
1566	3488	1
1568	1674	1
1568	2197	1
1568	2261	1
1568	2528	1
1568	2619	1
1568	2998	1
1568	3490	1
1574	3132	2
1576	3023	2
1576	3175	2
1578	2405	1
1578	2434	1
1578	2460	1
1578	2485	1
1578	2688	1
1578	3093	1
1578	3155	1
1578	3205	1
1578	3329	1
1578	3404	1
1578	3489	1
1585	1764	1
1585	1862	1
1585	2023	1
1585	2218	1
1585	2221	1
1585	2738	1
1585	3493	1
1594	2500	1
1594	3019	1
1594	3180	1
1594	3397	1
1607	2052	2
1607	3065	2
1609	1804	1
1609	2283	1
1609	2298	1
1609	2845	1
1609	3035	1
1609	3212	1
1609	3237	1
1613	2730	1
1617	1631	1
1617	2349	1
1617	3076	1
1617	3456	1
1621	2210	1
1621	3168	1
1621	3261	1
1629	2836	1
1629	3162	1
1629	3361	2
1631	2349	1
1631	3076	1
1631	3456	1
1637	1880	1
1637	2144	2
1637	3335	2
1638	1880	1
1638	3290	4
1638	3292	2
1639	1870	1
1639	1951	1
1639	3061	1
1639	3221	1
1643	2048	1
1643	2129	1
1643	2141	1
1643	2167	1
1643	3267	1
1647	1973	1
1647	2323	1
1647	2353	1
1647	3167	1
1653	2006	1
1653	2338	3
1653	2939	1
1653	3435	3
1654	2515	1
1664	3166	2
1664	3298	2
1667	1673	1
1667	1767	1
1667	2321	1
1667	2456	1
1667	2831	1
1667	2866	1
1667	2916	1
1667	2997	1
1667	3067	1
1667	3115	1
1667	3301	1
1667	3359	1
1667	3436	1
1673	1767	1
1673	2321	1
1673	2456	1
1673	2831	1
1673	2866	1
1673	2916	1
1673	2997	1
1673	3067	1
1673	3115	1
1673	3301	1
1673	3359	1
1673	3436	1
1674	2197	1
1674	2261	1
1674	2438	1
1674	2528	1
1674	2619	1
1674	2705	1
1674	2710	1
1674	2762	1
1674	2998	2
1674	3187	1
1674	3490	1
1681	2008	1
1681	2657	1
1681	2777	1
1681	2976	1
1683	1797	1
1691	3427	1
1695	1735	1
1696	1902	1
1696	2030	1
1696	2387	1
1696	3276	1
1700	2533	1
1700	3201	1
1702	3081	2
1702	3244	2
1702	3306	2
1702	3326	2
1709	1809	2
1709	3293	2
1715	2497	1
1715	2670	1
1715	2986	1
1715	3229	1
1723	1853	1
1723	2525	2
1723	2600	2
1726	1773	1
1726	3324	1
1726	3386	1
1726	3405	1
1728	1774	1
1728	1776	1
1728	2021	1
1728	2589	1
1729	1816	1
1729	1889	1
1729	2020	1
1729	2095	1
1729	2464	1
1729	3292	1
1735	1832	1
1735	2848	1
1746	3402	2
1746	3410	2
1751	2022	1
1751	2343	1
1751	2441	1
1751	2619	1
1751	2711	1
1751	2837	1
1751	2998	1
1752	2217	1
1752	2421	2
1752	3220	1
1756	1967	1
1756	2097	2
1757	2595	5
1757	3293	1
1764	1862	1
1764	2023	1
1764	2218	1
1764	2221	1
1764	2738	1
1764	3493	2
1766	1785	1
1766	1827	1
1766	2766	1
1767	2321	1
1767	2456	1
1767	2831	1
1767	2866	1
1767	2916	1
1767	2997	1
1767	3067	1
1767	3115	1
1767	3301	1
1767	3359	1
1767	3436	1
1768	2124	1
1768	2206	1
1769	2486	1
1769	2985	1
1769	3434	2
1771	3195	1
1773	3324	1
1773	3386	1
1773	3405	1
1774	1776	1
1774	2021	1
1774	2589	1
1776	2021	1
1776	2589	1
1785	2377	1
1786	1792	2
1786	1862	2
1786	1894	1
1786	2221	1
1786	2285	1
1786	2709	1
1786	2712	1
1786	2930	1
1786	3042	1
1786	3362	2
1786	3482	2
1787	1832	1
1787	2892	2
1792	1862	1
1792	1894	1
1792	2095	1
1792	2221	1
1792	2285	1
1792	2709	1
1792	2712	1
1792	2930	1
1792	3042	1
1792	3292	2
1792	3482	2
1793	2597	1
1793	2697	2
1793	2698	2
1793	3032	1
1797	3250	2
1800	1906	1
1800	2152	1
1800	2653	1
1800	3087	1
1800	3481	1
1802	1847	1
1802	2043	1
1802	2078	2
1802	2094	1
1802	2136	1
1802	2382	1
1802	2667	1
1802	2760	2
1802	2922	4
1802	3308	1
1802	3488	1
1803	2180	2
1803	2566	2
1803	2740	1
1803	2741	1
1803	3090	1
1804	2283	1
1804	2298	1
1804	2845	1
1804	3035	1
1804	3212	1
1804	3237	1
1805	2255	1
1805	2641	1
1807	1886	2
1807	2011	6
1807	2311	1
1807	2374	2
1807	2508	1
1807	2708	10
1807	2784	1
1807	2794	2
1816	1889	1
1816	2020	1
1816	2095	1
1816	2464	1
1816	3292	1
1823	2061	2
1823	3043	2
1823	3149	1
1824	1836	1
1824	2006	1
1824	2129	1
1824	3432	2
1827	3147	1
1830	2013	1
1830	2194	1
1830	2567	2
1830	2591	1
1830	3147	1
1830	3209	1
1832	2848	1
1835	2890	2
1835	3056	2
1835	3409	1
1836	1878	1
1836	2115	4
1836	2129	3
1836	2150	1
1836	2219	3
1836	2309	1
1836	2867	1
1836	2894	1
1836	3021	1
1836	3380	2
1836	3401	1
1836	3432	2
1839	1882	1
1839	1929	1
1839	2004	1
1839	2030	2
1839	2216	1
1839	2421	1
1839	2518	1
1839	2985	1
1839	3163	1
1840	2328	1
1840	3145	3
1840	3330	2
1841	2011	1
1847	2078	1
1847	2136	3
1847	2308	1
1847	2760	1
1847	2922	2
1847	3273	1
1848	1911	1
1848	1918	1
1848	1931	1
1853	2023	1
1853	2600	1
1856	3163	4
1862	1894	1
1862	2023	1
1862	2218	1
1862	2221	1
1862	2273	3
1862	2282	2
1862	2285	1
1862	2738	1
1862	2930	1
1862	3042	3
1862	3292	1
1862	3362	1
1862	3482	1
1862	3493	1
1870	1951	1
1870	2145	1
1870	3046	1
1870	3061	1
1870	3221	2
1875	2776	1
1875	2937	1
1875	3398	1
1875	3438	1
1878	2115	1
1878	2129	1
1878	2219	1
1878	2309	1
1880	2144	1
1880	2645	1
1880	3285	2
1880	3290	1
1880	3335	3
1882	2421	1
1882	2985	1
1884	2766	1
1884	3054	1
1884	3066	1
1884	3071	1
1884	3415	1
1884	3433	1
1884	3461	1
1886	2011	2
1886	2708	2
1886	2794	1
1889	2020	1
1889	2095	4
1889	2464	1
1889	2712	1
1889	3292	4
1894	2285	1
1894	2930	1
1894	3042	1
1894	3482	1
1896	2311	2
1896	3262	1
1902	2030	1
1902	2387	1
1902	3276	1
1905	3285	2
1905	3335	1
1906	2152	1
1906	2653	1
1906	3481	1
1909	2050	1
1909	2171	1
1909	2873	1
1909	3045	1
1909	3237	1
1911	1918	1
1911	1931	1
1918	1931	1
1922	2106	5
1922	2311	3
1922	3124	1
1929	3163	2
1940	2914	3
1940	3348	1
1942	3232	1
1942	3334	2
1943	2175	1
1943	2448	1
1943	2773	1
1944	2129	5
1944	2597	1
1944	3244	5
1951	3061	1
1951	3221	1
1958	2169	3
1958	2328	1
1958	2571	1
1958	2662	1
1958	2710	2
1958	3146	1
1958	3171	1
1958	3260	4
1958	3457	1
1961	2842	1
1961	3221	1
1961	3277	1
1967	2029	1
1967	2654	1
1973	2323	1
1973	2353	1
1973	3167	1
1975	3003	2
1984	2085	1
1984	2129	1
1984	2362	1
1984	2826	1
1989	2375	1
1989	2423	1
1989	2649	1
1989	2762	1
1989	2781	1
1989	2998	1
1989	3187	1
1999	2387	6
2000	2008	2
2000	2160	2
2000	2393	1
2000	2775	1
2000	2777	1
2000	2868	2
2000	2976	1
2000	3417	3
2000	3464	1
2004	2518	1
2006	2338	1
2006	2939	2
2006	3435	1
2008	2160	1
2008	2393	1
2008	2657	2
2008	2775	1
2008	2777	1
2008	2868	2
2008	3417	2
2008	3464	1
2011	2374	2
2011	2708	6
2011	2794	2
2013	2567	1
2013	2591	1
2013	3147	2
2019	2671	1
2019	2784	2
2019	3224	3
2019	3434	1
2020	2095	1
2020	2464	1
2020	3292	1
2021	2589	1
2022	2343	1
2022	2441	1
2022	2619	1
2022	2711	1
2022	2837	1
2022	2998	1
2023	2218	1
2023	2221	1
2023	2653	1
2023	2738	1
2023	3481	2
2023	3493	1
2030	2216	2
2030	2387	1
2030	2535	1
2030	2892	1
2030	3094	2
2030	3125	5
2030	3206	1
2030	3276	1
2035	2588	2
2035	3197	1
2035	3286	2
2037	2821	1
2038	2120	2
2038	2311	1
2038	2804	2
2038	2821	1
2039	2771	2
2039	3149	2
2039	3429	2
2042	2252	1
2042	2296	1
2043	2382	1
2043	3308	1
2043	3488	1
2048	2129	1
2048	2141	1
2048	2167	1
2048	3267	1
2050	2171	1
2050	2873	1
2050	3045	1
2050	3097	1
2050	3237	1
2050	3464	5
2052	2139	2
2052	3065	7
2059	2122	3
2059	2136	3
2059	2308	1
2059	2376	1
2059	2922	3
2059	3273	1
2061	3043	2
2061	3149	1
2065	2120	3
2078	2094	2
2078	2136	1
2078	2760	1
2078	3464	1
2085	2100	2
2085	2129	5
2085	2362	1
2085	2826	1
2094	3464	1
2095	2464	1
2095	2712	1
2095	3292	4
2097	2508	2
2100	2129	2
2100	2919	1
2115	2129	5
2115	2219	2
2115	2309	1
2115	2867	1
2115	2894	1
2115	3021	1
2115	3401	1
2115	3432	2
2120	2894	1
2120	3368	1
2122	2136	3
2122	2308	2
2122	2376	1
2122	2922	4
2122	3273	2
2129	2141	1
2129	2150	1
2129	2167	1
2129	2219	2
2129	2309	1
2129	2362	1
2129	2377	2
2129	2539	1
2129	2597	1
2129	2613	2
2129	2722	3
2129	2779	1
2129	2786	1
2129	2826	1
2129	2867	2
2129	3021	3
2129	3244	6
2129	3267	1
2129	3295	1
2129	3380	2
2129	3401	2
2129	3419	3
2129	3432	8
2133	2450	1
2133	2501	1
2133	3028	1
2133	3494	1
2136	2376	1
2136	2626	1
2136	2760	1
2136	2922	5
2136	3285	1
2138	2226	2
2138	2359	2
2139	3032	2
2139	3065	4
2141	2167	1
2141	2359	5
2141	3267	1
2144	3335	2
2145	2250	1
2145	2395	1
2145	2783	1
2145	3046	1
2145	3221	2
2150	2722	1
2150	2867	4
2150	3462	1
2152	2653	1
2152	3481	1
2153	2859	2
2153	3091	1
2156	2168	2
2156	2994	2
2160	2775	1
2160	2868	1
2160	3417	2
2166	2617	1
2166	2770	2
2166	3445	1
2167	3267	1
2168	2994	2
2169	2571	1
2169	2662	1
2169	2710	2
2169	3146	1
2169	3171	1
2169	3260	3
2169	3457	1
2171	2873	1
2171	3045	1
2171	3237	1
2175	2448	1
2175	2773	1
2180	2566	2
2180	2740	1
2180	2741	1
2180	3090	1
2194	3209	1
2197	2261	1
2197	2528	1
2197	2619	1
2197	2998	1
2197	3490	1
2210	3261	1
2216	2892	1
2216	3094	1
2216	3206	1
2217	2421	1
2217	3220	1
2218	2221	1
2218	2738	1
2218	3390	2
2218	3493	7
2219	2309	1
2219	2894	1
2221	2709	1
2221	2712	1
2221	2738	1
2221	3482	1
2221	3493	1
2226	2359	2
2243	2821	1
2243	3124	1
2250	2395	1
2250	2783	1
2250	3221	1
2252	2296	1
2255	2641	1
2257	2424	1
2257	2532	1
2257	2705	1
2257	2762	1
2257	2998	1
2259	2343	1
2259	2425	1
2259	2600	1
2259	2998	1
2259	3018	1
2261	2528	1
2261	2619	2
2261	2710	1
2261	2998	2
2261	3338	1
2261	3490	1
2273	2282	2
2273	3042	1
2273	3290	1
2278	2914	1
2278	3348	2
2278	3353	1
2279	3070	1
2282	3042	1
2283	2298	1
2283	2845	1
2283	3035	1
2283	3212	1
2283	3237	1
2285	2930	1
2285	3042	1
2285	3482	1
2298	2845	1
2298	3035	1
2298	3212	1
2298	3237	1
2308	2922	1
2308	3273	4
2311	2708	1
2311	2784	1
2311	3262	1
2317	2436	1
2317	2562	1
2321	2456	1
2321	2831	1
2321	2866	1
2321	2916	1
2321	2997	1
2321	3067	1
2321	3115	1
2321	3301	1
2321	3359	1
2321	3436	1
2323	2353	1
2323	3167	1
2328	2330	1
2328	2613	4
2328	2710	1
2328	2919	6
2328	3260	2
2330	2613	1
2330	2919	1
2338	2939	1
2338	3435	3
2340	2492	1
2343	2425	1
2343	2441	1
2343	2600	1
2343	2619	1
2343	2711	1
2343	2837	1
2343	2998	2
2343	3018	1
2349	3076	1
2349	3456	1
2353	3167	1
2355	3237	1
2355	3444	1
2355	3464	2
2361	2547	1
2361	2669	1
2361	3006	1
2362	2826	1
2374	2708	2
2374	2794	1
2375	2423	1
2375	2649	1
2375	2762	1
2375	2781	1
2375	2998	1
2375	3187	1
2376	2922	1
2376	3251	1
2377	2557	2
2377	2655	1
2377	2656	1
2377	3419	2
2377	3428	2
2377	3432	2
2381	2509	1
2381	2999	2
2381	3234	4
2381	3295	3
2382	3308	1
2382	3488	1
2387	3276	1
2393	2777	1
2393	2868	1
2393	3417	1
2393	3464	1
2395	2783	1
2395	3221	1
2405	2434	1
2405	2460	1
2405	2485	1
2405	2688	1
2405	3093	1
2405	3155	1
2405	3205	1
2405	3329	1
2405	3404	1
2405	3489	1
2421	2985	1
2421	3220	1
2423	2649	1
2423	2762	1
2423	2781	1
2423	2998	1
2423	3187	1
2424	2532	1
2424	2705	1
2424	2762	1
2424	2998	1
2425	2600	1
2425	2998	1
2425	3018	1
2432	2675	1
2434	2460	1
2434	2485	1
2434	2688	1
2434	3093	1
2434	3155	1
2434	3205	1
2434	3329	1
2434	3404	1
2434	3489	1
2436	2562	1
2438	2705	1
2438	2710	1
2438	2762	1
2438	2998	1
2438	3187	1
2441	2619	1
2441	2711	1
2441	2837	1
2441	2998	1
2445	3200	1
2448	2773	1
2450	2501	1
2450	3028	1
2450	3494	1
2456	2831	1
2456	2866	1
2456	2916	1
2456	2997	1
2456	3067	1
2456	3115	1
2456	3301	1
2456	3359	1
2456	3436	1
2460	2485	1
2460	2688	1
2460	3093	1
2460	3155	1
2460	3205	1
2460	3329	1
2460	3404	1
2460	3489	1
2464	3292	1
2476	2617	1
2476	2770	3
2482	2675	2
2482	3377	2
2483	3296	3
2483	3389	3
2485	2688	1
2485	3093	1
2485	3155	1
2485	3205	1
2485	3329	1
2485	3404	1
2485	3489	1
2486	2985	1
2486	3434	1
2492	3070	1
2497	2670	1
2497	2986	1
2497	3229	1
2500	3019	1
2500	3180	1
2500	3397	1
2501	3028	1
2501	3290	1
2501	3494	1
2508	2675	7
2508	2708	1
2509	3234	1
2509	3295	1
2509	3301	1
2518	2604	1
2518	3302	1
2518	3451	1
2525	3032	1
2528	2619	1
2528	2998	1
2528	3490	1
2532	2705	1
2532	2762	1
2532	2998	1
2533	3201	2
2535	3125	1
2535	3281	1
2547	2669	1
2547	3006	1
2557	2651	1
2557	2877	22
2557	2913	1
2557	3070	1
2557	3200	7
2557	3365	1
2557	3481	1
2566	2740	1
2566	2741	1
2566	3090	1
2567	2591	2
2567	3147	1
2571	2662	1
2571	2710	1
2571	3146	1
2571	3171	1
2571	3260	1
2571	3457	1
2588	3197	1
2588	3286	2
2591	3147	1
2597	2698	1
2597	3244	1
2600	2998	1
2600	3018	1
2604	2728	1
2604	2782	1
2604	3302	3
2604	3451	3
2613	2919	4
2613	3419	1
2617	2664	1
2617	2770	3
2617	3445	2
2619	2710	1
2619	2711	1
2619	2837	1
2619	2998	3
2619	3338	1
2619	3490	1
2620	2852	3
2626	3285	4
2630	3197	1
2630	3335	1
2644	3019	3
2645	3285	2
2645	3335	2
2649	2762	1
2649	2781	1
2649	2998	1
2649	3187	1
2651	2764	1
2651	3070	1
2651	3365	2
2653	3292	3
2653	3481	3
2655	2926	1
2662	2710	1
2662	3146	1
2662	3171	1
2662	3260	1
2662	3457	1
2664	2770	2
2664	3188	1
2664	3445	2
2667	2760	1
2667	2922	1
2669	3006	1
2670	2986	1
2670	3229	1
2671	3298	1
2675	3166	1
2675	3377	2
2685	2982	2
2686	3121	1
2686	3281	1
2686	3327	1
2688	3093	1
2688	3155	1
2688	3205	1
2688	3329	1
2688	3404	1
2688	3489	1
2697	3111	1
2698	3434	1
2705	2710	1
2705	2762	2
2705	2998	2
2705	3187	1
2707	3234	2
2708	2784	1
2708	2794	2
2709	2712	1
2709	3482	1
2710	2762	1
2710	2998	2
2710	3146	1
2710	3166	2
2710	3171	1
2710	3187	1
2710	3195	1
2710	3260	2
2710	3338	1
2710	3457	1
2711	2837	1
2711	2998	1
2712	3482	1
2722	2786	1
2722	2867	1
2722	3295	1
2722	3432	2
2724	3045	1
2728	2782	1
2738	3493	1
2740	3090	1
2758	2783	1
2758	2863	1
2758	2910	1
2758	3221	1
2758	3329	1
2760	2922	1
2762	2781	1
2762	2998	3
2762	3187	2
2764	3365	1
2766	3054	1
2766	3066	1
2766	3071	1
2766	3415	1
2766	3433	2
2766	3461	1
2770	3188	3
2770	3445	5
2771	3149	2
2771	3429	2
2775	2868	1
2775	3417	1
2776	2937	1
2776	3398	1
2776	3438	1
2777	2868	1
2777	2976	1
2777	3417	1
2777	3464	1
2781	2998	1
2781	3187	1
2783	2863	1
2783	2910	1
2783	3221	2
2783	3329	1
2784	3224	2
2784	3277	1
2786	3295	1
2786	3432	1
2831	2866	1
2831	2916	1
2831	2997	1
2831	3067	1
2831	3115	1
2831	3301	1
2831	3359	1
2831	3436	1
2836	3162	1
2836	3361	2
2837	2998	1
2842	3221	1
2842	3277	1
2845	3035	1
2845	3212	1
2845	3237	1
2859	3091	2
2863	2910	1
2863	3221	1
2863	3329	1
2866	2916	1
2866	2997	1
2866	3067	1
2866	3115	1
2866	3301	1
2866	3359	1
2866	3436	1
2867	2894	2
2867	3432	1
2867	3462	1
2868	3417	2
2868	3464	1
2873	3045	1
2873	3237	1
2877	3200	7
2890	3056	2
2890	3409	1
2892	3094	1
2892	3206	1
2894	3348	1
2894	3368	4
2894	3432	1
2907	3202	3
2909	2985	1
2909	3434	1
2910	3221	1
2910	3329	1
2913	3250	3
2913	3296	1
2913	3435	1
2914	3348	3
2916	2997	1
2916	3067	1
2916	3115	1
2916	3301	1
2916	3359	1
2916	3436	1
2923	3290	2
2930	3042	1
2930	3482	1
2937	3398	1
2937	3438	1
2939	3188	1
2939	3435	1
2940	3302	1
2985	3434	6
2986	3229	1
2997	3067	1
2997	3115	1
2997	3301	1
2997	3359	1
2997	3436	1
2998	3018	1
2998	3187	2
2998	3338	1
2998	3490	1
2999	3234	3
2999	3295	3
3019	3180	1
3019	3397	1
3021	3380	1
3021	3401	2
3021	3432	1
3023	3175	3
3028	3494	1
3032	3065	2
3035	3212	1
3035	3237	1
3042	3297	2
3042	3482	1
3043	3149	1
3045	3237	1
3045	3273	1
3046	3221	2
3046	3277	1
3054	3066	1
3054	3071	1
3054	3415	1
3054	3433	1
3054	3461	1
3055	3246	3
3055	3313	2
3056	3409	1
3061	3221	1
3066	3071	1
3066	3415	1
3066	3433	1
3066	3461	1
3067	3115	1
3067	3301	1
3067	3359	1
3067	3436	1
3070	3365	1
3071	3415	1
3071	3433	1
3071	3461	1
3076	3456	1
3081	3244	2
3081	3306	2
3081	3326	2
3093	3155	1
3093	3205	1
3093	3329	1
3093	3404	1
3093	3489	1
3094	3206	1
3097	3464	1
3115	3301	1
3115	3359	1
3115	3436	1
3121	3281	1
3121	3327	1
3134	3253	2
3145	3330	2
3146	3171	1
3146	3260	1
3146	3457	1
3149	3429	2
3155	3205	1
3155	3329	1
3155	3404	1
3155	3489	1
3162	3361	1
3166	3298	4
3171	3260	1
3171	3457	1
3180	3397	1
3188	3445	2
3197	3286	1
3197	3335	2
3205	3329	1
3205	3404	1
3205	3489	1
3209	3281	1
3212	3237	1
3221	3277	2
3221	3329	1
3224	3434	1
3232	3302	1
3232	3334	1
3234	3295	4
3237	3444	1
3244	3306	2
3244	3326	2
3244	3432	1
3246	3313	1
3250	3296	1
3251	3273	1
3260	3457	1
3273	3295	1
3281	3327	3
3285	3335	4
3290	3292	2
3295	3432	1
3296	3389	3
3296	3451	2
3297	3302	1
3301	3359	1
3301	3436	1
3302	3451	5
3306	3326	2
3308	3488	1
3324	3386	1
3324	3387	1
3324	3405	1
3329	3404	1
3329	3489	1
3359	3436	1
3380	3401	1
3386	3405	1
3390	3493	2
3398	3438	1
3401	3432	1
3402	3410	2
3404	3489	1
3415	3433	1
3415	3461	1
3417	3464	1
3419	3432	2
3427	3435	1
3428	3433	2
3432	3462	1
3433	3461	1
