10	2528	1
10	2675	1
10	2945	1
10	3868	1
10	4366	1
13	192	6
13	1802	1
13	2171	4
13	2390	1
13	2391	4
13	2736	2
13	3057	7
13	3072	6
13	3247	1
13	3947	7
13	4210	9
13	4243	5
13	4334	1
13	4549	5
14	542	1
14	574	1
14	1350	2
14	1513	2
14	1514	1
14	1566	1
14	1689	1
14	1731	2
14	1761	2
14	1821	2
14	1911	1
14	1917	2
14	1964	1
14	1970	1
14	2042	2
14	2043	2
14	2183	2
14	2707	2
14	3107	2
14	3510	1
14	3823	1
14	3996	2
14	4079	2
14	4135	2
19	417	1
19	541	1
19	910	1
19	2840	1
19	3384	1
24	243	1
24	559	1
24	1074	1
24	1128	3
24	2259	1
24	2781	1
24	3445	2
24	3594	1
27	329	1
27	742	1
27	1214	1
27	1527	1
27	1846	1
27	2328	1
27	3284	1
27	3347	1
27	3501	1
27	3852	1
27	4104	1
27	4248	1
30	391	1
30	877	2
30	964	1
30	1089	1
30	1294	1
30	1790	1
30	1872	1
30	1965	1
30	2206	1
30	2279	1
30	2444	1
30	2494	1
30	2599	1
30	2638	1
30	2689	1
30	3229	1
30	3293	1
30	3562	2
30	3696	1
30	4049	2
30	4089	1
33	370	1
33	517	1
33	541	1
33	678	1
33	1053	1
33	1376	1
33	1736	1
33	2501	1
33	2655	1
33	3298	1
33	3486	1
33	3611	1
33	4116	1
33	4252	1
33	4254	1
36	196	1
36	528	2
36	1605	1
36	1921	1
36	2365	2
36	2527	2
36	3160	2
36	3424	1
36	3504	1
36	3690	2
36	3749	3
36	3878	1
36	4083	3
36	4545	1
40	222	3
40	339	1
40	574	2
40	801	3
40	1058	2
40	1318	3
40	3952	2
40	4361	1
41	922	1
41	923	1
41	1963	1
41	2037	1
41	3524	1
41	3820	1
41	3932	1
41	4281	1
41	4315	1
41	4475	1
45	95	1
45	209	1
45	938	3
45	1056	11
45	1275	2
45	1278	3
45	2298	1
45	2920	4
45	3530	6
45	3832	1
45	4007	3
50	1194	1
50	1989	1
50	2156	1
50	2618	1
50	2721	1
50	2862	1
50	2928	1
50	2930	2
50	3048	1
50	3438	1
50	3734	1
50	3788	1
50	4243	1
57	997	1
57	2184	3
57	3605	3
57	3665	1
57	3795	1
59	237	2
59	288	1
59	2453	3
59	2684	2
67	373	1
67	492	1
67	864	1
67	1000	1
67	1328	1
67	1487	1
67	1905	1
67	2940	1
67	3047	1
67	3674	1
67	3800	1
69	504	1
69	3147	1
69	3255	2
69	3264	2
69	3647	2
69	4386	2
80	125	2
80	783	4
80	2225	2
80	2974	2
80	3019	1
80	3305	2
80	3424	5
80	4344	1
83	1109	1
83	1963	1
83	2037	1
83	2894	1
83	3524	1
83	3932	1
83	4281	1
83	4315	1
83	4475	1
89	158	1
89	541	1
89	875	1
89	910	1
89	1313	1
89	1337	1
89	2484	1
89	3326	1
89	3681	1
89	4006	1
89	4063	1
89	4177	1
89	4199	1
90	397	1
90	854	1
90	1325	1
90	1764	1
90	1894	1
90	2159	1
90	2604	1
90	2937	1
90	3520	1
90	3815	1
90	4293	1
90	4391	1
95	1812	1
95	1923	1
95	3832	2
95	3961	1
104	1349	2
104	1691	2
104	1702	3
104	1714	1
104	1906	2
104	2087	3
104	2471	2
104	4277	1
104	4281	1
104	4474	2
104	4606	2
106	1049	3
106	1424	1
106	1616	10
106	1802	1
106	2240	6
106	2746	2
106	2923	1
106	3067	2
106	3892	1
106	4332	2
106	4456	1
125	783	1
125	1130	5
125	1567	1
125	3305	1
125	3424	1
125	3931	1
125	4344	1
135	243	1
135	848	1
135	1025	1
135	1176	1
135	1460	1
135	2373	1
135	2665	1
135	2891	1
135	4232	1
135	4246	1
135	4534	1
144	209	1
144	1275	3
144	3557	1
150	246	2
150	1605	1
150	2679	2
150	3457	2
150	4196	2
150	4545	2
151	791	1
151	796	1
151	906	1
151	1249	1
151	1295	1
151	1444	1
151	1597	1
151	1762	1
151	1783	1
151	2280	1
151	2472	1
151	2685	1
151	2803	1
151	3178	1
151	3312	1
151	3329	1
151	3607	1
151	3783	1
151	4371	1
158	541	1
158	875	1
158	1313	1
158	1337	1
158	2484	1
158	3326	1
158	4006	1
158	4063	1
158	4177	1
158	4199	1
182	276	1
182	385	1
182	1073	1
182	1092	1
182	1698	1
182	2007	1
182	2292	1
182	2752	1
182	3002	1
182	3179	1
182	3559	1
182	3721	1
187	522	2
187	680	1
187	799	1
187	1052	2
187	1301	1
187	2049	1
187	2071	1
187	2072	2
187	2077	1
187	2483	2
187	3130	1
187	3316	1
187	3406	5
187	3485	3
187	3645	2
187	4048	2
187	4064	2
187	4453	2
192	1802	1
192	2390	1
192	2391	2
192	3072	4
192	3247	1
192	3947	2
192	4210	3
192	4243	3
192	4334	1
192	4549	5
196	528	1
196	3160	2
196	3690	1
196	3749	2
196	4083	1
209	423	1
209	460	1
209	1415	1
209	1447	1
209	2582	1
209	3452	1
209	3557	1
215	541	2
215	1208	2
215	2176	2
215	2840	2
215	3729	2
215	4207	2
215	4552	2
222	339	6
222	574	3
222	801	9
222	1058	7
222	1318	9
222	3459	2
222	3952	2
222	4143	2
222	4361	6
223	703	3
223	2270	1
223	3527	4
232	1013	1
232	1726	1
232	1750	1
232	2157	1
232	2676	1
232	2769	1
232	2827	1
232	3384	1
232	3397	1
232	3602	1
232	3813	1
232	3940	1
237	2684	3
243	266	3
243	848	1
243	1025	1
243	1128	1
243	1176	1
243	1460	1
243	2259	2
243	2373	1
243	2665	1
243	2781	7
243	2891	1
243	3445	5
243	3941	2
243	4232	1
243	4246	1
243	4399	1
243	4534	1
243	4581	3
246	1605	1
246	2679	3
246	3457	3
246	4196	3
246	4545	3
251	332	1
251	1319	1
251	3533	1
251	3534	1
251	3535	1
261	1118	2
261	2945	1
261	4041	2
261	4531	1
266	1128	1
266	2259	1
266	2781	2
266	3941	1
266	4581	3
276	385	1
276	1073	1
276	1092	1
276	1698	1
276	2007	1
276	2292	1
276	2752	1
276	3002	1
276	3179	1
276	3559	1
276	3721	1
277	419	2
277	780	2
277	1538	2
277	1688	2
277	2015	2
277	2189	2
277	3158	2
277	3368	2
277	3620	2
279	1278	1
279	3827	1
279	3893	1
279	4545	1
288	344	1
288	1906	1
288	2275	1
288	2567	1
294	4243	3
300	352	4
300	1428	1
300	1648	1
315	2760	3
329	742	1
329	1214	1
329	1527	1
329	1846	1
329	2328	1
329	3284	1
329	3347	1
329	3501	1
329	3852	1
329	4104	1
329	4248	1
330	433	1
330	479	1
330	551	1
330	557	1
330	624	1
330	1020	1
330	1105	1
330	1341	1
330	1615	4
330	1753	3
330	2223	1
330	2249	4
330	2316	1
330	3142	4
330	3206	1
330	3231	1
330	3371	1
330	3699	4
330	4228	1
332	1319	1
332	3364	1
332	3535	2
339	801	6
339	1058	4
339	1233	1
339	1318	9
339	1820	1
339	2852	1
339	3459	2
339	4143	2
339	4243	1
339	4361	6
339	4489	1
344	1906	6
344	2275	4
344	2388	2
344	2994	1
352	1428	2
352	1535	1
352	1648	2
352	2134	1
352	2941	1
352	3627	1
353	1061	1
353	1062	1
353	1340	1
353	1745	1
353	1883	1
353	2135	1
353	3342	1
353	3405	1
353	3751	1
353	4174	1
353	4481	1
353	4545	1
356	2404	2
356	4144	2
356	4324	2
356	4379	2
356	4407	2
366	3487	3
366	4597	4
370	517	2
370	527	1
370	541	2
370	678	2
370	1053	2
370	1376	2
370	1736	2
370	1789	1
370	2501	2
370	2655	2
370	3298	2
370	3477	1
370	3486	1
370	3611	2
370	4115	1
370	4116	1
370	4252	2
370	4254	2
370	4438	1
373	492	1
373	864	1
373	1000	1
373	1328	1
373	1487	1
373	1905	1
373	2940	1
373	3047	1
373	3674	1
373	3800	1
385	1073	1
385	1092	1
385	1698	1
385	2007	1
385	2292	1
385	2752	1
385	3002	1
385	3179	1
385	3559	1
385	3721	1
389	1088	1
389	1445	1
389	1704	1
389	1814	2
389	2824	1
389	4286	3
389	4321	4
389	4628	1
391	877	2
391	1872	1
391	2206	1
391	2279	1
391	2444	1
391	2494	1
391	2638	1
391	3229	1
391	3293	1
391	3562	1
391	3696	1
391	4049	1
397	854	1
397	1325	1
397	1764	1
397	1894	1
397	2159	1
397	2604	1
397	2937	1
397	3520	1
397	3815	1
397	4293	1
397	4391	1
401	1802	1
401	2618	1
401	2928	2
401	3019	1
401	4332	1
401	4507	1
413	2199	2
413	3247	1
413	4334	2
414	1088	1
414	1814	1
414	2930	4
414	3752	3
417	541	2
417	910	2
417	1986	1
417	2475	1
417	2840	2
417	3384	1
419	780	4
419	820	1
419	1538	2
419	1688	2
419	2015	2
419	2189	2
419	2786	2
419	3158	2
419	3368	2
419	3620	4
419	4611	1
423	1415	2
423	1447	3
423	3246	2
433	479	1
433	551	1
433	557	1
433	624	1
433	1020	1
433	1105	1
433	1341	1
433	1615	1
433	1753	1
433	2223	1
433	2249	1
433	2316	1
433	3142	1
433	3206	1
433	3231	1
433	3371	1
433	3699	1
433	4228	1
458	2626	1
458	3978	1
458	4426	1
460	581	1
460	2582	2
460	2860	1
460	3364	2
460	3452	2
460	4520	1
474	475	2
474	1523	2
474	1730	2
474	2036	1
474	2038	1
474	2092	1
474	2168	2
474	2367	1
474	2368	1
474	2435	2
474	2455	1
474	2850	1
474	3234	2
474	3425	1
474	4140	2
474	4234	2
474	4336	1
474	4472	1
474	4554	1
475	1523	2
475	1730	2
475	2036	1
475	2038	1
475	2092	1
475	2168	2
475	2367	1
475	2368	1
475	2435	2
475	2455	1
475	2850	1
475	3234	2
475	3425	1
475	4140	2
475	4234	2
475	4336	1
475	4472	1
475	4554	1
479	551	1
479	557	1
479	624	1
479	1020	1
479	1105	1
479	1341	1
479	1615	1
479	1753	1
479	2223	1
479	2249	1
479	2316	1
479	3142	1
479	3206	1
479	3231	1
479	3371	1
479	3699	1
479	4228	1
492	864	1
492	1000	1
492	1328	1
492	1487	1
492	1905	1
492	2940	1
492	3047	1
492	3674	1
492	3800	1
493	799	1
493	1567	3
493	1683	2
493	1745	3
493	1747	1
493	1827	2
493	2034	2
493	2053	1
493	3504	1
493	3751	2
493	4055	1
493	4481	4
493	4522	1
493	4545	3
499	1283	3
499	3063	1
499	3619	3
504	1701	3
504	2391	1
504	3147	1
504	3176	1
504	3255	1
504	3264	1
504	3647	1
504	4336	1
504	4342	1
504	4386	1
511	4327	4
511	4532	1
517	527	1
517	541	2
517	678	2
517	1053	2
517	1376	2
517	1736	2
517	1789	1
517	2501	2
517	2655	2
517	3298	2
517	3477	1
517	3486	1
517	3611	2
517	4115	1
517	4116	1
517	4252	2
517	4254	2
517	4438	1
521	623	1
521	650	1
521	805	1
521	1090	1
521	1842	1
521	1854	1
521	2062	1
521	2128	1
521	2209	1
521	2248	1
521	2252	1
521	2311	1
521	2663	1
521	3267	1
521	4238	1
521	4450	1
521	4596	1
522	680	1
522	1052	1
522	1301	1
522	2049	1
522	2071	1
522	2072	1
522	2077	1
522	2483	1
522	3316	1
522	3406	2
522	3485	1
522	3645	1
522	4048	1
522	4064	1
522	4453	1
527	541	1
527	678	1
527	1053	1
527	1376	1
527	1736	1
527	1789	1
527	2501	1
527	2655	1
527	3298	1
527	3477	1
527	3611	1
527	4115	1
527	4252	1
527	4254	1
527	4438	1
528	2365	2
528	2527	2
528	3160	2
528	3690	3
528	3749	3
528	4083	2
541	678	2
541	875	1
541	910	6
541	1053	2
541	1208	3
541	1313	1
541	1330	3
541	1337	1
541	1376	2
541	1736	2
541	1789	1
541	1986	2
541	2176	3
541	2265	3
541	2284	1
541	2317	3
541	2475	2
541	2484	1
541	2501	2
541	2593	1
541	2654	1
541	2655	3
541	2840	5
541	3298	7
541	3326	1
541	3384	1
541	3477	1
541	3486	1
541	3560	1
541	3611	2
541	3644	1
541	3729	3
541	4006	1
541	4063	1
541	4115	1
541	4116	1
541	4170	1
541	4177	1
541	4199	1
541	4207	2
541	4252	6
541	4254	2
541	4320	1
541	4438	1
541	4552	3
542	574	1
542	1350	2
542	1513	1
542	1566	2
542	1731	2
542	1761	2
542	1821	2
542	1911	2
542	1917	2
542	2042	1
542	2043	2
542	2183	1
542	2185	1
542	2707	2
542	3107	2
542	3996	2
542	4079	2
542	4135	2
546	553	1
546	724	1
546	993	1
546	1068	1
546	1134	1
546	1159	1
546	1244	1
546	1734	1
546	2055	1
546	2178	1
546	2281	1
546	2319	1
546	2321	1
546	2486	1
546	2739	1
546	3481	1
546	3544	1
546	3932	1
546	4121	1
546	4574	1
547	637	1
547	646	1
547	706	1
547	1616	1
547	2051	1
547	2056	1
547	2590	1
547	2632	1
547	2650	1
547	2746	1
547	2901	1
547	3304	1
547	4054	1
547	4280	1
547	4473	1
547	4487	1
547	4506	1
547	4517	1
547	4600	1
550	2553	1
550	2825	1
550	3749	1
551	557	1
551	624	1
551	1020	1
551	1105	1
551	1341	1
551	1615	1
551	1753	1
551	2223	1
551	2249	1
551	2316	1
551	3142	1
551	3206	1
551	3231	1
551	3371	1
551	3699	1
551	4228	1
553	724	1
553	993	1
553	1068	1
553	1134	1
553	1159	1
553	1244	1
553	1734	1
553	2055	1
553	2178	1
553	2281	1
553	2319	1
553	2321	1
553	2486	1
553	2739	1
553	3481	1
553	3544	1
553	3932	1
553	4121	1
553	4574	1
557	624	1
557	1020	1
557	1105	1
557	1341	1
557	1615	1
557	1753	1
557	2223	1
557	2249	1
557	2316	1
557	3142	1
557	3206	1
557	3231	1
557	3371	1
557	3699	1
557	4228	1
559	1074	1
559	1128	3
559	2418	1
559	2564	1
559	2669	1
559	2697	1
559	2878	1
559	3317	1
559	3594	1
559	4062	1
559	4150	1
559	4394	1
559	4399	2
574	801	3
574	1058	3
574	1318	3
574	1350	1
574	1513	1
574	1566	1
574	1731	1
574	1761	1
574	1821	1
574	1911	1
574	1917	1
574	2042	1
574	2043	1
574	2183	1
574	2707	1
574	3107	1
574	3952	2
574	3996	1
574	4079	1
574	4135	1
575	899	1
575	1880	1
575	1995	1
575	2422	1
575	2528	1
575	3101	1
575	3131	1
575	3322	1
575	3492	1
575	4366	1
581	2470	1
581	2609	4
581	3364	1
599	720	1
599	722	1
599	1150	1
599	1187	1
599	1222	1
599	1987	1
599	2350	1
599	2528	1
599	2674	1
599	2762	1
599	3858	1
599	3868	1
599	4280	1
599	4366	1
622	862	1
622	1119	1
622	1120	1
622	1839	1
622	2355	1
622	3475	1
622	4085	1
622	4285	1
622	4312	1
622	4602	1
623	650	1
623	805	1
623	1090	1
623	1842	1
623	1854	1
623	2062	1
623	2128	1
623	2209	1
623	2248	1
623	2252	1
623	2311	1
623	2663	1
623	3267	1
623	4238	1
623	4450	1
623	4596	1
624	1020	1
624	1105	1
624	1341	1
624	1615	1
624	1753	1
624	2223	1
624	2249	1
624	2316	1
624	3142	1
624	3206	1
624	3231	1
624	3371	1
624	3699	1
624	4228	1
637	646	1
637	1616	1
637	2051	1
637	2056	1
637	2632	1
637	2650	1
637	2746	1
637	4280	1
637	4473	1
637	4487	1
637	4506	1
637	4517	1
637	4600	1
646	1616	1
646	2051	1
646	2056	1
646	2632	1
646	2650	1
646	2746	1
646	4280	1
646	4473	1
646	4487	1
646	4506	1
646	4517	1
646	4600	1
647	679	1
647	681	1
647	806	1
647	1468	1
647	1469	1
647	2035	1
647	2052	1
647	2074	1
647	2077	1
647	2097	1
647	2553	1
647	4133	1
647	4280	1
647	4281	1
647	4473	1
650	805	1
650	1090	1
650	1842	1
650	1854	1
650	2062	1
650	2128	1
650	2209	1
650	2248	1
650	2252	1
650	2311	1
650	2663	1
650	3267	1
650	4238	1
650	4450	1
650	4596	1
678	1053	2
678	1376	2
678	1736	2
678	1789	1
678	2501	2
678	2655	2
678	3298	2
678	3477	1
678	3486	1
678	3611	2
678	4115	1
678	4116	1
678	4252	2
678	4254	2
678	4438	1
679	681	1
679	806	1
679	1468	1
679	1469	1
679	2035	1
679	2052	1
679	2074	1
679	2077	1
679	2097	1
679	2553	1
679	4133	1
679	4280	1
679	4281	1
679	4473	1
680	1052	1
680	1301	1
680	2071	1
680	3316	1
680	3406	1
680	3485	1
680	3645	1
680	4048	1
680	4064	1
681	806	1
681	1468	1
681	1469	1
681	2035	1
681	2052	1
681	2074	1
681	2077	1
681	2097	1
681	2553	1
681	4133	1
681	4280	1
681	4281	1
681	4473	1
682	720	1
682	2528	1
682	3256	1
682	3395	1
682	4366	2
682	4531	2
685	3265	5
692	3193	2
692	3225	4
698	1727	1
698	2365	1
698	2511	1
703	1229	3
703	2270	1
703	2388	1
703	3076	2
703	3527	3
703	3809	1
703	4119	2
706	1923	3
706	2349	5
706	2590	4
706	2901	3
706	3304	3
706	3947	1
706	4054	4
706	4361	4
720	722	1
720	1150	1
720	1187	1
720	1222	1
720	1987	1
720	2350	1
720	2528	1
720	2674	1
720	2762	1
720	3395	1
720	3858	1
720	3868	1
720	4280	1
720	4366	1
722	1150	1
722	1187	1
722	1222	1
722	1987	1
722	2350	1
722	2528	1
722	2674	1
722	2762	1
722	3858	1
722	3868	1
722	4280	1
722	4366	1
724	993	1
724	1068	1
724	1134	1
724	1159	1
724	1244	1
724	1734	1
724	2055	1
724	2178	1
724	2281	1
724	2319	1
724	2321	1
724	2486	1
724	2739	1
724	3481	1
724	3544	1
724	3932	1
724	4121	1
724	4574	1
742	1214	1
742	1527	1
742	1846	1
742	2328	1
742	3284	1
742	3347	1
742	3501	1
742	3852	1
742	4104	1
742	4248	1
747	2583	2
747	2794	1
747	4357	2
748	928	1
748	930	1
748	1116	1
748	1960	1
748	2003	1
748	2387	1
748	2853	1
748	3333	1
748	3639	1
748	4513	1
769	2945	2
769	3256	2
769	3330	1
769	3868	2
769	4170	1
769	4366	2
780	820	1
780	1538	2
780	1688	2
780	2015	2
780	2189	2
780	2786	2
780	3158	2
780	3368	2
780	3620	4
783	2225	1
783	2974	1
783	3019	1
783	3304	1
783	3305	3
783	3424	5
783	4344	2
783	4545	3
790	1137	1
790	1424	1
790	1728	1
790	2259	1
790	3681	2
790	4243	1
791	796	1
791	906	1
791	1249	1
791	1295	1
791	1444	1
791	1597	1
791	1762	1
791	1783	1
791	2280	1
791	2472	1
791	2685	1
791	2803	1
791	3178	1
791	3312	1
791	3329	1
791	3607	1
791	3783	1
791	4371	1
796	906	1
796	1249	1
796	1295	1
796	1444	1
796	1597	1
796	1762	1
796	1783	1
796	2280	1
796	2472	1
796	2685	1
796	2803	1
796	3178	1
796	3312	1
796	3329	1
796	3607	1
796	3783	1
796	4371	1
799	1745	1
799	1827	1
799	2483	1
799	3406	1
799	3485	1
799	3504	1
799	4481	1
801	1058	7
801	1318	9
801	1616	1
801	3459	2
801	3952	2
801	4143	2
801	4361	6
805	1090	1
805	1842	1
805	1854	1
805	2062	1
805	2128	1
805	2209	1
805	2248	1
805	2252	1
805	2311	1
805	2663	1
805	3267	1
805	4238	1
805	4450	1
805	4596	1
806	1468	1
806	1469	1
806	2035	1
806	2052	1
806	2074	1
806	2077	1
806	2097	1
806	2553	1
806	4133	1
806	4280	1
806	4281	1
806	4473	1
812	3620	3
812	4608	3
820	2786	1
820	2917	3
820	3620	1
827	1428	6
827	1991	3
827	3090	3
827	3243	3
827	4597	6
831	879	2
831	1307	1
831	3978	1
831	4410	1
845	1218	1
845	1633	1
845	2270	2
845	2388	11
845	2627	1
845	2994	1
845	4039	4
845	4066	1
845	4442	1
845	4560	1
848	1025	1
848	1176	1
848	1460	1
848	2373	1
848	2665	1
848	2891	1
848	4232	1
848	4246	1
848	4534	1
849	3160	3
849	4326	3
854	1325	1
854	1487	1
854	1764	1
854	1894	1
854	2159	1
854	2604	1
854	2937	1
854	3197	1
854	3520	1
854	3800	1
854	3815	1
854	4293	1
854	4391	1
862	1119	1
862	1120	1
862	1839	1
862	2355	1
862	3475	1
862	4085	1
862	4285	1
862	4312	1
862	4602	1
864	1000	1
864	1328	1
864	1487	2
864	1905	1
864	2604	1
864	2940	1
864	3047	1
864	3197	1
864	3674	1
864	3800	2
875	1313	1
875	1337	1
875	2484	1
875	3326	1
875	4006	1
875	4063	1
875	4177	1
875	4199	1
877	964	1
877	1089	1
877	1294	1
877	1790	1
877	1872	1
877	1965	1
877	2206	1
877	2279	1
877	2444	1
877	2494	1
877	2599	1
877	2638	1
877	2689	1
877	3229	1
877	3293	1
877	3562	2
877	3696	1
877	4049	2
877	4089	1
879	904	1
894	2856	3
894	3523	1
899	1880	1
899	1995	1
899	2422	1
899	2528	1
899	3101	1
899	3131	1
899	3322	1
899	3492	1
899	4366	1
904	4029	2
905	1048	3
905	1694	3
905	2228	3
905	2690	3
905	4243	1
906	1249	1
906	1295	1
906	1444	1
906	1597	1
906	1762	1
906	1783	1
906	2280	1
906	2472	1
906	2685	1
906	2803	1
906	3178	1
906	3312	1
906	3329	1
906	3607	1
906	3783	1
906	4371	1
907	1727	2
907	2365	2
907	3749	1
910	1986	1
910	2475	1
910	2840	2
910	3384	1
910	3681	1
910	3729	1
922	923	1
922	1963	1
922	2037	1
922	3524	1
922	3820	1
922	3932	1
922	4281	1
922	4315	1
922	4475	1
923	1963	1
923	2037	1
923	3524	1
923	3820	1
923	3932	1
923	4281	1
923	4315	1
923	4475	1
928	930	1
928	1116	1
928	1960	1
928	2003	1
928	2387	1
928	2853	1
928	3333	1
928	3639	1
928	4513	1
930	1116	1
930	1960	1
930	2003	1
930	2387	1
930	2853	1
930	3333	1
930	3639	1
930	4513	1
938	1056	3
938	2920	3
961	1569	1
961	1802	1
961	4410	1
964	1089	1
964	1294	1
964	1790	1
964	1965	1
964	2599	1
964	2689	1
964	3562	1
964	4049	1
964	4089	1
966	1318	1
966	1986	2
966	4243	1
985	2821	1
985	3446	2
985	3732	1
985	4212	4
986	1327	1
986	1986	5
993	1068	1
993	1134	1
993	1159	1
993	1244	1
993	1734	1
993	2055	1
993	2178	1
993	2281	1
993	2319	1
993	2321	1
993	2486	1
993	2739	1
993	3481	1
993	3544	1
993	3932	1
993	4121	1
993	4574	1
997	3795	1
1000	1328	1
1000	1487	1
1000	1905	1
1000	2940	1
1000	3047	1
1000	3674	1
1000	3800	1
1013	1726	1
1013	1750	1
1013	2157	1
1013	2676	1
1013	2769	1
1013	2827	1
1013	3384	1
1013	3397	1
1013	3602	1
1013	3813	1
1013	3940	1
1020	1105	1
1020	1341	1
1020	1615	1
1020	1753	1
1020	2223	1
1020	2249	1
1020	2316	1
1020	3142	1
1020	3206	1
1020	3231	1
1020	3371	1
1020	3699	1
1020	4228	1
1021	2404	1
1021	3353	1
1021	4379	1
1025	1176	1
1025	1460	1
1025	2373	1
1025	2665	1
1025	2891	1
1025	4232	1
1025	4246	1
1025	4534	1
1048	1694	4
1048	2228	3
1048	2690	3
1048	4243	1
1049	1616	3
1049	2240	2
1052	1301	1
1052	2071	1
1052	2072	1
1052	3130	1
1052	3316	1
1052	3406	2
1052	3485	2
1052	3645	2
1052	4048	2
1052	4064	2
1053	1376	2
1053	1736	2
1053	1789	1
1053	2501	2
1053	2655	2
1053	3298	2
1053	3477	1
1053	3486	1
1053	3611	2
1053	4115	1
1053	4116	1
1053	4252	2
1053	4254	2
1053	4438	1
1056	2920	4
1056	3530	3
1058	1318	7
1058	3459	2
1058	3952	2
1058	4143	2
1058	4361	4
1061	1062	1
1061	1340	1
1061	1745	1
1061	1883	1
1061	2135	1
1061	3342	1
1061	3405	1
1061	3751	1
1061	4174	1
1061	4481	1
1061	4545	1
1062	1340	1
1062	1745	2
1062	1747	1
1062	1883	1
1062	2135	1
1062	3342	1
1062	3405	2
1062	3565	1
1062	3751	1
1062	4174	1
1062	4457	1
1062	4481	2
1062	4545	2
1068	1134	1
1068	1159	1
1068	1244	1
1068	1734	1
1068	2055	1
1068	2178	1
1068	2281	1
1068	2319	1
1068	2321	1
1068	2486	1
1068	2739	1
1068	3481	1
1068	3544	1
1068	3932	1
1068	4121	1
1068	4574	1
1073	1092	1
1073	1698	1
1073	2007	1
1073	2292	1
1073	2752	1
1073	3002	1
1073	3179	1
1073	3559	1
1073	3721	1
1074	1128	1
1074	2418	1
1074	3317	1
1074	3594	2
1074	4062	1
1083	2547	1
1083	4209	1
1088	1704	1
1088	1814	2
1088	4628	1
1089	1294	1
1089	1790	1
1089	1965	1
1089	2599	1
1089	2689	1
1089	3562	1
1089	4049	1
1089	4089	1
1090	1842	1
1090	1854	1
1090	2062	1
1090	2128	1
1090	2209	1
1090	2248	1
1090	2252	1
1090	2311	1
1090	2663	1
1090	3267	1
1090	4238	1
1090	4450	1
1090	4596	1
1092	1698	1
1092	2007	1
1092	2292	1
1092	2752	1
1092	3002	1
1092	3179	1
1092	3559	1
1092	3721	1
1105	1341	1
1105	1615	1
1105	1753	1
1105	2223	1
1105	2249	1
1105	2316	1
1105	3142	1
1105	3206	1
1105	3231	1
1105	3371	1
1105	3699	1
1105	4228	1
1109	1963	1
1109	2894	3
1109	3524	1
1115	1589	4
1115	3741	2
1116	1960	1
1116	2003	1
1116	2387	1
1116	2794	2
1116	2853	1
1116	3333	1
1116	3639	1
1116	4513	1
1118	2945	1
1118	4041	2
1118	4531	1
1119	1120	1
1119	1839	1
1119	2355	1
1119	3475	1
1119	4085	1
1119	4285	1
1119	4312	1
1119	4602	1
1120	1839	1
1120	2355	1
1120	3475	1
1120	4085	1
1120	4285	1
1120	4312	1
1120	4602	1
1128	2781	1
1128	3445	1
1128	3594	1
1128	4581	1
1130	1567	1
1130	3533	3
1130	3931	1
1134	1159	1
1134	1244	1
1134	1734	1
1134	2055	1
1134	2178	1
1134	2281	1
1134	2319	1
1134	2321	1
1134	2486	1
1134	2739	1
1134	3481	1
1134	3544	1
1134	3932	1
1134	4121	1
1134	4574	1
1135	1150	1
1135	2259	1
1135	3322	1
1135	4366	4
1137	1552	2
1137	1935	2
1137	2259	1
1137	2528	2
1137	3681	1
1145	1147	1
1145	1786	1
1145	1910	1
1145	2012	1
1145	2076	1
1145	2086	1
1145	2864	1
1145	3612	1
1145	3698	1
1145	3844	1
1145	4123	1
1145	4503	1
1147	1786	1
1147	1910	1
1147	2012	1
1147	2076	1
1147	2086	1
1147	2864	1
1147	3612	1
1147	3698	1
1147	3844	1
1147	4123	1
1147	4503	1
1150	1187	1
1150	1222	1
1150	1987	1
1150	2350	1
1150	2528	2
1150	2674	1
1150	2762	1
1150	3858	1
1150	3868	1
1150	4280	1
1150	4366	2
1154	2140	1
1154	2576	1
1154	2968	1
1154	3467	1
1154	3666	2
1154	3676	1
1154	4401	2
1159	1244	1
1159	1734	1
1159	2055	1
1159	2178	1
1159	2281	1
1159	2319	1
1159	2321	1
1159	2486	1
1159	2739	1
1159	3481	1
1159	3544	1
1159	3932	1
1159	4121	1
1159	4574	1
1174	3214	4
1174	4406	8
1174	4583	2
1176	1460	1
1176	2373	1
1176	2665	1
1176	2891	1
1176	4232	1
1176	4246	1
1176	4534	1
1186	1260	3
1187	1222	1
1187	1987	1
1187	2350	1
1187	2528	1
1187	2674	1
1187	2762	1
1187	3858	1
1187	3868	1
1187	4280	1
1187	4366	1
1190	1710	2
1190	1764	1
1190	2604	1
1190	4012	1
1194	1989	1
1194	2156	1
1194	2721	1
1194	2862	1
1194	3048	1
1194	3438	1
1194	3734	1
1194	3788	1
1194	4243	1
1208	2176	2
1208	2840	2
1208	3729	2
1208	4207	2
1208	4552	2
1214	1527	1
1214	1846	1
1214	2328	1
1214	3284	1
1214	3347	1
1214	3501	1
1214	3852	1
1214	4104	1
1214	4248	1
1218	1618	1
1218	1633	2
1218	2388	4
1218	3177	2
1218	4039	1
1218	4066	1
1218	4560	1
1222	1987	1
1222	2350	1
1222	2528	1
1222	2674	1
1222	2762	1
1222	3858	1
1222	3868	1
1222	4280	1
1222	4366	1
1229	2388	1
1229	2840	1
1229	3076	2
1229	3809	1
1229	4119	2
1233	1318	2
1233	1820	1
1233	2647	1
1233	2852	2
1238	1544	3
1238	1873	1
1238	2794	1
1238	2962	2
1238	3140	1
1238	3663	1
1238	4286	1
1238	4321	1
1244	1734	1
1244	2055	1
1244	2178	1
1244	2281	1
1244	2319	1
1244	2321	1
1244	2486	1
1244	2739	1
1244	3481	1
1244	3544	1
1244	3932	1
1244	4121	1
1244	4574	1
1249	1295	1
1249	1444	1
1249	1597	1
1249	1762	1
1249	1783	1
1249	2280	1
1249	2472	1
1249	2685	1
1249	2803	1
1249	3178	1
1249	3312	1
1249	3329	1
1249	3607	1
1249	3783	1
1249	4371	1
1257	2038	1
1257	2053	1
1257	3931	2
1257	4485	3
1261	1616	2
1261	1802	3
1261	2390	3
1261	3410	1
1265	1709	1
1265	2016	4
1265	3878	1
1265	4545	1
1278	2298	1
1278	3530	1
1283	3063	2
1283	3225	1
1283	3619	1
1283	3620	1
1283	3866	1
1284	2592	2
1284	2791	2
1284	4566	1
1294	1790	1
1294	1965	1
1294	2599	1
1294	2689	1
1294	3562	1
1294	4049	1
1294	4089	1
1295	1444	1
1295	1597	1
1295	1762	1
1295	1783	1
1295	2280	1
1295	2472	1
1295	2685	1
1295	2803	1
1295	3178	1
1295	3312	1
1295	3329	1
1295	3607	1
1295	3783	1
1295	4371	1
1301	2071	1
1301	3316	1
1301	3406	1
1301	3485	1
1301	3645	1
1301	4048	1
1301	4064	1
1307	3978	2
1307	4410	3
1313	1337	1
1313	2484	1
1313	3326	1
1313	4006	1
1313	4063	1
1313	4177	1
1313	4199	1
1318	1616	1
1318	1820	3
1318	1986	1
1318	2647	1
1318	2852	2
1318	3459	2
1318	3952	2
1318	4143	2
1318	4243	3
1318	4294	1
1318	4361	6
1318	4489	2
1319	3382	1
1319	3533	1
1319	3534	1
1319	3535	1
1325	1764	1
1325	1894	1
1325	2159	1
1325	2604	1
1325	2937	1
1325	3520	1
1325	3815	1
1325	4293	1
1325	4391	1
1327	1800	2
1327	1986	1
1327	2503	2
1327	3781	2
1328	1487	1
1328	1905	1
1328	2940	1
1328	3047	1
1328	3674	1
1328	3800	1
1330	2265	3
1330	2284	1
1330	2317	3
1330	2654	1
1330	2655	1
1330	3298	3
1330	3560	1
1330	3644	1
1330	4252	3
1330	4320	1
1337	2484	1
1337	3326	1
1337	4006	1
1337	4063	1
1337	4177	1
1337	4199	1
1340	1745	1
1340	1883	1
1340	2135	1
1340	3342	1
1340	3405	1
1340	3751	1
1340	4174	1
1340	4481	1
1340	4545	1
1341	1615	1
1341	1753	1
1341	2223	1
1341	2249	1
1341	2316	1
1341	3142	1
1341	3206	1
1341	3231	1
1341	3371	1
1341	3699	1
1341	4228	1
1349	1691	1
1349	1702	1
1349	1906	1
1349	2087	1
1349	2471	1
1349	4277	1
1349	4474	1
1350	1513	3
1350	1514	1
1350	1566	2
1350	1689	2
1350	1731	4
1350	1761	3
1350	1821	3
1350	1911	3
1350	1917	4
1350	1964	1
1350	1970	1
1350	2042	2
1350	2043	4
1350	2183	2
1350	2185	1
1350	2707	4
1350	3107	3
1350	3510	1
1350	3823	2
1350	3996	3
1350	4079	3
1350	4135	4
1359	3636	2
1363	1618	1
1363	1702	1
1363	2374	2
1363	4073	2
1368	3052	2
1368	3400	3
1368	4385	3
1376	1736	2
1376	1789	1
1376	2501	2
1376	2655	2
1376	3298	2
1376	3477	1
1376	3486	1
1376	3611	2
1376	4115	1
1376	4116	1
1376	4252	2
1376	4254	2
1376	4438	1
1415	1447	2
1415	2540	1
1415	3246	1
1415	4157	1
1417	1447	2
1417	3246	2
1417	3296	3
1417	4157	1
1424	1459	1
1424	1616	1
1424	1728	2
1424	1767	1
1424	2558	2
1424	2746	1
1424	3067	1
1424	3078	1
1424	3214	3
1424	3241	1
1424	3735	1
1425	1812	2
1425	2511	1
1425	3246	2
1426	1981	1
1426	2017	1
1426	2313	1
1426	2320	1
1426	2863	1
1426	2941	1
1426	2963	1
1426	3697	1
1426	4239	1
1426	4240	1
1428	1991	3
1428	2010	1
1428	2229	1
1428	2231	1
1428	3090	3
1428	3243	3
1428	3831	1
1428	4443	1
1428	4597	6
1436	1812	1
1436	1845	1
1436	1870	2
1444	1597	1
1444	1762	1
1444	1783	1
1444	2280	1
1444	2472	1
1444	2685	1
1444	2803	1
1444	3178	1
1444	3312	1
1444	3329	1
1444	3607	1
1444	3783	1
1444	4371	1
1445	1814	1
1445	2824	3
1445	3971	1
1445	4286	1
1445	4321	4
1447	2099	1
1447	2917	1
1447	3193	1
1447	3202	1
1447	3246	4
1459	1767	3
1459	3241	2
1459	3735	2
1459	3743	2
1460	2373	1
1460	2665	1
1460	2891	1
1460	4232	1
1460	4246	1
1460	4534	1
1468	1469	1
1468	2035	1
1468	2052	1
1468	2074	1
1468	2077	1
1468	2097	1
1468	2553	1
1468	4133	1
1468	4280	1
1468	4281	1
1468	4473	1
1469	2035	1
1469	2052	1
1469	2074	1
1469	2077	1
1469	2097	1
1469	2553	1
1469	4133	1
1469	4280	1
1469	4281	1
1469	4473	1
1487	1905	1
1487	2604	1
1487	2940	1
1487	3047	1
1487	3197	2
1487	3674	1
1487	3800	3
1512	3189	3
1512	3827	4
1512	3893	4
1513	1514	1
1513	1566	1
1513	1689	2
1513	1731	3
1513	1761	2
1513	1821	2
1513	1911	2
1513	1917	3
1513	1964	1
1513	1970	1
1513	2042	2
1513	2043	3
1513	2183	2
1513	2707	3
1513	3107	2
1513	3510	1
1513	3823	2
1513	3996	2
1513	4079	2
1513	4135	3
1514	1689	1
1514	1731	1
1514	1761	1
1514	1821	1
1514	1917	1
1514	1964	1
1514	1970	1
1514	2042	1
1514	2043	1
1514	2183	1
1514	2707	1
1514	3107	1
1514	3510	1
1514	3823	1
1514	3996	1
1514	4079	1
1514	4135	1
1523	1730	2
1523	2036	1
1523	2038	1
1523	2092	1
1523	2168	2
1523	2367	1
1523	2368	1
1523	2435	2
1523	2455	1
1523	2850	1
1523	3234	2
1523	3425	1
1523	4140	2
1523	4234	2
1523	4336	1
1523	4472	1
1523	4554	1
1527	1846	1
1527	2328	1
1527	3284	1
1527	3347	1
1527	3501	1
1527	3852	1
1527	4104	1
1527	4248	1
1535	1648	1
1535	2134	2
1535	3084	1
1538	1688	2
1538	2015	2
1538	2189	2
1538	3158	2
1538	3368	2
1538	3620	2
1544	2479	1
1544	2794	3
1544	2962	3
1544	3663	3
1552	1935	2
1552	2528	2
1553	2360	1
1553	2721	3
1566	1731	2
1566	1761	2
1566	1821	2
1566	1911	2
1566	1917	2
1566	2042	1
1566	2043	2
1566	2183	1
1566	2185	1
1566	2707	2
1566	3107	2
1566	3996	2
1566	4079	2
1566	4135	2
1567	1683	2
1567	1745	3
1567	1747	1
1567	1827	1
1567	1828	1
1567	2034	2
1567	2053	1
1567	3504	1
1567	3751	2
1567	4055	1
1567	4481	4
1567	4522	1
1567	4545	4
1569	2832	2
1569	3519	6
1569	4410	3
1573	1848	2
1589	2360	1
1589	2721	1
1589	3741	2
1597	1762	1
1597	1783	1
1597	2280	1
1597	2472	1
1597	2685	1
1597	2803	1
1597	3178	2
1597	3312	1
1597	3329	1
1597	3607	1
1597	3783	1
1597	4366	1
1597	4371	1
1601	2807	2
1601	2810	3
1601	4294	2
1605	2679	1
1605	3457	1
1605	3504	1
1605	4196	1
1605	4545	3
1612	1824	1
1612	2554	1
1612	4135	1
1615	1753	3
1615	2223	1
1615	2249	4
1615	2316	1
1615	3142	4
1615	3206	1
1615	3231	1
1615	3371	1
1615	3699	4
1615	4228	1
1616	1802	3
1616	2051	1
1616	2056	1
1616	2240	6
1616	2390	2
1616	2632	1
1616	2650	1
1616	2746	3
1616	2923	2
1616	3067	2
1616	4243	1
1616	4280	1
1616	4294	2
1616	4332	1
1616	4473	1
1616	4487	1
1616	4489	1
1616	4506	1
1616	4517	1
1616	4600	1
1617	2917	2
1617	3511	2
1617	4416	2
1618	1702	1
1618	3177	1
1633	2388	6
1633	3177	1
1633	3215	1
1633	4586	2
1636	2430	2
1636	3019	2
1636	4132	2
1648	2134	1
1648	2941	1
1648	3084	1
1657	1914	1
1657	2196	3
1657	3515	2
1657	3846	2
1657	3856	3
1683	1745	1
1683	2034	2
1683	2053	1
1683	3751	1
1683	4055	1
1683	4481	2
1683	4522	1
1683	4545	2
1688	2015	2
1688	2189	2
1688	3158	2
1688	3368	2
1688	3620	2
1689	1731	2
1689	1761	1
1689	1821	1
1689	1911	1
1689	1917	2
1689	1964	1
1689	1970	1
1689	2042	1
1689	2043	2
1689	2183	1
1689	2707	2
1689	3107	1
1689	3510	1
1689	3823	2
1689	3996	1
1689	4079	1
1689	4135	2
1691	1702	1
1691	2016	2
1691	2087	3
1691	2471	3
1691	2927	1
1691	4389	2
1694	2228	3
1694	2690	3
1694	4243	1
1698	2007	1
1698	2292	1
1698	2752	1
1698	3002	1
1698	3179	1
1698	3559	1
1698	3721	1
1701	3147	1
1701	3176	1
1701	3450	2
1701	4336	1
1701	4342	1
1702	1906	2
1702	4277	1
1702	4281	1
1702	4474	1
1702	4606	1
1704	1814	1
1704	3971	1
1704	4321	1
1704	4628	1
1705	1906	1
1706	1824	1
1709	2016	1
1709	2432	2
1709	2471	3
1709	3832	1
1709	4389	1
1710	1764	1
1710	2604	1
1710	4012	1
1714	2087	1
1714	2471	1
1714	4474	1
1714	4606	1
1724	3364	2
1724	3382	4
1726	1750	1
1726	2157	1
1726	2676	1
1726	2769	1
1726	2827	1
1726	3384	2
1726	3397	1
1726	3602	1
1726	3813	2
1726	3940	1
1727	1921	1
1727	2365	4
1727	2511	1
1727	3026	1
1727	3749	1
1728	3078	2
1730	2036	1
1730	2038	1
1730	2092	1
1730	2168	2
1730	2367	1
1730	2368	1
1730	2435	2
1730	2455	1
1730	2850	1
1730	3234	2
1730	3425	1
1730	4140	2
1730	4234	2
1730	4336	1
1730	4472	1
1730	4554	1
1731	1761	3
1731	1821	3
1731	1911	3
1731	1917	4
1731	1964	1
1731	1970	1
1731	2042	2
1731	2043	4
1731	2183	2
1731	2185	1
1731	2707	4
1731	3107	3
1731	3510	1
1731	3823	2
1731	3996	3
1731	4079	3
1731	4135	4
1734	2055	1
1734	2178	1
1734	2281	1
1734	2319	1
1734	2321	1
1734	2486	1
1734	2739	1
1734	3481	1
1734	3544	1
1734	3932	1
1734	4121	1
1734	4574	1
1736	1789	1
1736	2501	2
1736	2655	2
1736	3298	2
1736	3477	1
1736	3486	1
1736	3611	2
1736	4115	1
1736	4116	1
1736	4252	2
1736	4254	2
1736	4438	1
1745	1747	2
1745	1827	2
1745	1828	1
1745	1883	1
1745	2034	1
1745	2135	1
1745	3342	1
1745	3405	2
1745	3504	2
1745	3565	1
1745	3751	3
1745	4174	1
1745	4457	1
1745	4481	6
1745	4522	1
1745	4545	5
1747	1827	1
1747	3405	1
1747	3565	1
1747	3751	1
1747	4457	1
1747	4481	2
1747	4545	2
1750	2157	1
1750	2676	1
1750	2769	1
1750	2827	1
1750	3384	1
1750	3397	1
1750	3602	1
1750	3813	1
1750	3940	1
1751	2075	2
1751	3099	1
1751	3273	2
1751	3892	1
1751	4380	1
1753	2223	1
1753	2249	3
1753	2316	1
1753	3142	3
1753	3206	1
1753	3231	1
1753	3371	1
1753	3699	3
1753	4228	1
1761	1821	3
1761	1911	2
1761	1917	3
1761	1964	1
1761	1970	1
1761	2042	2
1761	2043	3
1761	2183	2
1761	2185	1
1761	2707	3
1761	3107	3
1761	3510	1
1761	3823	1
1761	3996	3
1761	4079	3
1761	4135	3
1762	1783	1
1762	2280	1
1762	2472	1
1762	2685	1
1762	2803	1
1762	3178	1
1762	3312	1
1762	3329	1
1762	3607	1
1762	3783	1
1762	4371	1
1764	1894	1
1764	2159	1
1764	2604	2
1764	2937	1
1764	3520	1
1764	3815	1
1764	4012	1
1764	4293	1
1764	4391	1
1767	3241	2
1767	3735	2
1767	3743	2
1783	2280	1
1783	2472	1
1783	2685	1
1783	2803	1
1783	3178	1
1783	3312	1
1783	3329	1
1783	3607	1
1783	3783	1
1783	4371	1
1786	1910	1
1786	2012	1
1786	2076	1
1786	2086	1
1786	2864	1
1786	3612	1
1786	3698	1
1786	3844	1
1786	4123	1
1786	4503	1
1789	2501	1
1789	2655	1
1789	3298	1
1789	3477	1
1789	3611	1
1789	4115	1
1789	4252	1
1789	4254	1
1789	4438	1
1790	1965	1
1790	2599	1
1790	2689	1
1790	3562	1
1790	4049	1
1790	4089	1
1800	2503	3
1800	3781	2
1802	1987	1
1802	2390	8
1802	2503	1
1802	2928	1
1802	3019	2
1802	3067	1
1802	3072	1
1802	3410	2
1802	4040	1
1802	4332	1
1802	4423	1
1802	4549	2
1812	1870	1
1812	2089	5
1812	3832	1
1812	4560	1
1812	4573	5
1813	3636	1
1813	4381	1
1814	4286	3
1814	4321	7
1814	4628	2
1820	2852	1
1820	4243	2
1820	4350	1
1821	1911	2
1821	1917	3
1821	1964	1
1821	1970	1
1821	2042	2
1821	2043	3
1821	2183	2
1821	2185	1
1821	2707	3
1821	3107	3
1821	3510	1
1821	3823	1
1821	3996	3
1821	4079	3
1821	4135	3
1827	3504	1
1827	3751	1
1827	4481	2
1827	4545	1
1828	3504	1
1828	3982	1
1828	3983	1
1828	4481	1
1828	4545	1
1839	2355	1
1839	3475	1
1839	4085	1
1839	4285	1
1839	4312	1
1839	4602	1
1841	1864	1
1841	3114	1
1841	4157	2
1841	4296	2
1842	1854	1
1842	2062	1
1842	2128	1
1842	2209	1
1842	2248	1
1842	2252	1
1842	2311	1
1842	2663	1
1842	3267	1
1842	4238	1
1842	4450	1
1842	4596	1
1845	1870	1
1845	4476	1
1846	2328	1
1846	3284	1
1846	3347	1
1846	3501	1
1846	3852	1
1846	4104	1
1846	4248	1
1847	2150	1
1854	2062	1
1854	2128	1
1854	2209	1
1854	2248	1
1854	2252	1
1854	2311	1
1854	2663	1
1854	3267	1
1854	4238	1
1854	4450	1
1854	4596	1
1863	2346	1
1864	3114	8
1864	3865	1
1864	3866	6
1864	4296	1
1872	2206	1
1872	2279	1
1872	2444	1
1872	2494	1
1872	2638	1
1872	3229	1
1872	3293	1
1872	3562	1
1872	3696	1
1872	4049	1
1873	2794	1
1873	2918	1
1873	3140	2
1873	3663	1
1873	4286	2
1873	4321	2
1880	1995	1
1880	2422	1
1880	2528	1
1880	3101	1
1880	3131	1
1880	3322	1
1880	3492	1
1880	4366	1
1883	2135	1
1883	3342	1
1883	3405	1
1883	3751	1
1883	4174	1
1883	4481	1
1883	4545	1
1893	3601	3
1893	3965	4
1893	4448	4
1894	2159	1
1894	2604	1
1894	2937	1
1894	3520	1
1894	3815	1
1894	4293	1
1894	4391	1
1899	2593	1
1899	4294	1
1905	2940	1
1905	3047	1
1905	3674	1
1905	3800	1
1906	2275	4
1906	4277	1
1906	4474	1
1910	2012	1
1910	2076	1
1910	2086	1
1910	2864	1
1910	3612	1
1910	3698	1
1910	3844	1
1910	4123	1
1910	4503	1
1911	1917	3
1911	2042	1
1911	2043	3
1911	2183	1
1911	2185	1
1911	2707	3
1911	3107	2
1911	3823	1
1911	3996	2
1911	4079	2
1911	4135	3
1914	2196	1
1914	2388	1
1914	2640	1
1914	3829	2
1917	1964	1
1917	1970	1
1917	2042	2
1917	2043	4
1917	2183	2
1917	2185	1
1917	2707	4
1917	3107	3
1917	3510	1
1917	3823	2
1917	3996	3
1917	4079	3
1917	4135	4
1923	2349	3
1923	3304	1
1923	3961	1
1923	4361	1
1930	2388	2
1930	4039	1
1930	4442	1
1930	4560	2
1935	2528	2
1954	4182	2
1960	2003	1
1960	2387	1
1960	2853	1
1960	3333	1
1960	3639	1
1960	4513	1
1963	2037	1
1963	2894	1
1963	3524	2
1963	3820	1
1963	3932	1
1963	4281	1
1963	4315	1
1963	4475	1
1964	1970	1
1964	2042	1
1964	2043	1
1964	2183	1
1964	2707	1
1964	3107	1
1964	3510	1
1964	3823	1
1964	3996	1
1964	4079	1
1964	4135	1
1965	2599	1
1965	2689	1
1965	3562	1
1965	4049	1
1965	4089	1
1970	2042	1
1970	2043	1
1970	2183	1
1970	2707	1
1970	3107	1
1970	3510	1
1970	3823	1
1970	3996	1
1970	4079	1
1970	4135	1
1981	2017	1
1981	2313	1
1981	2320	1
1981	3697	1
1981	4239	1
1981	4240	1
1986	2475	2
1986	2593	1
1986	2701	3
1986	2840	1
1986	4243	1
1987	2350	1
1987	2390	1
1987	2528	1
1987	2674	1
1987	2762	1
1987	3410	1
1987	3858	1
1987	3868	1
1987	4280	1
1987	4366	1
1989	2156	1
1989	2721	1
1989	2862	1
1989	3048	1
1989	3438	1
1989	3734	1
1989	3788	1
1989	4243	1
1991	3090	3
1991	3243	3
1991	4597	3
1993	1997	1
1993	2660	1
1993	3258	1
1993	3334	1
1993	4012	1
1995	2422	1
1995	2528	1
1995	3101	1
1995	3131	1
1995	3322	1
1995	3492	1
1995	4366	1
1997	2660	1
1997	3258	1
1997	3334	1
1997	4012	1
2003	2387	1
2003	2853	1
2003	3333	1
2003	3639	1
2003	4513	1
2007	2292	1
2007	2752	1
2007	3002	1
2007	3179	1
2007	3559	1
2007	3721	1
2010	2229	1
2010	2231	1
2010	3831	1
2010	4443	1
2012	2076	1
2012	2086	1
2012	2864	1
2012	3612	1
2012	3698	1
2012	3844	1
2012	4123	1
2012	4503	1
2015	2189	2
2015	3158	2
2015	3368	2
2015	3620	2
2016	2454	3
2016	2927	1
2016	3878	1
2016	4389	2
2016	4545	3
2017	2313	1
2017	2320	1
2017	3697	1
2017	4239	1
2017	4240	1
2022	4381	2
2034	2053	1
2034	3751	1
2034	4055	1
2034	4481	2
2034	4522	1
2034	4545	2
2035	2052	1
2035	2074	1
2035	2077	1
2035	2097	1
2035	2553	1
2035	4133	1
2035	4280	1
2035	4281	1
2035	4473	1
2036	2038	1
2036	2092	1
2036	2168	1
2036	2367	1
2036	2435	1
2036	2455	1
2036	2850	1
2036	3234	1
2036	4140	1
2036	4234	1
2036	4554	1
2037	3524	1
2037	3820	1
2037	3932	2
2037	4281	2
2037	4315	2
2037	4475	2
2038	2065	1
2038	2092	1
2038	2098	1
2038	2168	1
2038	2367	1
2038	2435	1
2038	2455	1
2038	2731	1
2038	2850	1
2038	3234	1
2038	3840	1
2038	3931	1
2038	4140	1
2038	4234	1
2038	4277	1
2038	4279	1
2038	4485	1
2038	4507	1
2038	4554	1
2038	4594	1
2042	2043	2
2042	2183	2
2042	2707	2
2042	3107	2
2042	3510	1
2042	3823	1
2042	3996	2
2042	4079	2
2042	4135	2
2043	2183	2
2043	2185	1
2043	2707	4
2043	3107	3
2043	3510	1
2043	3823	2
2043	3996	3
2043	4079	3
2043	4135	4
2049	2072	1
2049	2077	1
2049	2483	1
2049	3406	1
2049	4453	1
2051	2056	1
2051	2632	1
2051	2650	1
2051	2746	1
2051	4280	1
2051	4473	1
2051	4487	1
2051	4506	1
2051	4517	1
2051	4600	1
2052	2074	1
2052	2077	1
2052	2097	1
2052	2553	1
2052	4133	1
2052	4280	1
2052	4281	1
2052	4473	1
2053	3931	1
2053	4055	1
2053	4481	1
2053	4485	1
2053	4545	1
2055	2178	1
2055	2281	1
2055	2319	1
2055	2321	1
2055	2486	1
2055	2739	1
2055	3481	1
2055	3544	1
2055	3932	1
2055	4121	1
2055	4574	1
2056	2632	1
2056	2650	1
2056	2746	1
2056	4280	1
2056	4473	1
2056	4487	1
2056	4506	1
2056	4517	1
2056	4600	1
2062	2128	1
2062	2209	1
2062	2248	1
2062	2252	1
2062	2311	1
2062	2663	1
2062	3267	1
2062	4238	1
2062	4450	1
2062	4596	1
2065	2098	2
2065	2731	1
2065	3840	2
2065	3932	1
2065	4277	1
2065	4279	1
2065	4476	1
2065	4507	1
2065	4594	1
2069	2553	1
2069	3260	1
2069	3479	1
2069	3595	1
2071	3316	1
2071	3406	1
2071	3485	1
2071	3645	1
2071	4048	1
2071	4064	1
2072	2077	1
2072	2483	1
2072	3130	1
2072	3406	2
2072	3485	1
2072	3645	1
2072	4048	1
2072	4064	1
2072	4453	1
2074	2077	1
2074	2097	1
2074	2553	1
2074	4133	1
2074	4280	1
2074	4281	1
2074	4473	1
2075	3273	2
2076	2086	1
2076	2864	1
2076	3612	1
2076	3698	1
2076	3844	1
2076	4123	1
2076	4503	1
2077	2097	1
2077	2483	1
2077	2553	1
2077	3406	1
2077	4133	1
2077	4280	1
2077	4281	1
2077	4453	1
2077	4473	1
2086	2864	1
2086	3612	1
2086	3698	1
2086	3844	1
2086	4123	1
2086	4503	1
2087	2471	3
2087	4474	1
2087	4606	1
2092	2168	1
2092	2367	1
2092	2435	1
2092	2455	1
2092	2850	1
2092	3234	1
2092	4140	1
2092	4234	1
2092	4554	1
2097	2553	1
2097	4133	1
2097	4280	1
2097	4281	1
2097	4473	1
2098	2731	1
2098	3840	2
2098	4277	1
2098	4279	1
2098	4476	1
2098	4507	1
2098	4594	1
2099	2259	1
2099	2876	1
2099	2917	3
2099	3193	3
2099	3202	3
2099	3246	3
2099	3296	3
2099	3426	2
2099	3527	1
2099	4366	2
2125	4332	2
2128	2209	1
2128	2248	1
2128	2252	1
2128	2311	1
2128	2663	1
2128	3267	1
2128	4238	1
2128	4450	1
2128	4596	1
2134	2941	2
2134	3084	1
2135	3342	1
2135	3405	1
2135	3751	1
2135	4174	1
2135	4481	1
2135	4545	1
2139	2305	2
2139	3044	2
2139	3375	2
2140	2576	1
2140	2968	1
2140	3467	1
2140	3666	1
2140	3676	1
2140	4401	1
2156	2721	1
2156	2862	1
2156	3048	1
2156	3438	1
2156	3734	1
2156	3788	1
2156	4243	1
2157	2676	3
2157	2769	1
2157	2827	1
2157	3384	1
2157	3397	1
2157	3602	1
2157	3813	1
2157	3940	1
2159	2604	1
2159	2937	1
2159	3520	1
2159	3815	1
2159	4293	1
2159	4391	1
2168	2367	1
2168	2368	1
2168	2435	2
2168	2455	1
2168	2850	1
2168	3234	2
2168	3425	1
2168	4140	2
2168	4234	2
2168	4336	1
2168	4472	1
2168	4554	1
2171	2736	2
2171	3057	4
2171	3947	2
2171	4210	3
2171	4243	2
2173	2388	1
2173	3523	2
2173	3627	2
2173	4264	3
2176	2840	2
2176	3729	2
2176	4207	2
2176	4552	3
2178	2281	1
2178	2319	1
2178	2321	1
2178	2486	1
2178	2739	1
2178	3481	1
2178	3544	1
2178	3932	1
2178	4121	1
2178	4574	1
2183	2707	2
2183	3107	2
2183	3510	1
2183	3823	1
2183	3996	2
2183	4079	2
2183	4135	2
2184	3605	3
2185	2707	1
2185	3107	1
2185	3996	1
2185	4079	1
2185	4135	1
2189	3158	2
2189	3368	2
2189	3620	2
2196	3856	1
2199	3247	1
2199	4334	2
2206	2279	1
2206	2444	1
2206	2494	1
2206	2638	1
2206	3229	1
2206	3293	1
2206	3562	1
2206	3696	1
2206	4049	1
2209	2248	1
2209	2252	1
2209	2311	1
2209	2663	1
2209	3267	1
2209	4238	1
2209	4450	1
2209	4596	1
2223	2249	1
2223	2316	1
2223	3142	1
2223	3206	1
2223	3231	1
2223	3371	1
2223	3699	1
2223	4228	1
2225	2974	3
2225	3424	3
2228	2690	3
2228	4243	1
2229	2231	1
2229	3831	1
2229	4443	1
2231	3831	1
2231	4443	1
2235	2834	1
2235	3983	1
2240	2746	1
2240	2923	1
2248	2252	1
2248	2311	1
2248	2663	1
2248	3267	1
2248	4238	1
2248	4450	1
2248	4596	1
2249	2316	1
2249	3142	4
2249	3206	1
2249	3231	1
2249	3371	1
2249	3699	4
2249	4228	1
2252	2311	1
2252	2663	1
2252	3267	1
2252	4238	1
2252	4450	1
2252	4596	1
2259	2781	1
2259	3322	1
2259	3445	2
2259	3681	1
2259	3941	1
2259	4366	2
2259	4581	1
2265	2284	1
2265	2317	3
2265	2654	1
2265	2655	1
2265	3298	3
2265	3560	1
2265	3644	1
2265	4252	3
2265	4320	1
2270	2388	2
2270	3527	1
2270	4583	2
2279	2444	1
2279	2494	1
2279	2638	1
2279	3229	1
2279	3293	1
2279	3562	1
2279	3696	1
2279	4049	1
2280	2472	1
2280	2685	1
2280	2803	1
2280	3178	1
2280	3312	1
2280	3329	1
2280	3607	1
2280	3783	1
2280	4371	1
2281	2319	1
2281	2321	1
2281	2486	1
2281	2739	1
2281	3481	1
2281	3544	1
2281	3932	1
2281	4121	1
2281	4574	1
2284	2317	1
2284	3298	1
2284	3560	1
2284	3644	1
2284	4252	1
2292	2752	1
2292	3002	1
2292	3179	1
2292	3559	1
2292	3721	1
2305	3044	2
2305	3375	2
2310	3741	3
2311	2663	1
2311	3267	1
2311	4238	1
2311	4450	1
2311	4596	1
2313	2320	1
2313	3697	1
2313	4239	1
2313	4240	1
2316	3142	1
2316	3206	1
2316	3231	1
2316	3371	1
2316	3699	1
2316	4228	1
2317	2654	1
2317	2655	1
2317	3298	3
2317	3560	1
2317	3644	1
2317	4252	3
2317	4320	1
2319	2321	1
2319	2486	1
2319	2739	1
2319	3481	1
2319	3544	1
2319	3932	1
2319	4121	1
2319	4574	1
2320	3697	1
2320	4239	1
2320	4240	1
2321	2486	1
2321	2739	1
2321	3481	1
2321	3544	1
2321	3932	1
2321	4121	1
2321	4574	1
2328	3284	1
2328	3347	1
2328	3501	1
2328	3852	1
2328	4104	1
2328	4248	1
2346	3282	2
2346	4435	2
2349	3304	1
2349	3947	1
2349	4054	1
2349	4361	2
2350	2528	1
2350	2674	1
2350	2762	1
2350	3858	1
2350	3868	1
2350	4280	1
2350	4366	1
2355	3475	1
2355	4085	1
2355	4285	1
2355	4312	1
2355	4602	1
2358	2528	1
2358	2675	1
2358	2767	1
2358	3242	1
2358	3309	1
2358	3330	1
2358	3780	1
2358	4366	1
2358	4531	1
2360	2721	2
2365	2396	1
2365	2511	1
2365	2527	2
2365	3026	1
2365	3160	1
2365	3690	2
2365	3749	3
2365	4083	2
2367	2435	1
2367	2455	1
2367	2850	1
2367	3234	1
2367	4140	1
2367	4234	1
2367	4554	1
2368	2435	1
2368	3234	1
2368	3425	1
2368	4140	1
2368	4234	1
2368	4336	1
2368	4472	1
2369	4243	3
2373	2665	1
2373	2891	1
2373	4232	1
2373	4246	1
2373	4534	1
2374	2388	1
2374	3557	2
2374	3809	2
2374	4073	4
2387	2853	1
2387	3333	1
2387	3639	1
2387	4513	1
2388	2554	1
2388	2567	1
2388	2627	3
2388	2640	4
2388	2826	1
2388	2994	3
2388	3177	4
2388	3809	2
2388	3829	2
2388	4039	9
2388	4066	2
2388	4442	3
2388	4560	4
2388	4586	3
2390	3019	1
2390	3072	1
2390	3410	2
2390	4549	1
2391	3057	1
2391	3072	4
2391	3947	3
2391	4210	3
2391	4243	1
2391	4549	2
2396	2479	1
2396	2794	1
2396	2855	1
2396	2918	1
2396	3663	1
2397	2458	2
2397	3102	1
2397	3519	4
2404	3353	1
2404	4144	2
2404	4324	2
2404	4379	3
2404	4407	2
2416	4389	1
2418	3317	1
2418	3594	1
2418	4062	1
2422	2528	1
2422	3101	1
2422	3131	1
2422	3322	1
2422	3492	1
2422	4366	1
2430	3019	2
2430	4132	2
2435	2455	1
2435	2850	1
2435	3234	2
2435	3425	1
2435	4140	2
2435	4234	2
2435	4336	1
2435	4472	1
2435	4554	1
2444	2494	1
2444	2638	1
2444	3229	1
2444	3293	1
2444	3562	1
2444	3696	1
2444	4049	1
2454	4389	1
2454	4545	1
2455	2850	1
2455	3234	1
2455	4140	1
2455	4234	1
2455	4554	1
2458	3519	3
2471	3832	1
2471	3878	1
2471	4059	7
2471	4389	8
2472	2685	1
2472	2803	1
2472	3178	1
2472	3312	1
2472	3329	1
2472	3607	1
2472	3783	1
2472	4371	1
2475	2593	1
2475	2840	1
2479	2794	3
2479	2855	2
2479	2918	2
2479	3663	3
2483	3406	2
2483	3485	1
2483	4453	1
2484	3326	1
2484	4006	1
2484	4063	1
2484	4177	1
2484	4199	1
2486	2739	1
2486	3481	1
2486	3544	1
2486	3932	1
2486	4121	1
2486	4574	1
2490	3024	3
2494	2638	1
2494	3229	1
2494	3293	1
2494	3562	1
2494	3696	1
2494	4049	1
2501	2655	2
2501	3298	2
2501	3477	1
2501	3486	1
2501	3611	2
2501	4115	1
2501	4116	1
2501	4252	2
2501	4254	2
2501	4438	1
2503	3781	2
2503	3827	1
2503	4040	2
2503	4423	2
2527	3160	1
2527	3690	2
2527	3749	2
2527	4083	2
2528	2674	1
2528	2675	2
2528	2762	1
2528	2767	2
2528	2889	1
2528	2945	5
2528	3101	1
2528	3131	1
2528	3242	1
2528	3256	3
2528	3309	1
2528	3322	1
2528	3330	6
2528	3492	1
2528	3780	1
2528	3812	1
2528	3858	1
2528	3868	3
2528	4280	1
2528	4366	7
2528	4531	2
2540	2547	1
2540	4157	1
2540	4209	1
2547	4209	2
2553	3260	1
2553	3479	1
2553	3595	1
2553	4133	1
2553	4280	1
2553	4281	1
2553	4473	1
2554	2567	3
2554	2826	1
2554	4039	1
2554	4395	1
2558	3214	2
2558	4406	3
2564	2669	1
2564	2697	1
2564	2878	1
2564	3392	1
2564	4150	1
2564	4394	1
2564	4399	1
2567	2826	1
2567	4039	2
2567	4395	1
2576	2968	2
2576	3467	1
2576	3666	1
2576	3676	1
2576	3931	1
2576	4401	1
2582	2860	1
2582	3452	2
2582	4520	1
2583	2794	1
2583	4357	2
2590	2901	3
2590	3304	2
2590	4054	3
2590	4361	2
2592	2791	2
2592	4566	1
2599	2689	1
2599	3562	1
2599	4049	1
2599	4089	1
2604	2937	1
2604	3197	1
2604	3520	1
2604	3800	1
2604	3815	1
2604	4012	1
2604	4293	1
2604	4391	1
2609	2917	1
2609	3392	1
2618	2928	1
2618	3103	1
2618	4545	1
2626	3978	1
2626	4426	3
2627	2994	2
2627	3809	1
2632	2650	1
2632	2746	1
2632	4280	1
2632	4473	1
2632	4487	1
2632	4506	1
2632	4517	1
2632	4600	1
2638	3229	1
2638	3293	1
2638	3562	1
2638	3696	1
2638	4049	1
2640	3829	1
2647	2852	1
2650	2746	1
2650	4280	1
2650	4473	1
2650	4487	1
2650	4506	1
2650	4517	1
2650	4600	1
2654	3298	1
2654	4252	1
2654	4320	1
2655	3298	3
2655	3477	1
2655	3486	1
2655	3611	2
2655	4115	1
2655	4116	1
2655	4252	3
2655	4254	2
2655	4438	1
2660	3258	1
2660	3334	1
2660	4012	1
2663	3267	1
2663	4238	1
2663	4450	1
2663	4596	1
2665	2891	1
2665	4232	1
2665	4246	1
2665	4534	1
2669	2697	1
2669	2878	1
2669	4150	1
2669	4394	1
2669	4399	1
2673	3570	4
2673	4612	4
2674	2762	1
2674	3858	1
2674	3868	1
2674	4280	1
2674	4366	1
2675	2767	1
2675	2945	1
2675	3242	1
2675	3309	1
2675	3330	1
2675	3780	1
2675	3868	1
2675	4366	2
2675	4531	1
2676	2769	1
2676	2827	1
2676	3384	1
2676	3397	1
2676	3602	1
2676	3813	1
2676	3940	1
2679	3457	3
2679	4196	3
2679	4545	3
2684	4026	1
2685	2803	1
2685	3178	1
2685	3312	1
2685	3329	1
2685	3607	1
2685	3783	1
2685	4371	1
2689	3562	1
2689	4049	1
2689	4089	1
2690	4243	1
2697	2878	1
2697	4150	1
2697	4394	1
2697	4399	1
2707	3107	3
2707	3510	1
2707	3823	2
2707	3996	3
2707	4079	3
2707	4135	4
2721	2862	1
2721	3048	1
2721	3438	2
2721	3734	1
2721	3788	1
2721	4243	2
2731	3840	1
2731	4277	1
2731	4279	1
2731	4507	1
2731	4594	1
2736	3057	2
2736	4210	2
2736	4243	2
2739	3481	1
2739	3544	1
2739	3932	1
2739	4121	1
2739	4574	1
2746	3067	1
2746	4280	1
2746	4473	1
2746	4487	1
2746	4506	1
2746	4517	1
2746	4600	1
2752	3002	1
2752	3179	1
2752	3559	1
2752	3721	1
2762	3858	1
2762	3868	1
2762	4280	1
2762	4366	1
2767	2889	1
2767	2945	1
2767	3242	1
2767	3256	1
2767	3309	1
2767	3330	1
2767	3780	1
2767	3868	1
2767	4366	2
2767	4531	1
2769	2827	1
2769	3384	1
2769	3397	1
2769	3602	1
2769	3813	1
2769	3940	1
2781	3445	5
2781	3941	1
2781	4399	2
2781	4581	2
2786	3620	3
2791	4566	1
2794	2855	2
2794	2918	3
2794	2962	1
2794	3663	5
2794	4357	1
2803	3178	1
2803	3312	1
2803	3329	1
2803	3607	1
2803	3783	1
2803	4371	1
2807	2810	1
2807	4294	1
2810	4294	2
2821	4212	1
2821	4590	1
2824	3971	1
2824	4286	1
2824	4321	3
2825	3749	3
2826	4039	4
2826	4395	2
2827	3384	1
2827	3397	1
2827	3602	1
2827	3813	1
2827	3940	1
2832	4410	2
2834	3524	1
2834	3982	1
2834	3983	1
2840	3384	1
2840	3729	2
2840	4207	2
2840	4552	2
2846	3967	4
2850	3234	1
2850	4140	1
2850	4234	1
2850	4554	1
2853	3333	1
2853	3639	1
2853	4513	1
2855	2918	2
2855	3663	2
2856	3523	1
2860	4520	2
2862	3048	1
2862	3438	1
2862	3734	1
2862	3788	1
2862	4243	1
2863	2941	1
2863	2963	1
2864	3612	1
2864	3698	1
2864	3844	1
2864	4123	1
2864	4503	1
2876	3524	2
2876	4366	1
2878	3029	1
2878	4150	1
2878	4394	1
2878	4399	1
2889	2945	1
2889	3256	1
2889	3868	1
2889	4366	1
2889	4531	3
2891	4232	1
2891	4246	1
2891	4534	1
2894	3524	1
2901	3304	2
2901	4054	3
2901	4361	2
2917	3193	3
2917	3202	3
2917	3225	1
2917	3246	2
2917	3392	1
2917	3511	1
2917	4416	1
2918	3663	3
2927	4381	3
2928	3019	1
2928	4332	3
2928	4456	1
2928	4507	1
2930	3752	3
2937	3520	1
2937	3815	1
2937	4293	1
2937	4391	1
2940	3047	1
2940	3674	1
2940	3800	1
2941	2963	1
2945	3256	3
2945	3330	2
2945	3868	3
2945	4041	1
2945	4170	1
2945	4366	2
2945	4531	1
2962	3663	2
2963	3042	1
2963	4566	1
2968	3467	1
2968	3666	1
2968	3676	1
2968	3931	1
2968	4401	1
2974	3424	3
3002	3179	1
3002	3559	1
3002	3721	1
3009	4012	1
3019	3167	1
3019	3305	1
3019	3424	1
3019	4132	3
3026	4264	1
3029	3445	1
3029	4399	1
3044	3375	2
3047	3674	1
3047	3800	1
3048	3438	1
3048	3734	1
3048	3788	1
3048	4243	1
3052	3400	2
3052	4385	2
3057	3072	1
3057	3947	4
3057	4210	6
3057	4243	2
3060	3710	3
3067	4243	1
3067	4332	1
3067	4350	1
3067	4560	1
3072	3947	4
3072	4210	3
3072	4243	1
3072	4549	4
3076	3527	1
3076	4119	2
3084	4237	2
3084	4462	2
3090	3243	3
3090	4597	3
3099	3892	1
3099	4380	1
3101	3131	1
3101	3322	1
3101	3492	1
3101	4366	1
3102	3214	1
3102	3519	1
3103	3450	1
3103	3526	2
3103	4545	1
3107	3510	1
3107	3823	1
3107	3996	3
3107	4079	3
3107	4135	3
3114	3865	2
3114	3866	6
3114	4104	1
3114	4296	1
3130	3406	1
3130	3485	1
3130	3645	1
3130	4048	1
3130	4064	1
3131	3322	1
3131	3492	1
3131	4366	2
3140	4286	2
3140	4321	2
3142	3206	1
3142	3231	1
3142	3371	1
3142	3699	4
3142	4228	1
3147	3255	1
3147	3264	1
3147	3647	1
3147	4342	1
3147	4386	1
3158	3368	2
3158	3620	2
3160	3690	2
3160	3749	3
3160	4083	2
3160	4326	1
3177	4039	1
3177	4586	1
3178	3215	1
3178	3312	1
3178	3329	1
3178	3607	1
3178	3783	1
3178	3982	2
3178	4366	1
3178	4371	1
3179	3559	1
3179	3721	1
3189	3827	3
3189	3893	3
3193	3202	3
3193	3246	2
3197	3800	2
3202	3246	2
3206	3231	1
3206	3371	1
3206	3699	1
3206	4228	1
3214	4406	3
3223	3452	3
3223	4467	3
3229	3293	1
3229	3562	1
3229	3696	1
3229	4049	1
3231	3371	1
3231	3699	1
3231	4228	1
3234	3425	1
3234	4140	2
3234	4234	2
3234	4336	1
3234	4472	1
3234	4554	1
3241	3735	2
3241	3743	1
3242	3309	1
3242	3330	1
3242	3780	1
3242	4366	1
3242	4531	1
3243	4597	3
3246	3296	2
3246	3426	1
3247	4243	1
3247	4334	2
3247	4549	1
3255	3264	2
3255	3647	2
3255	4386	2
3256	3868	3
3256	4366	3
3256	4531	1
3258	3334	1
3258	4012	1
3260	3479	1
3260	3595	1
3264	3647	2
3264	4386	2
3265	3866	1
3265	3961	2
3267	4238	1
3267	4450	1
3267	4596	1
3282	3853	1
3282	4435	3
3284	3347	1
3284	3501	1
3284	3852	1
3284	4104	1
3284	4248	1
3293	3562	1
3293	3696	1
3293	4049	1
3296	3426	2
3298	3477	1
3298	3486	1
3298	3560	1
3298	3611	2
3298	3644	1
3298	4115	1
3298	4116	1
3298	4170	1
3298	4252	6
3298	4254	2
3298	4320	1
3298	4438	1
3304	3305	1
3304	4054	2
3304	4361	1
3305	3424	2
3305	4344	1
3309	3330	1
3309	3780	2
3309	4366	1
3309	4531	1
3312	3329	1
3312	3607	1
3312	3783	1
3312	4371	1
3316	3406	1
3316	3485	1
3316	3645	1
3316	4048	1
3316	4064	1
3317	3594	1
3317	4062	1
3322	3492	1
3322	4366	2
3322	4410	1
3326	4006	1
3326	4063	1
3326	4177	1
3326	4199	1
3329	3607	1
3329	3783	1
3329	4371	1
3330	3780	1
3330	3812	1
3330	4366	3
3330	4531	1
3333	3639	1
3333	4513	1
3334	4012	1
3342	3405	1
3342	3751	1
3342	4174	1
3342	4481	1
3342	4545	1
3344	3898	5
3344	4597	5
3347	3501	1
3347	3852	1
3347	4104	1
3347	4248	1
3353	3878	1
3353	4379	3
3364	3382	1
3368	3620	2
3371	3699	1
3371	4228	1
3384	3397	1
3384	3602	1
3384	3813	1
3384	3940	1
3397	3602	1
3397	3813	1
3397	3940	1
3400	4385	3
3405	3565	1
3405	3751	1
3405	4174	1
3405	4457	1
3405	4481	2
3405	4545	2
3406	3485	3
3406	3645	2
3406	4048	2
3406	4064	2
3406	4453	2
3424	4344	1
3425	4140	1
3425	4234	1
3425	4336	1
3425	4472	1
3438	3734	1
3438	3788	1
3438	4243	2
3443	3982	4
3445	3941	1
3445	4399	2
3446	3732	3
3446	4212	3
3446	4590	2
3452	4467	3
3457	4196	3
3457	4545	3
3459	4143	2
3459	4361	2
3467	3666	1
3467	3676	1
3467	4401	1
3475	4085	1
3475	4285	1
3475	4312	1
3475	4602	1
3477	3611	1
3477	4115	1
3477	4252	1
3477	4254	1
3477	4438	1
3479	3595	1
3481	3544	1
3481	3932	1
3481	4121	1
3481	4574	1
3485	3645	2
3485	4048	2
3485	4064	2
3486	3611	1
3486	4116	1
3486	4252	1
3486	4254	1
3487	4597	3
3492	4366	1
3501	3852	1
3501	4104	1
3501	4248	1
3504	4481	2
3504	4545	4
3510	3823	1
3510	3996	1
3510	4079	1
3510	4135	1
3511	4416	2
3515	3846	2
3515	3856	2
3520	3815	1
3520	4293	1
3520	4391	1
3523	3627	2
3523	4264	2
3524	3820	1
3524	3932	1
3524	4281	1
3524	4315	1
3524	4475	1
3526	4342	2
3533	3534	1
3544	3932	1
3544	4121	1
3544	4574	1
3557	3809	2
3557	4073	2
3559	3721	1
3560	3644	1
3560	4252	1
3562	3696	1
3562	4049	2
3562	4089	1
3565	4457	1
3565	4481	1
3565	4545	1
3570	4612	3
3594	4062	1
3601	3965	3
3601	4448	3
3602	3813	1
3602	3940	1
3607	3783	1
3607	4371	1
3611	4115	1
3611	4116	1
3611	4252	2
3611	4254	2
3611	4438	1
3612	3698	1
3612	3844	1
3612	4123	1
3612	4503	1
3620	4608	3
3627	4264	2
3636	3809	1
3637	3765	3
3637	3904	3
3637	4583	3
3639	4026	2
3639	4513	1
3644	4252	1
3645	4048	2
3645	4064	2
3647	4386	2
3665	3749	1
3666	3676	1
3666	4401	2
3674	3800	1
3676	4401	1
3681	3813	1
3690	3749	3
3690	4083	2
3696	4049	1
3697	4239	1
3697	4240	1
3698	3844	1
3698	4123	1
3698	4503	1
3699	4228	1
3729	4207	2
3729	4552	2
3732	4212	2
3732	4590	2
3734	3788	1
3734	4243	1
3735	3743	1
3749	4083	3
3749	4545	1
3751	4174	1
3751	4481	3
3751	4522	1
3751	4545	3
3765	3904	3
3765	4583	3
3780	3812	1
3780	4366	1
3780	4531	1
3783	4371	1
3788	4243	2
3809	4073	2
3813	3940	1
3815	4293	1
3815	4391	1
3820	3932	1
3820	4281	1
3820	4315	1
3820	4475	1
3823	3996	1
3823	4079	1
3823	4135	2
3827	3893	6
3827	4545	1
3831	4443	1
3832	4389	1
3840	4277	1
3840	4279	1
3840	4476	1
3840	4507	1
3840	4594	1
3844	4123	1
3844	4503	1
3846	3856	2
3852	4104	1
3852	4248	1
3853	4379	1
3853	4435	2
3858	3868	1
3858	4280	1
3858	4366	1
3865	4104	1
3866	3961	1
3868	4280	1
3868	4366	4
3878	4059	1
3878	4379	1
3892	4332	1
3892	4380	1
3892	4456	1
3893	4545	1
3898	4597	11
3904	4583	3
3931	4485	2
3932	4121	1
3932	4281	2
3932	4315	2
3932	4475	2
3932	4574	1
3941	4581	1
3947	4054	1
3947	4210	4
3947	4361	1
3947	4549	2
3965	4448	4
3971	4321	2
3978	4410	1
3978	4426	1
3996	4079	3
3996	4135	3
4006	4063	1
4006	4177	1
4006	4199	1
4039	4395	2
4039	4442	1
4039	4560	1
4040	4423	3
4041	4531	1
4048	4064	2
4049	4089	1
4054	4361	3
4055	4481	1
4055	4545	1
4059	4389	3
4063	4177	1
4063	4199	1
4066	4442	1
4066	4560	2
4079	4135	3
4085	4285	1
4085	4312	1
4085	4602	1
4104	4248	1
4115	4252	1
4115	4254	1
4115	4438	1
4116	4252	1
4116	4254	1
4121	4574	1
4123	4503	1
4133	4280	1
4133	4281	1
4133	4473	1
4140	4234	2
4140	4336	1
4140	4472	1
4140	4554	1
4143	4361	2
4144	4324	2
4144	4379	2
4144	4407	2
4150	4394	1
4150	4399	1
4170	4252	1
4174	4481	1
4174	4545	1
4177	4199	1
4196	4545	3
4207	4552	2
4210	4243	4
4210	4549	2
4212	4590	1
4232	4246	1
4232	4534	1
4234	4336	1
4234	4472	1
4234	4554	1
4237	4462	3
4238	4450	1
4238	4596	1
4239	4240	1
4243	4294	1
4243	4334	1
4243	4350	3
4243	4549	2
4243	4560	1
4246	4534	1
4252	4254	2
4252	4320	1
4252	4438	1
4254	4438	1
4277	4279	1
4277	4474	1
4277	4507	1
4277	4594	1
4279	4507	1
4279	4594	1
4280	4281	1
4280	4366	1
4280	4473	2
4280	4487	1
4280	4506	1
4280	4517	1
4280	4600	1
4281	4315	2
4281	4473	1
4281	4475	2
4281	4606	1
4285	4312	1
4285	4602	1
4286	4321	8
4293	4391	1
4294	4489	1
4312	4602	1
4315	4475	2
4321	4628	2
4324	4379	2
4324	4407	2
4332	4456	2
4332	4507	1
4334	4549	1
4336	4472	1
4344	4545	1
4350	4560	1
4366	4531	3
4379	4407	2
4394	4399	1
4442	4560	3
4450	4596	1
4457	4481	1
4457	4545	1
4473	4487	1
4473	4506	1
4473	4517	1
4473	4600	1
4474	4606	1
4481	4522	1
4481	4545	6
4487	4506	1
4487	4517	1
4487	4600	1
4506	4517	1
4506	4600	1
4507	4594	1
4517	4600	1
4522	4545	1
