8	15	1
8	190	1
8	267	1
8	727	1
8	1350	1
8	1355	1
8	1391	1
8	1858	1
8	2818	1
8	2924	1
8	3140	1
8	3394	1
8	3398	1
9	802	3
9	905	1
9	1801	1
9	1802	3
9	2388	1
9	2392	1
9	2397	1
9	2745	1
9	2748	1
9	2749	2
9	2750	1
9	2986	1
9	3240	1
9	3242	1
9	3243	1
9	3245	2
9	3246	1
9	3359	1
14	251	1
14	2829	1
14	2982	1
14	2983	1
14	2988	1
14	3163	1
14	3499	1
15	190	1
15	267	1
15	727	1
15	1350	1
15	1355	1
15	1391	1
15	1858	1
15	2818	1
15	2924	1
15	3140	1
15	3394	1
15	3398	1
20	719	2
20	1796	2
20	3384	2
21	590	1
21	1320	1
21	3385	1
21	3386	1
21	3606	1
21	3608	1
31	199	2
31	1900	1
31	2485	1
31	2512	1
31	2868	1
31	3206	1
32	2468	1
32	3039	1
32	3055	1
32	3135	1
32	3365	1
32	3589	1
32	3686	1
33	1337	1
33	1904	1
33	1905	1
33	2249	1
33	2941	1
33	3115	1
35	323	3
53	2628	1
57	1034	1
57	2858	1
57	3127	1
60	221	1
60	1735	1
60	2576	1
60	2581	1
60	2968	1
60	2989	1
60	3230	1
60	3231	1
72	560	2
72	617	1
72	2722	2
76	812	1
76	1805	1
76	3106	2
91	1028	2
91	1229	2
91	2766	1
91	2961	2
97	343	1
97	351	2
97	989	1
97	1008	1
97	1260	1
109	2631	1
109	2855	1
109	2911	1
109	3051	1
109	3098	1
109	3171	1
109	3207	1
109	3208	1
109	3655	1
109	3723	1
111	1394	1
111	1403	2
111	1429	1
111	1758	1
111	1759	1
111	1773	1
111	1774	1
111	1850	1
111	1851	1
111	1852	1
111	1853	1
111	1854	1
111	1855	2
111	1856	2
111	1861	1
111	1862	1
111	1863	1
111	1865	2
111	1866	2
111	1867	2
111	1868	1
111	1869	1
111	2092	1
111	2093	1
111	2206	1
111	2253	1
111	2255	1
111	2819	1
111	2927	1
111	2928	1
111	2966	2
111	3146	1
111	3218	1
111	3219	1
111	3605	1
111	3632	1
111	3633	1
111	3718	1
111	3719	1
125	129	1
125	342	1
125	877	1
125	981	1
125	1102	1
125	1742	1
125	1746	1
125	1864	1
125	2577	1
125	2931	1
125	3630	1
128	1971	1
128	1980	1
128	1990	1
128	1992	1
128	1994	1
128	1996	1
128	1997	1
128	2013	1
128	2213	1
128	2271	1
128	3409	1
128	3486	1
129	342	1
129	877	1
129	981	1
129	1102	1
129	1742	1
129	1746	1
129	1864	1
129	2577	1
129	2931	1
129	3630	1
147	153	1
147	492	1
147	704	1
147	1816	1
147	3058	1
147	3512	1
153	492	1
153	704	1
153	1816	1
153	3058	1
153	3512	1
177	626	2
177	629	2
177	924	2
177	1181	2
177	2188	2
177	2515	1
177	3116	2
188	270	1
188	285	1
188	592	1
188	641	1
188	1212	1
188	1335	1
188	2805	1
188	2807	1
188	3166	1
188	3610	1
188	3624	1
190	267	1
190	727	1
190	1350	1
190	1355	1
190	1391	1
190	1858	1
190	2818	1
190	2924	1
190	3140	1
190	3394	1
190	3398	1
192	563	1
192	700	1
192	1368	1
192	1737	1
192	3273	1
192	3328	1
195	451	1
195	493	1
195	839	1
195	2122	1
195	2141	1
195	2342	1
195	2797	1
195	3232	1
195	3423	1
195	3472	1
199	1900	1
199	2485	1
199	2512	2
199	2868	1
199	3206	1
202	2074	1
202	2512	1
202	2867	1
202	2868	1
202	2948	1
204	762	2
204	884	2
204	980	2
204	1101	2
204	1527	1
204	1528	1
204	1723	2
204	1746	2
204	2261	1
204	2262	1
204	2820	1
204	2821	1
204	3148	2
204	3477	2
213	977	1
213	1396	1
213	1787	1
213	1788	1
213	1882	1
213	1884	1
213	3429	1
218	943	1
218	1155	1
218	1158	1
218	1183	1
218	1184	1
218	1186	1
218	1191	1
218	1197	1
218	1352	1
218	1387	1
218	2160	1
218	2161	1
218	2163	1
218	2165	1
218	2166	1
218	2171	1
218	2536	1
218	2801	1
218	2951	1
221	1735	1
221	2576	1
221	2581	1
221	2968	1
221	2989	1
221	3230	1
221	3231	1
223	1070	1
223	2341	1
223	2653	1
226	232	1
226	1463	1
226	1465	1
226	1636	1
226	3137	1
226	3500	1
231	234	1
231	1918	1
231	2302	1
231	3130	1
231	3143	1
231	3501	1
232	1463	1
232	1465	1
232	1636	1
232	3137	1
232	3500	1
234	1918	1
234	2302	1
234	3130	1
234	3143	1
234	3501	1
236	1152	1
236	2512	1
236	2514	1
236	2516	1
236	2517	1
236	2518	1
236	2521	1
236	2522	1
236	2526	1
236	2529	1
236	2530	1
240	2972	2
240	3710	2
240	3715	2
245	3113	1
251	2829	1
251	2982	1
251	2983	1
251	2988	1
251	3163	1
251	3499	1
252	460	1
252	462	1
252	744	1
252	1915	1
252	1917	1
252	1974	1
252	2248	1
252	2260	1
252	2523	1
252	2865	1
252	2983	1
252	3150	1
252	3152	1
252	3416	1
252	3417	1
252	3581	1
252	3759	1
256	882	1
256	982	1
256	1100	1
256	1743	1
256	1761	1
256	2130	1
256	2590	1
256	2932	1
256	3631	1
261	637	1
261	639	1
261	693	1
261	2273	1
261	2823	1
261	3421	1
266	1341	1
266	1642	1
266	1652	1
266	2477	1
266	2703	1
266	3019	1
266	3473	1
266	3474	1
267	727	1
267	1350	1
267	1355	1
267	1391	1
267	1858	1
267	2818	1
267	2924	1
267	3140	1
267	3394	1
267	3398	1
270	285	1
270	592	1
270	641	1
270	1212	1
270	1335	1
270	2805	1
270	2807	1
270	3166	1
270	3610	1
270	3624	1
272	381	1
272	714	1
272	876	1
272	1119	1
272	1446	1
272	1487	1
272	1498	1
272	2539	1
272	2846	1
273	714	1
273	876	1
273	1492	1
273	1498	1
273	1499	1
273	2539	1
279	1802	1
279	2309	1
279	2405	1
279	2743	1
279	2749	1
279	3240	1
285	592	1
285	641	1
285	1212	1
285	1335	1
285	2805	1
285	2807	1
285	3166	1
285	3610	1
285	3624	1
312	895	1
312	920	1
312	1049	1
312	1142	1
312	1143	1
312	1225	1
312	2323	1
312	3480	1
312	3538	1
312	3539	1
312	3670	1
312	3672	1
312	3704	1
342	877	1
342	981	1
342	1102	1
342	1742	1
342	1746	1
342	1864	1
342	2577	1
342	2931	1
342	3630	1
343	351	3
343	2429	1
343	3620	1
346	876	1
346	938	1
346	1493	1
346	1498	1
346	2538	1
346	2659	1
351	2429	1
351	3620	1
380	714	1
380	876	2
380	1446	1
380	1496	2
380	2575	1
381	714	1
381	876	1
381	1119	1
381	1446	1
381	1487	1
381	1498	1
381	2539	1
381	2846	1
418	983	1
418	984	1
418	1453	1
418	3182	1
418	3392	1
418	3393	1
418	3453	1
427	1349	1
427	1474	1
427	1483	1
427	1485	1
427	2091	1
427	2182	1
427	2195	1
427	2299	1
427	2537	1
427	2897	1
427	3056	1
427	3125	1
427	3162	1
427	3173	1
427	3407	1
427	3408	1
427	3422	1
427	3484	1
451	493	1
451	839	1
451	2122	1
451	2141	1
451	2342	1
451	2797	1
451	3232	1
451	3423	1
451	3472	1
455	1007	2
460	462	1
460	1915	1
460	1917	1
460	1974	1
460	2248	1
460	2260	1
462	1569	1
462	1830	1
462	1915	1
462	1917	1
462	1974	1
462	2248	1
462	2260	1
477	607	1
477	1057	1
477	1880	1
477	1884	1
477	1972	1
477	1973	1
477	1984	1
477	2806	1
492	704	1
492	1816	1
492	3058	1
492	3512	1
493	839	1
493	2122	1
493	2141	1
493	2342	1
493	2797	1
493	3232	1
493	3423	1
493	3472	1
495	1247	3
495	3330	3
506	767	1
506	1047	1
506	1126	1
506	1346	1
506	1928	1
506	1929	1
506	2776	1
506	2879	1
506	3031	1
506	3612	1
522	1569	1
522	1847	1
522	2341	1
524	780	1
524	1113	1
524	1752	1
524	1760	1
524	1911	1
524	1913	1
524	2789	1
524	2790	1
524	2876	1
530	532	1
530	966	1
530	1360	1
530	1376	1
530	2077	1
530	3590	1
532	966	1
532	1360	1
532	1376	1
532	2077	1
532	3590	1
537	666	1
537	1139	1
537	1767	1
537	2503	1
537	2813	1
537	3440	1
545	677	4
545	2664	1
560	617	1
560	2722	2
560	3272	2
560	3327	1
563	692	2
563	700	1
563	1368	1
563	1737	1
563	2723	1
563	2948	1
563	3273	1
563	3328	1
590	1320	1
590	3385	1
590	3386	1
590	3606	1
590	3608	1
592	641	1
592	1212	1
592	1335	1
592	2805	1
592	2807	1
592	3166	1
592	3610	1
592	3624	1
593	943	1
593	1352	1
593	2243	1
593	2512	1
593	2786	1
593	2929	1
593	2948	1
595	2143	1
595	2193	1
595	2794	1
595	2796	1
595	3072	1
595	3711	1
596	1875	1
596	2145	1
596	2192	1
596	2794	1
596	2795	1
596	2798	1
596	3169	1
607	1057	1
607	1880	1
607	1884	1
607	1972	1
607	1973	1
607	1984	1
607	2806	1
615	616	1
615	635	1
615	649	1
615	690	1
615	1029	1
615	1151	1
616	635	1
616	649	1
616	690	2
616	1029	1
616	1151	1
617	2722	1
626	629	3
626	924	3
626	1181	2
626	2188	2
626	2515	1
626	3116	3
629	924	3
629	1181	2
629	2188	2
629	2515	1
629	3116	3
631	1164	1
631	1336	1
631	1748	1
631	1824	1
631	2191	1
631	2937	1
631	3118	1
635	649	1
635	690	1
635	1029	1
635	1151	1
637	639	1
637	693	1
637	2273	1
637	2823	1
637	3421	1
639	693	1
639	2273	1
639	2823	1
639	3421	1
641	1212	1
641	1335	1
641	2805	1
641	2807	1
641	3166	1
641	3610	1
641	3624	1
645	676	2
645	1799	1
645	2997	1
649	690	1
649	1029	1
649	1151	1
660	2813	2
666	1139	1
666	1767	1
666	2503	1
666	2813	1
666	3440	1
667	925	1
667	1798	1
667	1804	1
667	1811	1
667	2889	1
667	3387	1
667	3757	1
676	1799	1
676	2997	1
677	905	2
677	1801	4
677	2386	1
677	2390	2
677	2399	2
677	2407	1
677	2664	1
677	3064	1
677	3242	1
677	3249	1
677	3469	1
688	710	2
688	716	2
688	2586	3
690	1029	1
690	1151	1
692	2723	1
693	2273	1
693	2823	1
693	3421	1
695	913	1
695	1809	2
695	2759	1
700	1368	1
700	1737	1
700	3273	1
700	3328	1
704	1816	1
704	3058	1
704	3512	1
710	716	2
710	2586	2
714	876	3
714	1119	1
714	1446	2
714	1487	1
714	1492	1
714	1496	1
714	1498	2
714	1499	1
714	2539	2
714	2575	1
714	2846	1
716	2586	2
719	1796	2
719	3384	2
727	1350	1
727	1355	1
727	1391	1
727	1858	1
727	2818	1
727	2924	1
727	3140	1
727	3394	1
727	3398	1
744	2523	1
744	2865	1
744	2983	1
744	3150	1
744	3152	1
744	3416	1
744	3417	1
744	3581	1
744	3759	1
747	1178	2
747	1582	1
747	2201	2
747	2341	1
747	2512	1
762	884	2
762	980	2
762	1101	2
762	1527	1
762	1528	1
762	1723	2
762	1746	2
762	2261	1
762	2262	1
762	2820	1
762	2821	1
762	3148	2
762	3477	2
763	883	1
763	1099	1
763	1736	1
763	1777	1
763	1903	1
763	2593	1
764	1991	1
764	2149	1
764	2196	1
764	2209	1
764	2953	1
764	2974	1
764	2998	1
765	1993	1
765	2150	1
765	2196	1
765	2208	1
765	2998	1
765	3601	1
765	3602	1
767	1047	1
767	1126	1
767	1346	1
767	1928	1
767	1929	1
767	2776	1
767	2879	1
767	3031	1
767	3612	1
770	1582	1
770	2257	1
770	2512	1
771	775	1
771	796	1
771	1975	1
771	1976	1
771	1977	1
771	1978	1
771	1979	1
771	1981	1
775	796	1
775	1975	1
775	1976	1
775	1977	1
775	1978	1
775	1979	1
775	1981	1
780	1113	1
780	1752	1
780	1760	1
780	1911	1
780	1913	1
780	2789	1
780	2790	1
780	2876	1
790	802	1
790	913	1
790	1802	1
790	2750	1
790	3245	1
790	3428	1
796	1975	1
796	1976	1
796	1977	1
796	1978	1
796	1979	1
796	1981	1
802	905	1
802	913	2
802	1801	1
802	1802	4
802	2392	1
802	2748	1
802	2749	1
802	2750	3
802	3242	1
802	3243	1
802	3245	4
802	3246	1
802	3359	1
802	3428	1
812	1325	1
812	1542	1
812	1672	1
812	1830	1
812	3106	1
814	1753	2
815	1378	2
815	1754	3
815	1762	3
817	1343	1
817	1597	1
817	1955	1
817	2197	1
817	2200	1
817	2342	1
817	3136	1
817	3195	1
838	977	1
838	1058	1
838	1188	1
838	1880	1
838	1884	1
838	2014	1
839	2122	1
839	2141	1
839	2342	1
839	2797	1
839	3232	1
839	3423	1
839	3472	1
875	962	1
875	1493	2
875	1497	2
875	2539	1
876	938	1
876	956	2
876	962	1
876	967	2
876	1119	1
876	1446	4
876	1487	1
876	1492	1
876	1493	4
876	1494	2
876	1496	2
876	1498	4
876	1499	1
876	1501	2
876	1502	2
876	1510	4
876	1513	5
876	1517	2
876	1523	2
876	2538	1
876	2539	10
876	2575	3
876	2659	1
876	2846	1
877	981	1
877	1102	1
877	1742	1
877	1746	1
877	1864	1
877	2577	1
877	2931	1
877	3630	1
881	1195	1
881	1342	1
881	1365	1
881	1739	1
881	1744	1
881	1909	1
881	3625	1
881	3628	1
882	982	1
882	1100	1
882	1743	1
882	1761	1
882	2130	1
882	2590	1
882	2932	1
882	3631	1
883	1099	1
883	1736	1
883	1777	1
883	1903	1
883	2593	1
884	980	2
884	1101	2
884	1527	1
884	1528	1
884	1723	2
884	1746	2
884	2261	1
884	2262	1
884	2820	1
884	2821	1
884	3148	2
884	3477	2
885	1342	1
885	1739	1
885	1747	1
885	1775	1
885	1912	1
885	2682	1
885	3627	1
886	894	1
886	1740	1
886	2800	1
886	3366	1
886	3626	1
886	3629	1
894	1740	1
894	2800	1
894	3366	1
894	3626	1
894	3629	1
895	920	1
895	1049	1
895	1142	1
895	1143	1
895	1225	1
895	2323	1
895	3480	1
895	3538	1
895	3539	1
895	3670	1
895	3672	1
895	3704	1
899	905	1
899	1801	1
899	1802	1
899	3242	1
905	1801	4
905	1802	5
905	1813	1
905	2386	2
905	2387	1
905	2389	1
905	2390	4
905	2392	1
905	2399	3
905	2403	1
905	2404	1
905	2407	2
905	2733	1
905	2743	1
905	2744	1
905	2749	1
905	2986	2
905	3245	1
905	3359	1
905	3469	2
906	1801	1
906	1802	2
906	2310	1
906	2458	2
906	2743	1
906	2984	1
906	3052	1
913	1801	3
913	1802	3
913	1809	1
913	2390	1
913	2399	1
913	2407	1
913	2750	2
913	3064	1
913	3245	2
913	3428	1
920	1049	1
920	1142	1
920	1143	1
920	1225	1
920	2323	1
920	3480	1
920	3538	1
920	3539	1
920	3670	1
920	3672	1
920	3704	1
924	1181	2
924	2188	2
924	2515	1
924	3116	3
925	1798	1
925	1804	1
925	1811	1
925	2889	1
925	3387	1
925	3757	1
938	1493	1
938	1498	1
938	2538	1
938	2659	1
941	1185	1
941	1187	1
941	1353	1
941	2157	1
941	2159	1
941	2162	1
941	2164	1
941	2170	1
941	2803	1
941	2947	1
943	1155	1
943	1158	1
943	1183	1
943	1184	1
943	1186	1
943	1191	1
943	1197	1
943	1352	2
943	1387	1
943	2160	1
943	2161	1
943	2163	1
943	2165	1
943	2166	1
943	2171	1
943	2243	1
943	2512	1
943	2536	1
943	2786	1
943	2801	1
943	2929	1
943	2948	1
943	2951	1
944	1041	1
944	1042	1
944	1351	1
944	2157	1
944	2802	1
944	2947	1
949	3562	2
949	3578	1
956	1517	2
956	1523	2
956	2539	1
956	2575	1
962	1493	1
962	1494	1
962	1497	1
962	1501	1
962	2539	2
966	1360	1
966	1376	1
966	2077	1
966	3590	1
967	1494	1
967	1502	1
967	1510	1
967	1513	1
967	2539	2
969	1090	2
969	1467	2
969	2628	2
969	2845	1
977	1058	1
977	1188	1
977	1396	1
977	1757	1
977	1787	1
977	1788	1
977	1880	1
977	1882	2
977	1884	3
977	1901	1
977	1982	1
977	2014	1
977	2916	1
977	2919	1
977	3361	1
977	3429	1
980	1101	2
980	1527	1
980	1528	1
980	1723	2
980	1746	2
980	2261	1
980	2262	1
980	2820	1
980	2821	1
980	3148	2
980	3477	2
981	1102	1
981	1742	1
981	1746	1
981	1864	1
981	2577	1
981	2931	1
981	3630	1
982	1100	1
982	1743	1
982	1761	1
982	2130	1
982	2590	1
982	2932	1
982	3631	1
983	984	1
983	1453	1
983	3182	1
983	3392	1
983	3393	1
983	3453	1
984	1453	1
984	3182	1
984	3392	1
984	3393	1
984	3453	1
989	1260	1
1006	1260	1
1006	2429	1
1006	3620	5
1008	1260	1
1028	1229	4
1028	2421	1
1028	2766	1
1028	2961	4
1028	3764	1
1029	1151	1
1034	2337	1
1034	2780	1
1034	2857	1
1034	2858	3
1034	3119	1
1034	3127	4
1034	3296	2
1036	1542	1
1036	1648	1
1036	1672	1
1041	1042	1
1041	1351	1
1041	2157	1
1041	2802	1
1041	2947	1
1042	1351	1
1042	2157	1
1042	2802	1
1042	2947	1
1047	1126	1
1047	1346	1
1047	1928	1
1047	1929	1
1047	2776	1
1047	2879	1
1047	3031	1
1047	3612	1
1049	1142	1
1049	1143	1
1049	1225	1
1049	2323	1
1049	3480	1
1049	3538	1
1049	3539	1
1049	3670	1
1049	3672	1
1049	3704	1
1054	1415	2
1054	1604	2
1054	2252	1
1054	2512	2
1054	2653	3
1054	3498	1
1054	3670	1
1057	1880	1
1057	1884	1
1057	1972	1
1057	1973	1
1057	1984	1
1057	2806	1
1058	1188	1
1058	1880	1
1058	1884	1
1058	2014	1
1070	2653	2
1072	2630	2
1072	2853	2
1072	3288	2
1072	3598	2
1072	3599	2
1090	1467	2
1090	2628	1
1093	1837	2
1093	1895	1
1093	1896	1
1093	1925	2
1093	3111	1
1093	3326	1
1093	3349	1
1099	1736	1
1099	1777	1
1099	1903	1
1099	2593	1
1100	1743	1
1100	1761	1
1100	2130	1
1100	2590	1
1100	2932	1
1100	3631	1
1101	1527	1
1101	1528	1
1101	1723	2
1101	1746	2
1101	2261	1
1101	2262	1
1101	2820	1
1101	2821	1
1101	3148	2
1101	3477	2
1102	1742	1
1102	1746	1
1102	1864	1
1102	2577	1
1102	2931	1
1102	3630	1
1113	1752	1
1113	1760	1
1113	1911	1
1113	1913	1
1113	2789	1
1113	2790	1
1113	2876	1
1119	1446	1
1119	1487	1
1119	1498	1
1119	2539	1
1119	2846	1
1126	1346	1
1126	1928	1
1126	1929	1
1126	2776	1
1126	2879	1
1126	3031	1
1126	3612	1
1139	1767	1
1139	2503	1
1139	2813	1
1139	3440	1
1142	1143	1
1142	1225	1
1142	2323	1
1142	3480	1
1142	3538	1
1142	3539	1
1142	3670	1
1142	3672	1
1142	3704	1
1143	1225	1
1143	2323	1
1143	3480	1
1143	3538	1
1143	3539	1
1143	3670	1
1143	3672	1
1143	3704	1
1152	2512	1
1152	2514	1
1152	2516	1
1152	2517	1
1152	2518	1
1152	2521	1
1152	2522	1
1152	2526	1
1152	2529	1
1152	2530	1
1155	1158	1
1155	1183	1
1155	1184	1
1155	1186	1
1155	1191	1
1155	1197	1
1155	1352	1
1155	1387	1
1155	2160	1
1155	2161	1
1155	2163	1
1155	2165	1
1155	2166	1
1155	2171	1
1155	2536	1
1155	2801	1
1155	2951	1
1158	1183	1
1158	1184	1
1158	1186	1
1158	1191	1
1158	1197	1
1158	1352	1
1158	1387	1
1158	2160	1
1158	2161	1
1158	2163	1
1158	2165	1
1158	2166	1
1158	2171	1
1158	2536	1
1158	2801	1
1158	2951	1
1164	1336	1
1164	1748	1
1164	1824	1
1164	2191	1
1164	2937	1
1164	3118	1
1178	1582	1
1178	2201	2
1178	2341	1
1178	2512	1
1181	2188	2
1181	2515	1
1181	3116	2
1183	1184	1
1183	1186	1
1183	1191	1
1183	1197	1
1183	1352	1
1183	1387	1
1183	2160	1
1183	2161	1
1183	2163	1
1183	2165	1
1183	2166	1
1183	2171	1
1183	2536	1
1183	2801	1
1183	2951	1
1184	1186	1
1184	1191	1
1184	1197	1
1184	1352	1
1184	1387	1
1184	2160	1
1184	2161	1
1184	2163	1
1184	2165	1
1184	2166	1
1184	2171	1
1184	2536	1
1184	2801	1
1184	2951	1
1185	1187	1
1185	1353	1
1185	2157	1
1185	2159	1
1185	2162	1
1185	2164	1
1185	2170	1
1185	2803	1
1185	2947	1
1186	1191	1
1186	1197	1
1186	1352	1
1186	1387	1
1186	2160	1
1186	2161	1
1186	2163	1
1186	2165	1
1186	2166	1
1186	2171	1
1186	2536	1
1186	2801	1
1186	2951	1
1187	1353	1
1187	2157	1
1187	2159	1
1187	2162	1
1187	2164	1
1187	2170	1
1187	2803	1
1187	2947	1
1188	1880	1
1188	1884	1
1188	2014	1
1191	1197	1
1191	1352	1
1191	1387	1
1191	2160	1
1191	2161	1
1191	2163	1
1191	2165	1
1191	2166	1
1191	2171	1
1191	2536	1
1191	2801	1
1191	2951	1
1195	1342	1
1195	1365	1
1195	1739	1
1195	1744	1
1195	1909	1
1195	3625	1
1195	3628	1
1197	1352	1
1197	1387	1
1197	2160	1
1197	2161	1
1197	2163	1
1197	2165	1
1197	2166	1
1197	2171	1
1197	2536	1
1197	2801	1
1197	2951	1
1212	1335	1
1212	2805	1
1212	2807	1
1212	3166	1
1212	3610	1
1212	3624	1
1225	2323	1
1225	3480	1
1225	3538	1
1225	3539	1
1225	3670	1
1225	3672	1
1225	3704	1
1228	2960	2
1228	3669	1
1229	2241	2
1229	2421	1
1229	2766	2
1229	2767	5
1229	2824	2
1229	2959	1
1229	2961	15
1229	2992	1
1229	2993	3
1229	3764	1
1229	3767	1
1247	2419	1
1247	3330	2
1260	3620	1
1297	3368	1
1320	3385	1
1320	3386	1
1320	3606	1
1320	3608	1
1325	1542	1
1325	1672	1
1325	1830	1
1325	2512	1
1325	2948	1
1335	2805	1
1335	2807	1
1335	3166	1
1335	3610	1
1335	3624	1
1336	1748	1
1336	1824	1
1336	2191	1
1336	2937	1
1336	3118	1
1337	1904	1
1337	1905	1
1337	2249	1
1337	2941	1
1337	3115	1
1341	1642	1
1341	1652	1
1341	2477	1
1341	2703	1
1341	3019	1
1341	3473	1
1341	3474	1
1342	1365	1
1342	1739	2
1342	1744	1
1342	1747	1
1342	1775	1
1342	1909	1
1342	1912	1
1342	2682	1
1342	3625	1
1342	3627	1
1342	3628	1
1343	1597	1
1343	1955	1
1343	2197	1
1343	2200	1
1343	2342	1
1343	3136	1
1343	3195	1
1346	1928	1
1346	1929	1
1346	2776	1
1346	2879	1
1346	3031	1
1346	3612	1
1349	1474	1
1349	1483	1
1349	1485	1
1349	2091	1
1349	2182	1
1349	2195	1
1349	2299	1
1349	2537	1
1349	2897	1
1349	3056	1
1349	3125	1
1349	3162	1
1349	3173	1
1349	3407	1
1349	3408	1
1349	3422	1
1349	3484	1
1350	1355	1
1350	1391	1
1350	1858	1
1350	2818	1
1350	2924	1
1350	3140	1
1350	3394	1
1350	3398	1
1351	2157	1
1351	2802	1
1351	2947	1
1352	1387	1
1352	2160	1
1352	2161	1
1352	2163	1
1352	2165	1
1352	2166	1
1352	2171	1
1352	2243	1
1352	2512	1
1352	2536	1
1352	2786	1
1352	2801	1
1352	2929	1
1352	2948	2
1352	2951	1
1353	2157	1
1353	2159	1
1353	2162	1
1353	2164	1
1353	2170	1
1353	2803	1
1353	2947	1
1354	1552	1
1354	1555	1
1354	1558	1
1354	1560	1
1354	1590	1
1354	1692	1
1355	1391	1
1355	1858	1
1355	2818	1
1355	2924	1
1355	3140	1
1355	3394	1
1355	3398	1
1360	1376	1
1360	2077	1
1360	3590	1
1365	1739	1
1365	1744	1
1365	1909	1
1365	3625	1
1365	3628	1
1368	1737	1
1368	3273	1
1368	3328	1
1376	2077	1
1376	3590	1
1378	1754	2
1378	1762	2
1383	1604	1
1383	1610	1
1383	1663	1
1383	1683	1
1383	1687	1
1383	2512	1
1383	3012	1
1383	3037	1
1383	3122	1
1383	3525	1
1387	2160	1
1387	2161	1
1387	2163	1
1387	2165	1
1387	2166	1
1387	2171	1
1387	2536	1
1387	2801	1
1387	2951	1
1391	1858	1
1391	2818	1
1391	2924	1
1391	3140	1
1391	3394	1
1391	3398	1
1392	1995	1
1392	2004	1
1392	2006	1
1392	2007	1
1392	2008	1
1392	2010	1
1392	2011	1
1392	2012	1
1392	2015	1
1392	2017	1
1392	2214	1
1392	2995	1
1392	3411	1
1392	3482	1
1392	3485	1
1392	3728	1
1394	1403	1
1394	1758	1
1394	1774	1
1394	1851	1
1394	1853	1
1394	1855	1
1394	1856	1
1394	1862	1
1394	1863	1
1394	1865	1
1394	1866	1
1394	1867	1
1394	1868	1
1394	2093	1
1394	2253	1
1394	2819	1
1394	2927	1
1394	2966	1
1394	3146	1
1394	3219	1
1394	3632	1
1394	3719	1
1396	1787	1
1396	1788	1
1396	1882	1
1396	1884	1
1396	3429	1
1401	2148	1
1401	2197	1
1401	2203	1
1401	2342	1
1401	2791	1
1401	3370	1
1403	1429	1
1403	1758	1
1403	1759	1
1403	1773	1
1403	1774	1
1403	1850	1
1403	1851	1
1403	1852	1
1403	1853	1
1403	1854	1
1403	1855	2
1403	1856	2
1403	1861	1
1403	1862	1
1403	1863	1
1403	1865	2
1403	1866	2
1403	1867	2
1403	1868	1
1403	1869	1
1403	2092	1
1403	2093	1
1403	2206	1
1403	2253	1
1403	2255	1
1403	2819	1
1403	2927	1
1403	2928	1
1403	2966	2
1403	3146	1
1403	3218	1
1403	3219	1
1403	3605	1
1403	3632	1
1403	3633	1
1403	3718	1
1403	3719	1
1415	1604	2
1415	2252	1
1415	2512	2
1415	2653	2
1415	3498	1
1429	1759	1
1429	1773	1
1429	1850	1
1429	1852	1
1429	1854	1
1429	1855	1
1429	1856	1
1429	1861	1
1429	1865	1
1429	1866	1
1429	1867	1
1429	1869	1
1429	2092	1
1429	2206	1
1429	2255	1
1429	2928	1
1429	2966	1
1429	3218	1
1429	3605	1
1429	3633	1
1429	3718	1
1446	1487	1
1446	1493	2
1446	1496	1
1446	1498	1
1446	2539	1
1446	2575	2
1446	2846	1
1453	3182	1
1453	3392	1
1453	3393	1
1453	3453	1
1463	1465	1
1463	1636	1
1463	3137	1
1463	3500	1
1465	1636	1
1465	3137	1
1465	3500	1
1466	1637	2
1466	1935	1
1466	1936	1
1466	1959	2
1466	2644	1
1466	2654	1
1466	3500	2
1467	2628	1
1474	1483	1
1474	1485	1
1474	2091	1
1474	2182	1
1474	2195	1
1474	2299	1
1474	2537	1
1474	2897	1
1474	3056	1
1474	3125	1
1474	3162	1
1474	3173	1
1474	3407	1
1474	3408	1
1474	3422	1
1474	3484	1
1483	1485	1
1483	2091	1
1483	2182	1
1483	2195	1
1483	2299	1
1483	2537	1
1483	2897	1
1483	3056	1
1483	3125	1
1483	3162	1
1483	3173	1
1483	3407	1
1483	3408	1
1483	3422	1
1483	3484	1
1485	2091	1
1485	2182	1
1485	2195	1
1485	2299	1
1485	2537	1
1485	2897	1
1485	3056	1
1485	3125	1
1485	3162	1
1485	3173	1
1485	3407	1
1485	3408	1
1485	3422	1
1485	3484	1
1487	1498	1
1487	2539	1
1487	2846	1
1492	1498	1
1492	1499	1
1492	2539	1
1493	1497	2
1493	1498	2
1493	2538	1
1493	2539	3
1493	2575	1
1493	2659	1
1494	1501	1
1494	1502	1
1494	2539	2
1496	2575	1
1497	2539	1
1498	1499	1
1498	2538	1
1498	2539	3
1498	2575	1
1498	2659	1
1498	2846	1
1499	2539	1
1501	2539	1
1502	2539	2
1510	1513	4
1510	2539	2
1513	2539	3
1517	1523	2
1517	2539	1
1517	2575	1
1523	2539	1
1523	2575	1
1527	1723	1
1527	1746	1
1527	2262	1
1527	2821	1
1527	3148	1
1527	3477	1
1528	1723	1
1528	1746	1
1528	2261	1
1528	2820	1
1528	3148	1
1528	3477	1
1535	3522	3
1542	1672	2
1542	1830	1
1545	1553	2
1545	1556	2
1545	2333	1
1549	2341	2
1549	3522	2
1552	1555	1
1552	1558	1
1552	1560	1
1552	1590	1
1552	1692	1
1553	1556	2
1554	1557	2
1554	1589	2
1554	1691	1
1554	3475	2
1555	1558	1
1555	1560	1
1555	1590	1
1555	1692	1
1557	1589	2
1557	1691	1
1557	3475	2
1558	1560	1
1558	1590	1
1558	1692	1
1560	1590	1
1560	1692	1
1568	1582	2
1568	1587	1
1568	2341	1
1568	3378	1
1569	1604	1
1569	1830	1
1569	1847	1
1569	2341	3
1577	1683	1
1577	2333	2
1577	3518	2
1582	1587	2
1582	2201	1
1582	2341	3
1582	2512	1
1582	3378	1
1587	2341	1
1587	3378	1
1589	1691	1
1589	3475	2
1590	1692	1
1597	1955	1
1597	2197	1
1597	2200	1
1597	2342	1
1597	3136	1
1597	3195	1
1604	1610	1
1604	1663	2
1604	1683	1
1604	1687	1
1604	2027	1
1604	2252	1
1604	2341	1
1604	2512	4
1604	2653	2
1604	3012	1
1604	3037	1
1604	3122	1
1604	3498	1
1604	3525	1
1610	1663	1
1610	1683	1
1610	1687	1
1610	2512	1
1610	3012	1
1610	3037	1
1610	3122	1
1610	3525	1
1611	1612	1
1611	1613	1
1611	1614	1
1611	1616	1
1611	2500	1
1611	2512	1
1611	2516	1
1611	3496	1
1612	1613	1
1612	1614	1
1612	1616	1
1612	2500	1
1612	2512	1
1612	2516	1
1612	3496	1
1613	1614	1
1613	1616	1
1613	2500	1
1613	2512	1
1613	2516	1
1613	3496	1
1614	1616	1
1614	2500	1
1614	2512	1
1614	2516	1
1614	3496	1
1616	2500	1
1616	2512	1
1616	2516	1
1616	3496	1
1636	3137	1
1636	3500	1
1637	1935	1
1637	1936	1
1637	1959	2
1637	2644	1
1637	2651	1
1637	2654	1
1637	3500	2
1638	1644	1
1638	1871	1
1638	1938	1
1638	2039	1
1638	2127	1
1638	2604	1
1642	1652	1
1642	2477	1
1642	2703	1
1642	3019	1
1642	3473	1
1642	3474	1
1644	1871	1
1644	1938	1
1644	2039	1
1644	2127	1
1644	2604	1
1648	2154	1
1648	2999	1
1652	2477	1
1652	2703	1
1652	3019	1
1652	3473	1
1652	3474	1
1661	1688	1
1661	1690	1
1663	1683	1
1663	1687	1
1663	2512	1
1663	3012	1
1663	3037	1
1663	3122	1
1663	3525	1
1672	1830	1
1683	1687	1
1683	2333	1
1683	2512	1
1683	3012	1
1683	3037	1
1683	3122	1
1683	3518	1
1683	3525	1
1687	2512	1
1687	3012	1
1687	3037	1
1687	3122	1
1687	3525	1
1688	1690	1
1691	3475	1
1700	1724	1
1700	2321	1
1700	2732	1
1700	2939	1
1712	2653	1
1712	3729	1
1723	1746	2
1723	2261	1
1723	2262	1
1723	2820	1
1723	2821	1
1723	3148	2
1723	3477	2
1724	2321	1
1724	2732	1
1724	2939	1
1727	1898	1
1727	2183	1
1727	2321	1
1727	2936	1
1727	3377	1
1734	1768	1
1734	1786	1
1734	1793	1
1734	1802	1
1734	3059	1
1735	2576	1
1735	2581	1
1735	2968	1
1735	2989	1
1735	3230	1
1735	3231	1
1736	1777	1
1736	1903	1
1736	2593	1
1737	3273	1
1737	3328	1
1739	1744	1
1739	1747	1
1739	1775	1
1739	1909	1
1739	1912	1
1739	2682	1
1739	3625	1
1739	3627	1
1739	3628	1
1740	2800	1
1740	3366	1
1740	3626	1
1740	3629	1
1742	1746	1
1742	1864	1
1742	2577	1
1742	2931	1
1742	3630	1
1743	1761	1
1743	2130	1
1743	2590	1
1743	2932	1
1743	3631	1
1744	1909	1
1744	3625	1
1744	3628	1
1746	1864	1
1746	2261	1
1746	2262	1
1746	2577	1
1746	2820	1
1746	2821	1
1746	2931	1
1746	3148	2
1746	3477	2
1746	3630	1
1747	1775	1
1747	1912	1
1747	2682	1
1747	3627	1
1748	1824	1
1748	2191	1
1748	2937	1
1748	3118	1
1751	1786	1
1751	2512	2
1751	3522	1
1752	1760	1
1752	1911	1
1752	1913	1
1752	2789	1
1752	2790	1
1752	2876	1
1754	1762	3
1757	1882	1
1757	1884	1
1757	1901	1
1757	1982	1
1757	2916	1
1757	2919	1
1757	3361	1
1758	1774	1
1758	1851	1
1758	1853	1
1758	1855	1
1758	1856	1
1758	1862	1
1758	1863	1
1758	1865	1
1758	1866	1
1758	1867	1
1758	1868	1
1758	2093	1
1758	2253	1
1758	2819	1
1758	2927	1
1758	2966	1
1758	3146	1
1758	3219	1
1758	3632	1
1758	3719	1
1759	1773	1
1759	1850	1
1759	1852	1
1759	1854	1
1759	1855	1
1759	1856	1
1759	1861	1
1759	1865	1
1759	1866	1
1759	1867	1
1759	1869	1
1759	2092	1
1759	2206	1
1759	2255	1
1759	2928	1
1759	2966	1
1759	3218	1
1759	3605	1
1759	3633	1
1759	3718	1
1760	1911	1
1760	1913	1
1760	2789	1
1760	2790	1
1760	2876	1
1761	2130	1
1761	2590	1
1761	2932	1
1761	3631	1
1767	2503	1
1767	2813	1
1767	3440	1
1768	1786	2
1773	1850	1
1773	1852	1
1773	1854	1
1773	1855	1
1773	1856	1
1773	1861	1
1773	1865	1
1773	1866	1
1773	1867	1
1773	1869	1
1773	2092	1
1773	2206	1
1773	2255	1
1773	2928	1
1773	2966	1
1773	3218	1
1773	3605	1
1773	3633	1
1773	3718	1
1774	1851	1
1774	1853	1
1774	1855	1
1774	1856	1
1774	1862	1
1774	1863	1
1774	1865	1
1774	1866	1
1774	1867	1
1774	1868	1
1774	2093	1
1774	2253	1
1774	2819	1
1774	2927	1
1774	2966	1
1774	3146	1
1774	3219	1
1774	3632	1
1774	3719	1
1775	1912	1
1775	2682	1
1775	3627	1
1777	1903	1
1777	2593	1
1787	1788	1
1787	1882	1
1787	1884	1
1787	3429	1
1788	1882	1
1788	1884	1
1788	3429	1
1793	1802	1
1793	3059	1
1796	3384	2
1798	1804	1
1798	1811	1
1798	2889	1
1798	3387	1
1798	3757	1
1799	2997	1
1801	1812	1
1801	1813	3
1801	2310	1
1801	2386	1
1801	2390	5
1801	2392	3
1801	2399	4
1801	2407	4
1801	2743	1
1801	2749	2
1801	3064	2
1801	3242	7
1801	3245	4
1801	3248	2
1801	3249	12
1801	3250	1
1801	3359	2
1801	3469	1
1801	3756	1
1802	1812	1
1802	2309	1
1802	2310	1
1802	2386	1
1802	2387	1
1802	2388	1
1802	2389	1
1802	2390	1
1802	2397	1
1802	2399	1
1802	2403	1
1802	2404	1
1802	2405	1
1802	2408	2
1802	2458	2
1802	2733	2
1802	2743	2
1802	2744	1
1802	2745	1
1802	2748	1
1802	2749	3
1802	2750	4
1802	2984	1
1802	2986	3
1802	3052	1
1802	3059	1
1802	3240	5
1802	3241	3
1802	3242	4
1802	3243	1
1802	3245	3
1802	3246	1
1802	3249	2
1802	3250	6
1802	3427	1
1802	3428	1
1802	3469	1
1804	1811	1
1804	2889	1
1804	3387	1
1804	3757	1
1805	2909	1
1805	3106	1
1805	3382	1
1805	3388	1
1805	3457	1
1809	2759	1
1811	2889	1
1811	3387	1
1811	3757	1
1812	2392	1
1812	2733	2
1812	3240	2
1812	3242	1
1812	3249	1
1813	2390	2
1813	2399	1
1813	2407	2
1813	3242	1
1813	3249	1
1816	3058	1
1816	3512	1
1822	2275	1
1822	2276	1
1822	3379	1
1822	3383	1
1822	3458	1
1822	3609	1
1824	2191	1
1824	2937	1
1824	3118	1
1825	2913	1
1825	3426	1
1825	3434	1
1837	1895	1
1837	1896	1
1837	1925	2
1837	3111	1
1837	3326	1
1837	3349	1
1847	2341	1
1850	1852	1
1850	1854	1
1850	1855	1
1850	1856	1
1850	1861	1
1850	1865	1
1850	1866	1
1850	1867	1
1850	1869	1
1850	2092	1
1850	2206	1
1850	2255	1
1850	2928	1
1850	2966	1
1850	3218	1
1850	3605	1
1850	3633	1
1850	3718	1
1851	1853	1
1851	1855	1
1851	1856	1
1851	1862	1
1851	1863	1
1851	1865	1
1851	1866	1
1851	1867	1
1851	1868	1
1851	2093	1
1851	2253	1
1851	2819	1
1851	2927	1
1851	2966	1
1851	3146	1
1851	3219	1
1851	3632	1
1851	3719	1
1852	1854	1
1852	1855	1
1852	1856	1
1852	1861	1
1852	1865	1
1852	1866	1
1852	1867	1
1852	1869	1
1852	2092	1
1852	2206	1
1852	2255	1
1852	2928	1
1852	2966	1
1852	3218	1
1852	3605	1
1852	3633	1
1852	3718	1
1853	1855	1
1853	1856	1
1853	1862	1
1853	1863	1
1853	1865	1
1853	1866	1
1853	1867	1
1853	1868	1
1853	2093	1
1853	2253	1
1853	2819	1
1853	2927	1
1853	2966	1
1853	3146	1
1853	3219	1
1853	3632	1
1853	3719	1
1854	1855	1
1854	1856	1
1854	1861	1
1854	1865	1
1854	1866	1
1854	1867	1
1854	1869	1
1854	2092	1
1854	2206	1
1854	2255	1
1854	2928	1
1854	2966	1
1854	3218	1
1854	3605	1
1854	3633	1
1854	3718	1
1855	1856	2
1855	1861	1
1855	1862	1
1855	1863	1
1855	1865	2
1855	1866	2
1855	1867	2
1855	1868	1
1855	1869	1
1855	2092	1
1855	2093	1
1855	2206	1
1855	2253	1
1855	2255	1
1855	2819	1
1855	2927	1
1855	2928	1
1855	2966	2
1855	3146	1
1855	3218	1
1855	3219	1
1855	3605	1
1855	3632	1
1855	3633	1
1855	3718	1
1855	3719	1
1856	1861	1
1856	1862	1
1856	1863	1
1856	1865	2
1856	1866	2
1856	1867	2
1856	1868	1
1856	1869	1
1856	2092	1
1856	2093	1
1856	2206	1
1856	2253	1
1856	2255	1
1856	2819	1
1856	2927	1
1856	2928	1
1856	2966	2
1856	3146	1
1856	3218	1
1856	3219	1
1856	3605	1
1856	3632	1
1856	3633	1
1856	3718	1
1856	3719	1
1858	2818	1
1858	2924	1
1858	3140	1
1858	3394	1
1858	3398	1
1861	1865	1
1861	1866	1
1861	1867	1
1861	1869	1
1861	2092	1
1861	2206	1
1861	2255	1
1861	2928	1
1861	2966	1
1861	3218	1
1861	3605	1
1861	3633	1
1861	3718	1
1862	1863	1
1862	1865	1
1862	1866	1
1862	1867	1
1862	1868	1
1862	2093	1
1862	2253	1
1862	2819	1
1862	2927	1
1862	2966	1
1862	3146	1
1862	3219	1
1862	3632	1
1862	3719	1
1863	1865	1
1863	1866	1
1863	1867	1
1863	1868	1
1863	2093	1
1863	2253	1
1863	2819	1
1863	2927	1
1863	2966	1
1863	3146	1
1863	3219	1
1863	3632	1
1863	3719	1
1864	2577	1
1864	2931	1
1864	3630	1
1865	1866	2
1865	1867	2
1865	1868	1
1865	1869	1
1865	2092	1
1865	2093	1
1865	2206	1
1865	2253	1
1865	2255	1
1865	2819	1
1865	2927	1
1865	2928	1
1865	2966	2
1865	3146	1
1865	3218	1
1865	3219	1
1865	3605	1
1865	3632	1
1865	3633	1
1865	3718	1
1865	3719	1
1866	1867	2
1866	1868	1
1866	1869	1
1866	2092	1
1866	2093	1
1866	2206	1
1866	2253	1
1866	2255	1
1866	2819	1
1866	2927	1
1866	2928	1
1866	2966	2
1866	3146	1
1866	3218	1
1866	3219	1
1866	3605	1
1866	3632	1
1866	3633	1
1866	3718	1
1866	3719	1
1867	1868	1
1867	1869	1
1867	2092	1
1867	2093	1
1867	2206	1
1867	2253	1
1867	2255	1
1867	2819	1
1867	2927	1
1867	2928	1
1867	2966	2
1867	3146	1
1867	3218	1
1867	3219	1
1867	3605	1
1867	3632	1
1867	3633	1
1867	3718	1
1867	3719	1
1868	2093	1
1868	2253	1
1868	2819	1
1868	2927	1
1868	2966	1
1868	3146	1
1868	3219	1
1868	3632	1
1868	3719	1
1869	2092	1
1869	2206	1
1869	2255	1
1869	2928	1
1869	2966	1
1869	3218	1
1869	3605	1
1869	3633	1
1869	3718	1
1871	1938	1
1871	2039	1
1871	2127	1
1871	2604	1
1875	2145	1
1875	2192	1
1875	2794	1
1875	2795	1
1875	2798	1
1875	3169	1
1876	2376	1
1876	2660	1
1876	3155	1
1877	2512	1
1877	3108	1
1880	1884	2
1880	1972	1
1880	1973	1
1880	1984	1
1880	2014	1
1880	2806	1
1882	1884	2
1882	1901	1
1882	1982	1
1882	2916	1
1882	2919	1
1882	3361	1
1882	3429	1
1884	1901	1
1884	1972	1
1884	1973	1
1884	1982	1
1884	1984	1
1884	2014	1
1884	2806	1
1884	2916	1
1884	2919	1
1884	3361	1
1884	3429	1
1895	1925	1
1895	3326	1
1896	1925	1
1896	3111	1
1896	3349	1
1898	2183	1
1898	2321	1
1898	2936	1
1898	3377	1
1900	2512	1
1900	2868	1
1900	3206	1
1901	1982	1
1901	2916	1
1901	2919	1
1901	3361	1
1902	2944	1
1902	3081	1
1903	2593	1
1904	1905	1
1904	2249	1
1904	2941	1
1904	3115	1
1905	2249	1
1905	2941	1
1905	3115	1
1909	3625	1
1909	3628	1
1911	1913	1
1911	2789	1
1911	2790	1
1911	2876	1
1912	2682	1
1912	3627	1
1913	2789	1
1913	2790	1
1913	2876	1
1915	1917	1
1915	1974	1
1915	2248	1
1915	2260	1
1916	1966	3
1917	1974	1
1917	2248	1
1917	2260	1
1918	2302	1
1918	3130	1
1918	3143	1
1918	3501	1
1925	3111	1
1925	3326	1
1925	3349	1
1928	1929	1
1928	2776	1
1928	2879	1
1928	3031	1
1928	3612	1
1929	2776	1
1929	2879	1
1929	3031	1
1929	3612	1
1935	1959	1
1935	2654	1
1935	3500	1
1936	1959	1
1936	2644	1
1936	3500	1
1938	2039	1
1938	2127	1
1938	2604	1
1955	2197	1
1955	2200	1
1955	2342	1
1955	3136	1
1955	3195	1
1957	2567	1
1957	3445	1
1959	2644	1
1959	2654	1
1959	3500	2
1960	2565	1
1960	3449	1
1971	1980	1
1971	1990	1
1971	1992	1
1971	1994	1
1971	1996	1
1971	1997	1
1971	2013	1
1971	2213	1
1971	2271	1
1971	3409	1
1971	3486	1
1972	1973	1
1972	1984	1
1972	2806	1
1973	1984	1
1973	2806	1
1974	2248	1
1974	2260	1
1975	1976	1
1975	1977	1
1975	1978	1
1975	1979	1
1975	1981	1
1976	1977	1
1976	1978	1
1976	1979	1
1976	1981	1
1977	1978	1
1977	1979	1
1977	1981	1
1978	1979	1
1978	1981	1
1979	1981	1
1980	1990	1
1980	1992	1
1980	1994	1
1980	1996	1
1980	1997	1
1980	2013	1
1980	2213	1
1980	2271	1
1980	3409	1
1980	3486	1
1982	2916	1
1982	2919	1
1982	3361	1
1984	2806	1
1990	1992	1
1990	1994	1
1990	1996	1
1990	1997	1
1990	2013	1
1990	2213	1
1990	2271	1
1990	3409	1
1990	3486	1
1991	2149	1
1991	2196	1
1991	2209	1
1991	2953	1
1991	2974	1
1991	2998	1
1992	1994	1
1992	1996	1
1992	1997	1
1992	2013	1
1992	2213	1
1992	2271	1
1992	3409	1
1992	3486	1
1993	2150	1
1993	2196	1
1993	2208	1
1993	2998	1
1993	3601	1
1993	3602	1
1994	1996	1
1994	1997	1
1994	2013	1
1994	2213	1
1994	2271	1
1994	3409	1
1994	3486	1
1995	2004	1
1995	2006	1
1995	2007	1
1995	2008	1
1995	2010	1
1995	2011	1
1995	2012	1
1995	2015	1
1995	2017	1
1995	2214	1
1995	2995	1
1995	3411	1
1995	3482	1
1995	3485	1
1995	3728	1
1996	1997	1
1996	2013	1
1996	2213	1
1996	2271	1
1996	3409	1
1996	3486	1
1997	2013	1
1997	2213	1
1997	2271	1
1997	3409	1
1997	3486	1
2004	2006	1
2004	2007	1
2004	2008	1
2004	2010	1
2004	2011	1
2004	2012	1
2004	2015	1
2004	2017	1
2004	2214	1
2004	2995	1
2004	3411	1
2004	3482	1
2004	3485	1
2004	3728	1
2006	2007	1
2006	2008	1
2006	2010	1
2006	2011	1
2006	2012	1
2006	2015	1
2006	2017	1
2006	2214	1
2006	2995	1
2006	3411	1
2006	3482	1
2006	3485	1
2006	3728	1
2007	2008	1
2007	2010	1
2007	2011	1
2007	2012	1
2007	2015	1
2007	2017	1
2007	2214	1
2007	2995	1
2007	3411	1
2007	3482	1
2007	3485	1
2007	3728	1
2008	2010	1
2008	2011	1
2008	2012	1
2008	2015	1
2008	2017	1
2008	2214	1
2008	2995	1
2008	3411	1
2008	3482	1
2008	3485	1
2008	3728	1
2010	2011	1
2010	2012	1
2010	2015	1
2010	2017	1
2010	2214	1
2010	2995	1
2010	3411	1
2010	3482	1
2010	3485	1
2010	3728	1
2011	2012	1
2011	2015	1
2011	2017	1
2011	2214	1
2011	2995	1
2011	3411	1
2011	3482	1
2011	3485	1
2011	3728	1
2012	2015	1
2012	2017	1
2012	2214	1
2012	2995	1
2012	3411	1
2012	3482	1
2012	3485	1
2012	3728	1
2013	2213	1
2013	2271	1
2013	3409	1
2013	3486	1
2015	2017	1
2015	2214	1
2015	2995	1
2015	3411	1
2015	3482	1
2015	3485	1
2015	3728	1
2017	2214	1
2017	2995	1
2017	3411	1
2017	3482	1
2017	3485	1
2017	3728	1
2018	3522	2
2018	3753	1
2021	2063	1
2021	2827	1
2021	3060	1
2021	3414	1
2027	2341	1
2027	2512	1
2039	2127	1
2039	2604	1
2063	2827	1
2063	3060	1
2063	3414	1
2074	2867	2
2077	3590	1
2091	2182	1
2091	2195	1
2091	2299	1
2091	2537	1
2091	2897	1
2091	3056	1
2091	3125	1
2091	3162	1
2091	3173	1
2091	3407	1
2091	3408	1
2091	3422	1
2091	3484	1
2092	2206	1
2092	2255	1
2092	2928	1
2092	2966	1
2092	3218	1
2092	3605	1
2092	3633	1
2092	3718	1
2093	2253	1
2093	2819	1
2093	2927	1
2093	2966	1
2093	3146	1
2093	3219	1
2093	3632	1
2093	3719	1
2103	2907	1
2103	3688	1
2117	2512	2
2117	2880	2
2117	3045	2
2122	2141	1
2122	2342	1
2122	2797	1
2122	3232	1
2122	3423	1
2122	3472	1
2123	2329	1
2123	2557	1
2123	2600	1
2123	2621	1
2123	3532	1
2123	3760	1
2127	2604	1
2130	2590	1
2130	2932	1
2130	3631	1
2139	2186	1
2139	2210	1
2139	2215	1
2139	2707	1
2139	3744	1
2141	2342	1
2141	2797	1
2141	3232	1
2141	3423	1
2141	3472	1
2143	2193	1
2143	2794	1
2143	2796	1
2143	3072	1
2143	3711	1
2145	2192	1
2145	2794	1
2145	2795	1
2145	2798	1
2145	3169	1
2148	2197	1
2148	2203	1
2148	2342	1
2148	2791	1
2148	3370	1
2149	2196	1
2149	2209	1
2149	2953	1
2149	2974	1
2149	2998	1
2150	2196	1
2150	2208	1
2150	2998	1
2150	3601	1
2150	3602	1
2154	2999	1
2157	2159	1
2157	2162	1
2157	2164	1
2157	2170	1
2157	2802	1
2157	2803	1
2157	2947	2
2159	2162	1
2159	2164	1
2159	2170	1
2159	2803	1
2159	2947	1
2160	2161	1
2160	2163	1
2160	2165	1
2160	2166	1
2160	2171	1
2160	2536	1
2160	2801	1
2160	2951	1
2161	2163	1
2161	2165	1
2161	2166	1
2161	2171	1
2161	2536	1
2161	2801	1
2161	2951	1
2162	2164	1
2162	2170	1
2162	2803	1
2162	2947	1
2163	2165	1
2163	2166	1
2163	2171	1
2163	2536	1
2163	2801	1
2163	2951	1
2164	2170	1
2164	2803	1
2164	2947	1
2165	2166	1
2165	2171	1
2165	2536	1
2165	2801	1
2165	2951	1
2166	2171	1
2166	2536	1
2166	2801	1
2166	2951	1
2170	2803	1
2170	2947	1
2171	2536	1
2171	2801	1
2171	2951	1
2173	2174	1
2173	2175	1
2173	2176	1
2173	2177	1
2174	2175	1
2174	2176	1
2174	2177	1
2175	2176	1
2175	2177	1
2176	2177	1
2182	2195	1
2182	2299	1
2182	2537	1
2182	2897	1
2182	3056	1
2182	3125	1
2182	3162	1
2182	3173	1
2182	3407	1
2182	3408	1
2182	3422	1
2182	3484	1
2183	2321	1
2183	2936	1
2183	3377	1
2186	2210	1
2186	2215	1
2186	2707	1
2186	3744	1
2188	2515	1
2188	3116	2
2191	2937	1
2191	3118	1
2192	2794	1
2192	2795	1
2192	2798	1
2192	3169	1
2193	2794	1
2193	2796	1
2193	3072	1
2193	3711	1
2195	2299	1
2195	2537	1
2195	2897	1
2195	3056	1
2195	3125	1
2195	3162	1
2195	3173	1
2195	3407	1
2195	3408	1
2195	3422	1
2195	3484	1
2196	2208	1
2196	2209	1
2196	2953	1
2196	2974	1
2196	2998	2
2196	3601	1
2196	3602	1
2197	2200	1
2197	2203	1
2197	2342	4
2197	2791	1
2197	3136	1
2197	3195	1
2197	3370	3
2200	2342	1
2200	3136	1
2200	3195	1
2201	2341	1
2201	2512	1
2202	2330	1
2202	2965	1
2203	2342	1
2203	2791	1
2203	3370	1
2206	2255	1
2206	2928	1
2206	2966	1
2206	3218	1
2206	3605	1
2206	3633	1
2206	3718	1
2208	2998	1
2208	3601	1
2208	3602	1
2209	2953	1
2209	2974	1
2209	2998	1
2210	2215	1
2210	2707	1
2210	3744	1
2213	2271	1
2213	3409	1
2213	3486	1
2214	2995	1
2214	3411	1
2214	3482	1
2214	3485	1
2214	3728	1
2215	2707	1
2215	3744	1
2241	2767	1
2241	2961	2
2243	2512	1
2243	2786	1
2243	2929	1
2243	2948	1
2248	2260	1
2249	2941	1
2249	3115	1
2252	2512	1
2252	2653	1
2253	2819	1
2253	2927	1
2253	2966	1
2253	3146	1
2253	3219	1
2253	3632	1
2253	3719	1
2255	2928	1
2255	2966	1
2255	3218	1
2255	3605	1
2255	3633	1
2255	3718	1
2257	2512	1
2261	2820	1
2261	3148	1
2261	3477	1
2262	2821	1
2262	3148	1
2262	3477	1
2271	3409	1
2271	3486	1
2273	2823	1
2273	3421	1
2275	2276	1
2275	3379	1
2275	3383	1
2275	3458	1
2275	3609	1
2276	3379	1
2276	3383	1
2276	3458	1
2276	3609	1
2299	2537	1
2299	2897	1
2299	3056	1
2299	3125	1
2299	3162	1
2299	3173	1
2299	3407	1
2299	3408	1
2299	3422	1
2299	3484	1
2302	3130	1
2302	3143	1
2302	3501	1
2309	2405	1
2309	2743	1
2309	2749	1
2309	3240	1
2310	2743	1
2310	3241	1
2310	3250	1
2321	2732	1
2321	2936	1
2321	2939	1
2321	3377	1
2323	3480	1
2323	3538	1
2323	3539	1
2323	3670	1
2323	3672	1
2323	3704	1
2325	2672	1
2325	2675	1
2327	2454	1
2327	2455	1
2327	2667	1
2327	2811	1
2327	3382	1
2327	3432	1
2329	2557	1
2329	2600	1
2329	2621	1
2329	3532	1
2329	3760	1
2330	2965	1
2333	3518	2
2337	2780	1
2337	2857	1
2337	3119	1
2337	3127	1
2341	2512	2
2341	2653	1
2341	3198	1
2341	3378	1
2342	2791	1
2342	2797	1
2342	3136	1
2342	3195	1
2342	3232	1
2342	3370	3
2342	3423	1
2342	3472	1
2345	2347	1
2345	3193	1
2345	3217	1
2346	2512	1
2346	3197	1
2346	3202	1
2346	3220	1
2346	3522	1
2346	3751	1
2347	3193	1
2347	3217	1
2376	2660	1
2376	3155	1
2386	2390	2
2386	2399	2
2386	3469	1
2387	2403	1
2387	2743	1
2387	2986	1
2388	2397	1
2388	2745	1
2388	2749	1
2388	2986	1
2388	3240	1
2389	2404	1
2389	2744	1
2389	2986	1
2390	2399	5
2390	2407	4
2390	3242	1
2390	3469	2
2392	2749	1
2392	3242	2
2392	3245	1
2392	3359	1
2397	2745	1
2397	2749	1
2397	2986	1
2397	3240	1
2399	2407	3
2399	3242	1
2399	3469	2
2403	2743	1
2403	2986	1
2404	2744	1
2404	2986	1
2405	2743	1
2405	2749	1
2405	3240	1
2407	3242	1
2407	3469	1
2408	2750	1
2408	3241	1
2408	3250	1
2408	3427	1
2421	2961	1
2421	3764	1
2436	2680	1
2436	3272	1
2436	3770	1
2454	2455	1
2454	2667	1
2454	2811	1
2454	3382	1
2454	3432	1
2455	2667	1
2455	2811	1
2455	3382	1
2455	3432	1
2458	2984	1
2458	3052	1
2468	3039	1
2468	3055	1
2468	3135	1
2468	3365	1
2468	3589	1
2468	3686	1
2477	2703	1
2477	3019	1
2477	3473	1
2477	3474	1
2485	2630	1
2490	2492	1
2490	2493	1
2490	3183	1
2490	3431	1
2492	2493	1
2492	3183	1
2492	3431	1
2493	3183	1
2493	3431	1
2500	2512	2
2500	2516	1
2500	3496	2
2500	3504	1
2500	3505	1
2500	3506	1
2500	3507	1
2503	2813	1
2503	3440	1
2507	2554	1
2512	2514	1
2512	2516	2
2512	2517	1
2512	2518	1
2512	2521	1
2512	2522	1
2512	2526	1
2512	2529	1
2512	2530	1
2512	2567	2
2512	2653	5
2512	2739	1
2512	2786	1
2512	2868	2
2512	2880	2
2512	2929	1
2512	2948	4
2512	3012	1
2512	3037	1
2512	3045	2
2512	3108	1
2512	3122	1
2512	3197	2
2512	3198	1
2512	3202	1
2512	3206	1
2512	3220	1
2512	3496	2
2512	3498	1
2512	3504	1
2512	3505	1
2512	3506	1
2512	3507	1
2512	3522	2
2512	3525	1
2512	3750	1
2512	3751	1
2514	2516	1
2514	2517	1
2514	2518	1
2514	2521	1
2514	2522	1
2514	2526	1
2514	2529	1
2514	2530	1
2515	3116	1
2516	2517	1
2516	2518	1
2516	2521	1
2516	2522	1
2516	2526	1
2516	2529	1
2516	2530	1
2516	3496	1
2517	2518	1
2517	2521	1
2517	2522	1
2517	2526	1
2517	2529	1
2517	2530	1
2518	2521	1
2518	2522	1
2518	2526	1
2518	2529	1
2518	2530	1
2521	2522	1
2521	2526	1
2521	2529	1
2521	2530	1
2522	2526	1
2522	2529	1
2522	2530	1
2523	2865	1
2523	2983	1
2523	3150	1
2523	3152	1
2523	3416	1
2523	3417	1
2523	3581	1
2523	3759	1
2524	2527	1
2524	2646	1
2524	2655	1
2524	2835	1
2524	3466	1
2526	2529	1
2526	2530	1
2527	2646	1
2527	2655	1
2527	2835	1
2527	3466	1
2529	2530	1
2536	2801	1
2536	2951	1
2537	2897	1
2537	3056	1
2537	3125	1
2537	3162	1
2537	3173	1
2537	3407	1
2537	3408	1
2537	3422	1
2537	3484	1
2538	2659	1
2539	2846	1
2550	2628	1
2550	2845	2
2551	2630	1
2554	2567	2
2554	2643	1
2557	2600	1
2557	2621	1
2557	3532	1
2557	3760	1
2565	3449	1
2567	2643	1
2567	2653	6
2567	2739	3
2567	3113	1
2567	3445	1
2567	3478	1
2576	2581	1
2576	2968	1
2576	2989	1
2576	3230	1
2576	3231	1
2577	2931	1
2577	3630	1
2581	2968	1
2581	2989	1
2581	3230	1
2581	3231	1
2582	3227	2
2582	3343	2
2590	2932	1
2590	3631	1
2600	2621	1
2600	3532	1
2600	3760	1
2602	2628	1
2602	2845	1
2610	2649	1
2621	3532	1
2621	3760	1
2628	2845	3
2630	2659	1
2630	3288	1
2631	2855	1
2631	2911	1
2631	3051	1
2631	3098	1
2631	3171	1
2631	3207	1
2631	3208	1
2631	3655	1
2631	3723	1
2643	2653	1
2644	3500	1
2646	2655	1
2646	2835	1
2646	3466	1
2653	3113	1
2653	3498	1
2653	3729	1
2654	3500	1
2655	2835	1
2655	3466	1
2660	3155	1
2664	3245	1
2664	3248	1
2664	3249	1
2667	2811	1
2667	3382	1
2667	3432	1
2675	2739	1
2680	3272	1
2680	3770	1
2682	3627	1
2703	3019	1
2703	3473	1
2703	3474	1
2707	3744	1
2732	2939	1
2733	2984	1
2733	3240	3
2733	3249	2
2743	2749	1
2743	2986	1
2743	3240	1
2744	2986	1
2745	2749	1
2745	2986	1
2745	3240	1
2748	3242	1
2748	3245	1
2749	2986	1
2749	3240	2
2749	3242	2
2749	3245	1
2749	3359	2
2750	3243	1
2750	3245	2
2750	3246	1
2750	3250	1
2750	3427	1
2750	3428	1
2762	2960	1
2762	3669	1
2762	3766	1
2766	2961	2
2766	2993	1
2767	2824	1
2767	2959	1
2767	2961	4
2767	2992	1
2767	2993	1
2767	3767	1
2776	2879	1
2776	3031	1
2776	3612	1
2780	2857	1
2780	3119	1
2780	3127	1
2785	2815	1
2785	2816	1
2785	3415	1
2785	3745	1
2786	2929	1
2786	2948	1
2789	2790	1
2789	2876	1
2790	2876	1
2791	3370	1
2794	2795	1
2794	2796	1
2794	2798	1
2794	3072	1
2794	3169	1
2794	3711	1
2795	2798	1
2795	3169	1
2796	3072	1
2796	3711	1
2797	3232	1
2797	3423	1
2797	3472	1
2798	3169	1
2800	3366	1
2800	3626	1
2800	3629	1
2801	2951	1
2802	2947	1
2803	2947	1
2805	2807	1
2805	3166	1
2805	3610	1
2805	3624	1
2807	3166	1
2807	3610	1
2807	3624	1
2811	3382	1
2811	3432	1
2813	3440	1
2815	2816	1
2815	3415	1
2815	3745	1
2816	3415	1
2816	3745	1
2818	2924	1
2818	3140	1
2818	3394	1
2818	3398	1
2819	2927	1
2819	2966	1
2819	3146	1
2819	3219	1
2819	3632	1
2819	3719	1
2820	3148	1
2820	3477	1
2821	3148	1
2821	3477	1
2823	3421	1
2824	2961	2
2824	2992	1
2827	3060	1
2827	3414	1
2829	2982	1
2829	2983	1
2829	2988	1
2829	3163	1
2829	3499	1
2835	3466	1
2853	3598	2
2853	3599	2
2855	2911	1
2855	3051	1
2855	3098	1
2855	3171	1
2855	3207	1
2855	3208	1
2855	3655	1
2855	3723	1
2857	3119	1
2857	3127	1
2858	3127	3
2858	3296	2
2862	3040	1
2862	3668	1
2862	3675	1
2862	3696	1
2862	3726	1
2865	2983	1
2865	3150	1
2865	3152	1
2865	3416	1
2865	3417	1
2865	3581	1
2865	3759	1
2868	2948	1
2868	3206	1
2879	3031	1
2879	3612	1
2880	3045	2
2889	3387	1
2889	3757	1
2897	3056	1
2897	3125	1
2897	3162	1
2897	3173	1
2897	3407	1
2897	3408	1
2897	3422	1
2897	3484	1
2907	3688	1
2909	3382	1
2909	3388	1
2909	3457	1
2911	3051	1
2911	3098	1
2911	3171	1
2911	3207	1
2911	3208	1
2911	3655	1
2911	3723	1
2913	3426	1
2913	3434	1
2916	2919	1
2916	3361	1
2919	3361	1
2924	3140	1
2924	3394	1
2924	3398	1
2927	2966	1
2927	3146	1
2927	3219	1
2927	3632	1
2927	3719	1
2928	2966	1
2928	3218	1
2928	3605	1
2928	3633	1
2928	3718	1
2929	2948	1
2931	3630	1
2932	3631	1
2936	3377	1
2937	3118	1
2941	3115	1
2944	3081	1
2948	3670	1
2953	2974	1
2953	2998	1
2957	2981	1
2957	3172	1
2959	3767	1
2960	3669	2
2960	3766	1
2961	2992	1
2961	2993	3
2961	3764	1
2966	3146	1
2966	3218	1
2966	3219	1
2966	3605	1
2966	3632	1
2966	3633	1
2966	3718	1
2966	3719	1
2968	2989	1
2968	3230	1
2968	3231	1
2972	3710	3
2972	3715	3
2974	2998	1
2981	3172	1
2982	2983	1
2982	2988	1
2982	3163	1
2982	3499	1
2983	2988	1
2983	3150	1
2983	3152	1
2983	3163	1
2983	3416	1
2983	3417	1
2983	3499	1
2983	3581	1
2983	3759	1
2984	3052	1
2984	3240	1
2984	3249	1
2986	3240	1
2987	3164	1
2988	3163	1
2988	3499	1
2989	3230	1
2989	3231	1
2995	3411	1
2995	3482	1
2995	3485	1
2995	3728	1
2998	3601	1
2998	3602	1
3012	3037	1
3012	3122	1
3012	3525	1
3019	3473	1
3019	3474	1
3031	3612	1
3037	3122	1
3037	3525	1
3039	3055	1
3039	3135	1
3039	3365	1
3039	3589	1
3039	3686	1
3040	3668	1
3040	3675	1
3040	3696	1
3040	3726	1
3051	3098	1
3051	3171	1
3051	3207	1
3051	3208	1
3051	3655	1
3051	3723	1
3055	3135	1
3055	3365	1
3055	3589	1
3055	3686	1
3056	3125	1
3056	3162	1
3056	3173	1
3056	3407	1
3056	3408	1
3056	3422	1
3056	3484	1
3058	3512	1
3060	3414	1
3064	3242	1
3072	3711	1
3098	3171	1
3098	3207	1
3098	3208	1
3098	3655	1
3098	3723	1
3111	3349	1
3119	3127	1
3122	3525	1
3125	3162	1
3125	3173	1
3125	3407	1
3125	3408	1
3125	3422	1
3125	3484	1
3127	3296	2
3130	3143	1
3130	3501	1
3135	3365	1
3135	3589	1
3135	3686	1
3136	3195	1
3137	3500	1
3140	3394	1
3140	3398	1
3143	3501	1
3146	3219	1
3146	3632	1
3146	3719	1
3148	3477	2
3150	3152	1
3150	3416	1
3150	3417	1
3150	3581	1
3150	3759	1
3152	3416	1
3152	3417	1
3152	3581	1
3152	3759	1
3157	3170	1
3157	3205	1
3157	3277	1
3157	3651	1
3157	3652	1
3157	3653	1
3157	3661	1
3157	3679	1
3157	3680	1
3157	3681	1
3162	3173	1
3162	3407	1
3162	3408	1
3162	3422	1
3162	3484	1
3163	3499	1
3166	3610	1
3166	3624	1
3170	3205	1
3170	3277	1
3170	3651	1
3170	3652	1
3170	3653	1
3170	3661	1
3170	3679	1
3170	3680	1
3170	3681	1
3171	3207	1
3171	3208	1
3171	3655	1
3171	3723	1
3173	3407	1
3173	3408	1
3173	3422	1
3173	3484	1
3182	3392	1
3182	3393	1
3182	3453	1
3183	3431	1
3193	3217	1
3197	3198	1
3197	3202	2
3197	3220	1
3197	3522	3
3197	3750	1
3197	3751	1
3198	3522	1
3198	3750	1
3202	3220	1
3202	3522	2
3202	3751	1
3205	3277	1
3205	3651	1
3205	3652	1
3205	3653	1
3205	3661	1
3205	3679	1
3205	3680	1
3205	3681	1
3207	3208	1
3207	3655	1
3207	3723	1
3208	3655	1
3208	3723	1
3218	3605	1
3218	3633	1
3218	3718	1
3219	3632	1
3219	3719	1
3220	3522	1
3220	3751	1
3227	3343	2
3230	3231	1
3232	3423	1
3232	3472	1
3240	3249	3
3241	3250	2
3242	3245	1
3242	3359	1
3243	3246	1
3245	3359	1
3245	3428	1
3245	3756	1
3250	3427	1
3250	3756	1
3272	3327	2
3272	3770	1
3273	3328	1
3277	3651	1
3277	3652	1
3277	3653	1
3277	3661	1
3277	3679	1
3277	3680	1
3277	3681	1
3288	3599	1
3365	3589	1
3365	3686	1
3366	3626	1
3366	3629	1
3379	3383	1
3379	3458	1
3379	3609	1
3382	3388	1
3382	3432	1
3382	3457	1
3383	3458	1
3383	3609	1
3385	3386	1
3385	3606	1
3385	3608	1
3386	3606	1
3386	3608	1
3387	3757	1
3388	3457	1
3392	3393	1
3392	3453	1
3393	3453	1
3394	3398	1
3407	3408	1
3407	3422	1
3407	3484	1
3408	3422	1
3408	3484	1
3409	3486	1
3411	3482	1
3411	3485	1
3411	3728	1
3415	3745	1
3416	3417	1
3416	3581	1
3416	3759	1
3417	3581	1
3417	3759	1
3422	3484	1
3423	3472	1
3426	3434	1
3458	3609	2
3473	3474	1
3480	3538	1
3480	3539	1
3480	3670	1
3480	3672	1
3480	3704	1
3482	3485	1
3482	3728	1
3485	3728	1
3496	3504	1
3496	3505	1
3496	3506	1
3496	3507	1
3504	3505	1
3504	3506	1
3504	3507	1
3505	3506	1
3505	3507	1
3506	3507	1
3522	3748	1
3522	3750	1
3522	3751	1
3522	3753	2
3532	3760	1
3538	3539	1
3538	3670	1
3538	3672	1
3538	3704	1
3539	3670	1
3539	3672	1
3539	3704	1
3562	3577	5
3562	3578	1
3581	3759	1
3589	3686	1
3598	3599	2
3601	3602	1
3605	3633	1
3605	3718	1
3606	3608	1
3610	3624	1
3625	3628	1
3626	3629	1
3632	3719	1
3633	3718	1
3651	3652	1
3651	3653	1
3651	3661	1
3651	3679	1
3651	3680	1
3651	3681	1
3652	3653	1
3652	3661	1
3652	3679	1
3652	3680	1
3652	3681	1
3653	3661	1
3653	3679	1
3653	3680	1
3653	3681	1
3655	3723	1
3661	3679	1
3661	3680	1
3661	3681	1
3668	3675	1
3668	3696	1
3668	3726	1
3669	3766	1
3670	3672	1
3670	3704	1
3672	3704	1
3675	3696	1
3675	3726	1
3679	3680	1
3679	3681	1
3680	3681	1
3696	3726	1
3710	3715	4
