1	132	1
1	346	1
1	967	1
1	1914	1
1	2884	1
1	2956	1
1	3283	1
1	3413	1
1	3415	1
3	752	1
3	807	1
3	832	1
3	1027	1
3	1246	1
3	1264	1
3	1726	1
3	2048	1
3	2546	1
3	2576	1
3	2859	1
3	2883	1
3	3247	1
4	298	1
4	2437	1
4	2640	1
4	2642	1
4	2650	1
4	2897	1
4	3313	1
5	6	1
5	920	1
5	925	1
5	1258	1
5	1876	1
5	1878	1
5	1891	1
5	3291	1
6	920	1
6	925	1
6	1258	1
6	1876	1
6	1878	1
6	1891	1
6	3291	1
8	26	1
8	1259	1
8	2001	1
8	2471	1
8	2626	1
8	2724	1
8	2912	1
13	1200	4
13	1815	2
13	2573	3
19	71	1
19	89	1
19	287	1
19	288	1
19	1084	1
19	1088	1
19	2197	1
19	2198	1
19	2200	1
19	2210	1
19	2469	1
19	2476	1
19	2572	1
19	2855	1
19	2856	1
19	2869	1
19	3040	1
19	3159	1
19	3162	1
19	3370	1
19	3372	1
19	3385	1
19	3402	1
19	3530	1
21	2181	1
21	2686	1
21	2701	1
21	2837	1
21	3049	1
21	3363	1
21	3491	1
23	593	1
23	602	1
23	899	1
23	1118	1
23	1262	1
23	1314	1
23	1461	1
23	1463	1
23	1464	1
23	1732	1
23	2749	1
26	1259	1
26	2001	1
26	2471	1
26	2626	1
26	2724	1
26	2912	1
34	53	1
34	142	1
34	508	1
34	511	1
34	640	1
34	735	1
34	740	1
34	992	1
34	993	1
34	1510	1
34	1801	1
34	1816	1
34	2033	1
34	2621	1
34	2943	1
34	3045	1
34	3278	1
34	3428	1
34	3431	1
34	3532	1
34	3533	1
34	3571	1
34	3572	1
34	3602	1
42	67	1
42	139	1
42	140	1
42	783	1
42	1748	1
42	1762	1
42	1765	1
42	1780	1
42	1782	1
42	1783	1
42	1787	1
42	1788	1
42	1834	1
42	1918	1
42	1947	1
42	1955	1
42	1956	1
42	1986	1
42	2693	1
42	2838	1
42	3295	1
42	3304	1
42	3308	1
42	3349	1
43	57	1
43	350	1
43	906	1
43	908	1
43	1212	1
43	2383	1
43	2568	1
43	2604	1
43	3200	1
43	3332	1
43	3347	1
43	3361	1
53	142	1
53	508	1
53	511	1
53	640	1
53	735	1
53	740	1
53	992	1
53	993	1
53	1510	1
53	1801	1
53	1816	1
53	2033	1
53	2621	1
53	2943	1
53	3045	1
53	3278	1
53	3428	1
53	3431	1
53	3532	1
53	3533	1
53	3571	1
53	3572	1
53	3602	1
55	284	1
55	515	1
55	1324	1
55	1421	1
55	1792	1
55	2427	1
55	3152	1
55	3327	1
55	3367	1
55	3607	1
57	350	1
57	906	1
57	908	1
57	1212	1
57	2383	1
57	2568	1
57	2604	1
57	3200	1
57	3332	1
57	3347	1
57	3361	1
59	88	1
59	160	1
59	734	1
59	1266	1
59	1267	1
59	1340	1
59	1649	1
59	1657	1
59	1658	1
59	1659	1
59	1661	1
59	1662	1
59	1663	1
59	1664	1
59	1972	1
59	2201	1
59	2202	1
59	2300	1
59	2394	1
59	2811	1
59	2840	1
59	2941	1
59	3396	1
66	232	1
66	977	2
66	1668	1
66	1927	2
66	2266	1
66	2424	2
66	2506	2
66	2612	1
66	2660	2
66	2722	2
66	2723	1
66	2875	2
66	3033	1
66	3034	1
66	3277	1
67	139	1
67	140	1
67	783	1
67	1748	1
67	1762	1
67	1765	1
67	1780	1
67	1782	1
67	1783	1
67	1787	1
67	1788	1
67	1834	1
67	1918	1
67	1947	1
67	1955	1
67	1956	1
67	1986	1
67	2693	1
67	2838	1
67	3295	1
67	3304	1
67	3308	1
67	3349	1
71	89	4
71	90	1
71	285	1
71	287	2
71	288	5
71	1011	1
71	1012	2
71	1084	1
71	1088	1
71	1912	4
71	2197	4
71	2198	1
71	2200	1
71	2209	1
71	2210	1
71	2213	2
71	2220	1
71	2467	1
71	2468	1
71	2469	2
71	2470	1
71	2476	5
71	2572	5
71	2653	1
71	2855	5
71	2856	2
71	2857	2
71	2858	1
71	2869	5
71	3040	3
71	3041	1
71	3042	1
71	3050	1
71	3158	3
71	3159	2
71	3161	3
71	3162	2
71	3192	1
71	3370	5
71	3371	1
71	3372	1
71	3382	1
71	3383	1
71	3384	1
71	3385	1
71	3402	1
71	3403	3
71	3404	1
71	3410	1
71	3530	3
71	3564	2
71	3609	1
71	3610	1
71	3611	1
71	3623	2
80	819	2
80	1162	2
80	1297	2
80	3091	2
84	92	1
84	1980	1
84	2017	1
84	2018	1
84	3187	1
84	3401	1
84	3470	1
84	3584	1
86	141	1
86	146	1
86	256	1
86	294	1
86	638	1
86	1984	1
86	2374	1
86	2450	1
86	2624	1
86	2659	1
86	2700	1
86	2715	1
86	2784	1
86	2853	1
86	2868	1
86	2891	1
86	2908	1
86	3051	1
86	3599	1
86	3621	1
87	1366	1
87	1367	1
87	1368	1
87	1376	1
87	1385	1
87	1386	1
87	1389	1
87	1900	1
87	2368	1
88	160	1
88	734	1
88	1266	1
88	1267	1
88	1340	1
88	1649	1
88	1657	1
88	1658	1
88	1659	1
88	1661	1
88	1662	1
88	1663	1
88	1664	1
88	1972	1
88	2201	1
88	2202	1
88	2300	1
88	2394	1
88	2811	1
88	2840	1
88	2941	1
88	3396	1
89	285	1
89	287	2
89	288	4
89	1011	1
89	1012	1
89	1084	1
89	1088	1
89	1912	3
89	2197	3
89	2198	1
89	2200	1
89	2210	1
89	2213	2
89	2220	1
89	2467	1
89	2468	1
89	2469	2
89	2476	4
89	2572	4
89	2653	1
89	2855	4
89	2856	2
89	2857	1
89	2858	1
89	2869	4
89	3040	3
89	3041	1
89	3050	1
89	3158	2
89	3159	2
89	3161	2
89	3162	2
89	3192	1
89	3370	4
89	3371	1
89	3372	1
89	3383	1
89	3384	1
89	3385	1
89	3402	1
89	3403	2
89	3404	1
89	3410	1
89	3530	2
89	3564	2
89	3609	1
89	3610	1
89	3623	1
90	288	1
90	1012	1
90	1912	1
90	2197	1
90	2209	1
90	2470	1
90	2476	1
90	2572	1
90	2855	1
90	2857	1
90	2869	1
90	3042	1
90	3158	1
90	3161	1
90	3370	1
90	3382	1
90	3403	1
90	3530	1
90	3611	1
90	3623	1
91	1733	1
91	1743	1
91	1761	1
91	1763	1
91	1764	1
91	1766	1
91	1768	1
91	1785	1
91	1954	1
91	2020	1
91	3181	1
91	3301	1
92	1980	1
92	2017	1
92	2018	1
92	3187	1
92	3401	1
92	3470	1
92	3584	1
132	346	1
132	967	1
132	1914	1
132	2884	1
132	2956	1
132	3283	1
132	3413	1
132	3415	1
135	338	1
135	1687	1
135	1688	1
135	1694	1
135	1696	1
135	1702	1
135	1703	1
135	1704	1
135	1718	1
135	1907	1
135	1946	1
135	2472	1
135	2696	1
135	2985	1
135	3275	1
137	148	2
137	223	2
137	339	1
137	1010	1
137	2363	2
137	2491	2
137	2827	1
137	2828	1
137	2843	2
137	2901	1
137	2904	1
137	2937	2
137	3267	1
137	3271	1
137	3391	1
137	3494	2
137	3600	1
137	3605	2
139	140	1
139	783	1
139	1748	1
139	1762	1
139	1765	1
139	1780	1
139	1782	1
139	1783	1
139	1787	1
139	1788	1
139	1834	1
139	1918	1
139	1947	1
139	1955	1
139	1956	1
139	1986	1
139	2693	1
139	2838	1
139	3295	1
139	3304	1
139	3308	1
139	3349	1
140	783	1
140	1748	1
140	1762	1
140	1765	1
140	1780	1
140	1782	1
140	1783	1
140	1787	1
140	1788	1
140	1834	1
140	1918	1
140	1947	1
140	1955	1
140	1956	1
140	1986	1
140	2693	1
140	2838	1
140	3295	1
140	3304	1
140	3308	1
140	3349	1
141	146	1
141	256	1
141	294	1
141	638	1
141	1984	1
141	2374	1
141	2450	1
141	2624	1
141	2659	1
141	2700	1
141	2715	1
141	2784	1
141	2853	1
141	2868	1
141	2891	1
141	2908	1
141	3051	1
141	3599	1
141	3621	1
142	508	1
142	511	1
142	640	1
142	735	1
142	740	1
142	992	1
142	993	1
142	1510	1
142	1801	1
142	1816	1
142	2033	1
142	2621	1
142	2943	1
142	3045	1
142	3278	1
142	3428	1
142	3431	1
142	3532	1
142	3533	1
142	3571	1
142	3572	1
142	3602	1
145	255	1
145	632	1
145	1247	1
145	1835	1
145	1982	1
145	2561	1
145	2852	1
145	2867	1
145	3272	1
145	3598	1
146	256	1
146	294	1
146	638	1
146	1984	1
146	2374	1
146	2450	1
146	2624	1
146	2659	1
146	2700	1
146	2715	1
146	2784	1
146	2853	1
146	2868	1
146	2891	1
146	2908	1
146	3051	1
146	3599	1
146	3621	1
148	223	2
148	2363	2
148	2491	2
148	2827	1
148	2828	1
148	2843	2
148	2937	2
148	3391	1
148	3494	2
148	3605	2
150	1990	1
150	1991	1
150	2193	1
150	2944	1
150	2974	1
150	2996	1
150	3165	1
160	734	1
160	1266	1
160	1267	1
160	1340	1
160	1649	1
160	1657	1
160	1658	1
160	1659	1
160	1661	1
160	1662	1
160	1663	1
160	1664	1
160	1972	1
160	2201	1
160	2202	1
160	2300	1
160	2394	1
160	2811	1
160	2840	1
160	2941	1
160	3396	1
170	1057	1
170	1312	1
170	1392	1
170	1456	1
170	1459	1
170	1460	1
170	1558	1
170	1826	1
170	1973	1
170	2444	1
170	2683	1
171	336	1
171	816	1
171	1346	1
171	1347	1
171	1567	1
171	1890	1
171	1909	1
171	2058	1
171	2919	1
171	2961	1
171	3248	1
171	3269	1
171	3293	1
171	3326	1
171	3594	1
175	926	1
175	929	1
175	981	1
175	982	1
175	1026	1
175	1031	1
175	1036	1
175	1260	1
175	1968	1
175	1994	1
175	2196	1
175	2219	1
175	2463	1
175	2695	1
175	2839	1
175	2845	1
175	2864	1
175	2905	1
175	3328	1
175	3360	1
188	548	1
188	643	1
188	687	1
188	729	1
188	932	1
188	1283	1
188	1404	1
188	1831	1
188	1921	1
188	2928	1
188	3129	1
189	642	1
189	931	1
189	1284	1
189	1405	1
189	1832	1
189	1922	1
189	2929	1
189	3130	1
189	3253	1
212	534	1
212	919	1
212	921	1
212	923	1
212	927	1
212	928	1
212	1033	1
212	1077	1
212	1245	1
212	1253	1
212	1263	1
212	1874	1
212	1880	1
212	1886	1
212	1888	1
212	1889	1
212	2023	1
212	2375	1
212	3369	1
212	3427	1
213	890	1
213	1028	1
213	1045	1
213	1074	1
213	1076	1
213	1079	1
213	1083	1
213	1089	1
213	1252	1
213	1325	1
213	1866	1
213	1867	1
213	1869	1
213	1871	1
213	1872	1
213	1885	1
213	2257	1
213	2397	1
213	2590	1
223	2363	2
223	2491	2
223	2827	1
223	2828	1
223	2843	2
223	2937	2
223	3391	1
223	3494	2
223	3605	2
229	245	1
229	342	1
229	345	1
229	1994	1
229	2000	1
229	2049	1
229	2227	1
229	2361	1
229	2395	1
229	2443	1
229	2447	1
229	2575	1
229	2661	1
229	2709	1
229	2742	1
229	2846	1
229	2932	1
229	3522	1
229	3614	1
232	977	1
232	1668	1
232	1927	1
232	2266	1
232	2424	1
232	2506	1
232	2660	1
232	2722	1
232	2875	1
232	3033	1
245	342	1
245	345	1
245	1994	1
245	2000	1
245	2049	1
245	2227	2
245	2361	1
245	2395	1
245	2443	1
245	2447	1
245	2575	1
245	2625	1
245	2661	1
245	2709	1
245	2742	1
245	2846	1
245	2932	1
245	3522	1
245	3614	1
246	1025	1
246	2214	1
246	2215	1
246	2216	1
246	2218	1
246	2227	1
246	2241	1
246	2242	1
246	2247	1
246	2249	1
246	2251	1
247	251	1
247	506	1
247	510	1
247	909	1
247	1213	1
247	2384	1
247	2594	1
247	2595	1
247	2667	1
247	2691	1
247	2692	1
247	3333	1
251	506	1
251	510	1
251	909	1
251	1213	1
251	2384	1
251	2594	1
251	2595	1
251	2667	1
251	2691	1
251	2692	1
251	3333	1
254	961	1
254	962	1
254	963	1
254	1364	1
254	1369	1
254	1370	1
254	1381	1
254	1387	1
254	1390	1
254	1957	1
254	2393	1
254	2850	1
255	632	1
255	1247	1
255	1835	1
255	1982	1
255	2561	1
255	2852	1
255	2867	1
255	3272	1
255	3598	1
256	294	1
256	638	1
256	1984	1
256	2374	1
256	2450	1
256	2624	1
256	2659	1
256	2700	1
256	2715	1
256	2784	1
256	2853	1
256	2868	1
256	2891	1
256	2908	1
256	3051	1
256	3599	1
256	3621	1
265	1818	2
265	2276	2
280	605	1
280	649	1
280	881	1
280	1341	1
280	1535	1
280	2222	1
280	2665	1
280	3148	1
284	515	1
284	1324	1
284	1421	1
284	1792	1
284	2427	1
284	3152	1
284	3327	1
284	3367	1
284	3607	1
285	288	1
285	1012	1
285	1912	1
285	2197	1
285	2213	1
285	2468	1
285	2476	1
285	2572	1
285	2855	1
285	2857	1
285	2869	1
285	3040	1
285	3158	1
285	3161	1
285	3370	1
285	3383	1
285	3403	1
285	3564	1
285	3610	1
286	288	1
286	291	1
286	292	1
286	302	1
286	1496	1
286	1497	1
286	1499	1
286	1500	1
286	2466	1
286	2474	1
286	2475	1
286	2654	1
286	2860	1
286	2870	1
286	2950	1
286	2954	1
286	3193	1
286	3406	1
287	288	2
287	1084	1
287	1088	1
287	1912	1
287	2197	2
287	2198	1
287	2200	1
287	2210	1
287	2213	1
287	2220	1
287	2469	2
287	2476	2
287	2572	2
287	2855	2
287	2856	2
287	2869	2
287	3040	2
287	3159	2
287	3162	2
287	3370	2
287	3371	1
287	3372	1
287	3384	1
287	3385	1
287	3402	1
287	3403	1
287	3410	1
287	3530	2
288	291	3
288	292	3
288	301	1
288	302	2
288	1011	1
288	1012	2
288	1084	1
288	1088	1
288	1492	1
288	1493	1
288	1494	2
288	1495	1
288	1496	1
288	1497	3
288	1499	2
288	1500	1
288	1912	4
288	2197	4
288	2198	1
288	2200	1
288	2209	1
288	2210	1
288	2213	2
288	2220	1
288	2466	1
288	2467	1
288	2468	1
288	2469	2
288	2470	1
288	2474	3
288	2475	3
288	2476	5
288	2572	5
288	2652	1
288	2653	1
288	2654	2
288	2855	5
288	2856	2
288	2857	2
288	2858	1
288	2860	3
288	2869	5
288	2870	3
288	2950	3
288	2954	3
288	3040	3
288	3041	1
288	3042	1
288	3050	1
288	3158	3
288	3159	2
288	3161	3
288	3162	2
288	3192	1
288	3193	3
288	3370	5
288	3371	1
288	3372	1
288	3382	1
288	3383	1
288	3384	1
288	3385	1
288	3402	1
288	3403	3
288	3404	1
288	3405	1
288	3406	2
288	3410	1
288	3530	3
288	3564	2
288	3609	1
288	3610	1
288	3611	1
288	3622	2
288	3623	2
289	340	1
289	922	1
289	924	1
289	979	1
289	980	1
289	1248	1
289	1824	1
289	1875	1
289	2391	1
289	2459	1
289	2462	1
289	2489	1
289	2889	1
289	3186	1
289	3392	1
289	3409	1
289	3574	1
289	3585	1
289	3617	1
290	2262	1
290	2264	1
290	2662	1
290	3264	1
290	3265	1
290	3266	1
290	3569	1
291	292	3
291	301	1
291	302	2
291	1492	1
291	1493	1
291	1494	2
291	1495	1
291	1496	1
291	1497	3
291	1499	2
291	1500	1
291	2466	1
291	2474	3
291	2475	3
291	2652	1
291	2654	2
291	2860	3
291	2870	3
291	2950	3
291	2954	3
291	3193	3
291	3405	1
291	3406	2
291	3622	2
292	301	1
292	302	2
292	1492	1
292	1493	1
292	1494	2
292	1495	1
292	1496	1
292	1497	3
292	1499	2
292	1500	1
292	2466	1
292	2474	3
292	2475	3
292	2652	1
292	2654	2
292	2860	3
292	2870	3
292	2950	3
292	2954	3
292	3193	3
292	3405	1
292	3406	2
292	3622	2
293	737	1
293	1477	1
293	1478	1
293	1479	1
293	1480	1
293	1483	1
293	1498	1
293	1508	1
293	1509	1
293	1511	1
293	1760	1
293	1820	1
293	1929	1
293	2651	1
293	3203	1
294	638	1
294	1984	1
294	2374	1
294	2450	1
294	2624	1
294	2659	1
294	2700	1
294	2715	1
294	2784	1
294	2853	1
294	2868	1
294	2891	1
294	2908	1
294	3051	1
294	3599	1
294	3621	1
298	2437	1
298	2640	1
298	2642	1
298	2650	1
298	2897	1
298	3313	1
299	741	1
299	1336	1
299	1401	1
299	2243	1
299	2502	1
299	2642	1
299	2872	1
299	2873	1
299	3191	1
299	3201	1
299	3204	1
299	3273	1
299	3354	1
299	3600	1
299	3603	1
300	966	1
300	978	1
300	1660	1
300	1862	1
300	1913	1
300	2885	1
300	3284	1
300	3414	1
300	3416	1
301	1493	1
301	1494	1
301	1497	1
301	1499	1
301	2474	1
301	2475	1
301	2654	1
301	2860	1
301	2870	1
301	2950	1
301	2954	1
301	3193	1
301	3406	1
301	3622	1
302	1492	1
302	1494	1
302	1495	1
302	1496	1
302	1497	2
302	1499	1
302	1500	1
302	2466	1
302	2474	2
302	2475	2
302	2652	1
302	2654	1
302	2860	2
302	2870	2
302	2950	2
302	2954	2
302	3193	2
302	3405	1
302	3406	1
302	3622	1
305	2305	1
305	2400	1
305	2699	1
305	3491	1
305	3582	1
305	3583	1
336	816	1
336	1346	1
336	1347	1
336	1567	1
336	1890	1
336	1909	1
336	2058	1
336	2919	1
336	2961	1
336	3248	1
336	3269	1
336	3293	1
336	3326	1
336	3594	1
338	1687	1
338	1688	1
338	1694	1
338	1696	1
338	1702	1
338	1703	1
338	1704	1
338	1718	1
338	1907	1
338	1946	1
338	2472	1
338	2696	1
338	2985	1
338	3275	1
339	1010	1
339	2901	1
339	2904	1
339	3267	1
339	3271	1
339	3600	1
340	922	1
340	924	1
340	979	1
340	980	1
340	1248	1
340	1824	1
340	1875	1
340	2391	1
340	2459	1
340	2462	1
340	2489	1
340	2889	1
340	3186	1
340	3392	1
340	3409	1
340	3574	1
340	3585	1
340	3617	1
342	345	1
342	1994	1
342	2000	1
342	2049	1
342	2227	1
342	2361	1
342	2395	1
342	2443	1
342	2447	1
342	2575	1
342	2661	1
342	2709	1
342	2742	1
342	2846	1
342	2932	1
342	3522	1
342	3614	1
344	462	1
344	626	2
344	933	3
344	994	3
344	1087	1
344	1241	1
344	1242	1
344	1250	3
344	1251	2
344	1254	1
344	1256	1
344	1331	1
344	1646	1
344	1800	1
344	1838	3
344	1851	3
344	1925	1
344	1958	3
344	2068	3
344	2195	2
344	2359	1
344	2829	3
344	3036	2
344	3290	2
344	3578	2
344	3579	1
345	1994	1
345	2000	1
345	2049	1
345	2227	1
345	2361	1
345	2395	1
345	2443	1
345	2447	1
345	2575	1
345	2661	1
345	2709	1
345	2742	1
345	2846	1
345	2932	1
345	3522	1
345	3614	1
346	967	1
346	1914	1
346	2884	1
346	2956	1
346	3283	1
346	3413	1
346	3415	1
350	906	1
350	908	1
350	1212	1
350	2383	1
350	2568	1
350	2604	1
350	3200	1
350	3332	1
350	3347	1
350	3361	1
353	2082	2
353	2542	2
353	2713	2
360	812	5
462	933	1
462	994	1
462	1250	1
462	1251	1
462	1254	1
462	1331	1
462	1800	1
462	1838	1
462	1851	1
462	1958	1
462	2068	1
462	2829	1
462	3036	1
462	3578	1
486	540	1
497	617	1
497	624	1
497	785	1
497	892	1
497	1636	1
497	1675	1
497	1679	1
506	510	1
506	909	1
506	1213	1
506	2384	1
506	2594	1
506	2595	1
506	2667	1
506	2691	1
506	2692	1
506	3333	1
508	511	1
508	640	1
508	735	1
508	740	1
508	992	1
508	993	1
508	1510	1
508	1801	1
508	1816	1
508	2033	1
508	2621	1
508	2943	1
508	3045	1
508	3278	1
508	3428	1
508	3431	1
508	3532	1
508	3533	1
508	3571	1
508	3572	1
508	3602	1
510	909	1
510	1213	1
510	2384	1
510	2594	1
510	2595	1
510	2667	1
510	2691	1
510	2692	1
510	3333	1
511	640	1
511	735	1
511	740	1
511	992	1
511	993	1
511	1510	1
511	1801	1
511	1816	1
511	2033	1
511	2621	1
511	2943	1
511	3045	1
511	3278	1
511	3428	1
511	3431	1
511	3532	1
511	3533	1
511	3571	1
511	3572	1
511	3602	1
515	1324	1
515	1421	1
515	1792	1
515	2427	1
515	3152	1
515	3327	1
515	3367	1
515	3607	1
534	919	1
534	921	1
534	923	1
534	927	1
534	928	1
534	1033	1
534	1077	1
534	1245	1
534	1253	1
534	1263	1
534	1874	1
534	1880	1
534	1886	1
534	1888	1
534	1889	1
534	2023	1
534	2375	1
534	3369	1
534	3427	1
540	1065	1
540	1238	2
540	1960	1
540	2227	1
540	2734	2
541	987	2
541	1380	2
541	2485	1
541	2501	1
541	2537	1
541	2601	1
541	2602	1
541	2977	1
541	3188	1
541	3341	1
541	3343	1
541	3344	1
548	643	1
548	687	1
548	729	1
548	932	1
548	1283	1
548	1404	1
548	1831	1
548	1921	1
548	2928	1
548	3129	1
569	1206	1
569	1208	2
569	2480	2
569	2734	1
581	1353	1
593	602	1
593	899	1
593	1118	1
593	1262	1
593	1314	1
593	1461	1
593	1463	1
593	1464	1
593	1732	1
593	2749	1
602	899	1
602	1118	1
602	1262	1
602	1314	1
602	1461	1
602	1463	1
602	1464	1
602	1732	1
602	2749	1
605	649	1
605	881	1
605	1341	1
605	1535	1
605	2222	1
605	2665	1
605	3148	1
613	634	1
613	1474	1
613	1490	1
613	2945	1
613	2946	1
613	2947	1
613	3287	1
617	624	1
617	785	1
617	892	1
617	1636	1
617	1675	1
617	1679	1
624	785	1
624	892	1
624	1636	1
624	1675	1
624	1679	1
626	933	2
626	994	2
626	1087	1
626	1241	1
626	1242	1
626	1250	2
626	1251	1
626	1256	1
626	1646	1
626	1838	2
626	1851	2
626	1925	1
626	1958	2
626	2068	2
626	2195	2
626	2359	1
626	2829	2
626	3036	1
626	3290	2
626	3578	1
626	3579	1
629	630	1
629	631	1
629	637	1
629	1085	1
629	1332	1
629	1338	1
629	1677	1
629	1924	1
629	2495	1
629	3262	1
630	631	1
630	637	1
630	1085	1
630	1332	1
630	1338	1
630	1677	1
630	1924	1
630	2495	1
630	3262	1
631	637	1
631	1085	1
631	1332	1
631	1338	1
631	1677	1
631	1924	1
631	2495	1
631	3262	1
632	1247	1
632	1835	1
632	1982	1
632	2561	1
632	2852	1
632	2867	1
632	3272	1
632	3598	1
634	1474	1
634	1490	1
634	2945	1
634	2946	1
634	2947	1
634	3287	1
637	1085	1
637	1332	1
637	1338	1
637	1677	1
637	1924	1
637	2495	1
637	3262	1
638	1984	1
638	2374	1
638	2450	1
638	2624	1
638	2659	1
638	2700	1
638	2715	1
638	2784	1
638	2853	1
638	2868	1
638	2891	1
638	2908	1
638	3051	1
638	3599	1
638	3621	1
640	735	1
640	740	1
640	992	1
640	993	1
640	1510	1
640	1801	1
640	1816	1
640	2033	1
640	2621	1
640	2943	1
640	3045	1
640	3278	1
640	3428	1
640	3431	1
640	3532	1
640	3533	1
640	3571	1
640	3572	1
640	3602	1
642	931	1
642	1284	1
642	1405	1
642	1832	1
642	1922	1
642	2929	1
642	3130	1
642	3253	1
643	687	1
643	729	1
643	932	1
643	1283	1
643	1404	1
643	1831	1
643	1921	1
643	2928	1
643	3129	1
649	881	1
649	1341	1
649	1535	1
649	2222	1
649	2665	1
649	3148	1
653	2663	2
653	3076	2
653	3085	2
658	693	2
658	719	3
658	731	1
658	3220	1
664	2232	2
664	2276	1
664	2289	1
664	2719	1
664	3079	3
666	719	1
666	731	1
666	2455	1
677	1229	1
677	1974	1
677	2108	1
677	2663	1
677	2938	1
677	2939	1
677	3077	1
677	3421	1
687	729	1
687	932	1
687	1283	1
687	1404	1
687	1831	1
687	1921	1
687	2928	1
687	3129	1
693	719	1
693	731	1
693	3220	1
719	731	3
719	3220	1
729	932	1
729	1283	1
729	1404	1
729	1831	1
729	1921	1
729	2928	1
729	3129	1
734	1266	1
734	1267	1
734	1340	1
734	1649	1
734	1657	1
734	1658	1
734	1659	1
734	1661	1
734	1662	1
734	1663	1
734	1664	1
734	1972	1
734	2201	1
734	2202	1
734	2300	1
734	2394	1
734	2811	1
734	2840	1
734	2941	1
734	3396	1
735	740	1
735	992	1
735	993	1
735	1510	1
735	1801	1
735	1816	1
735	2033	1
735	2621	1
735	2943	1
735	3045	1
735	3278	1
735	3428	1
735	3431	1
735	3532	1
735	3533	1
735	3571	1
735	3572	1
735	3602	1
737	1477	1
737	1478	1
737	1479	1
737	1480	1
737	1483	1
737	1498	1
737	1508	1
737	1509	1
737	1511	1
737	1760	1
737	1820	1
737	1929	1
737	2651	1
737	3203	1
740	992	1
740	993	1
740	1510	1
740	1801	1
740	1816	1
740	2033	1
740	2621	1
740	2943	1
740	3045	1
740	3278	1
740	3428	1
740	3431	1
740	3532	1
740	3533	1
740	3571	1
740	3572	1
740	3602	1
741	2243	1
741	2502	1
741	2642	1
741	2872	1
741	2873	1
741	3191	1
741	3201	1
741	3354	1
741	3603	1
748	2227	1
752	807	1
752	832	1
752	1027	1
752	1246	1
752	1264	1
752	1726	1
752	2048	1
752	2546	1
752	2576	1
752	2859	1
752	2883	1
752	3247	1
779	788	1
779	804	1
779	1737	1
779	1738	1
779	1739	1
779	1741	1
779	1742	1
779	1744	1
782	1342	1
782	1343	1
782	1344	1
782	2192	1
782	2255	1
782	2582	1
782	2900	1
782	2907	1
782	3612	1
783	1748	1
783	1762	1
783	1765	1
783	1780	1
783	1782	1
783	1783	1
783	1787	1
783	1788	1
783	1834	1
783	1918	1
783	1947	1
783	1955	1
783	1956	1
783	1986	1
783	2693	1
783	2838	1
783	3295	1
783	3304	1
783	3308	1
783	3349	1
785	892	1
785	1636	1
785	1675	1
785	1679	1
788	804	1
788	1737	1
788	1738	1
788	1739	1
788	1741	1
788	1742	1
788	1744	1
791	804	1
791	1230	1
791	1553	1
791	1857	1
791	1860	1
791	1881	1
791	2211	1
804	1230	1
804	1401	1
804	1462	1
804	1553	1
804	1737	1
804	1738	1
804	1739	1
804	1741	1
804	1742	1
804	1744	1
804	1857	1
804	1860	1
804	1881	1
804	2211	1
804	2650	1
805	905	1
805	1066	1
805	1354	1
805	1356	1
805	1359	1
805	1666	1
805	1908	1
805	2481	1
805	3318	1
807	832	1
807	1027	1
807	1246	1
807	1264	1
807	1726	1
807	2048	1
807	2546	1
807	2576	1
807	2859	1
807	2883	1
807	3247	1
816	1346	1
816	1347	1
816	1567	1
816	1890	1
816	1909	1
816	2058	1
816	2919	1
816	2961	1
816	3248	1
816	3269	1
816	3293	1
816	3326	1
816	3594	1
819	1162	2
819	1297	2
819	3091	2
832	1027	1
832	1246	1
832	1264	1
832	1726	1
832	2048	1
832	2546	1
832	2576	1
832	2859	1
832	2883	1
832	3247	1
836	998	2
836	1731	2
836	2558	2
839	1315	1
839	1352	1
839	1360	1
839	1361	1
839	1363	1
839	1398	1
839	1462	1
839	1778	1
839	2484	1
839	2822	1
839	2878	1
839	2886	1
840	1086	1
840	1226	1
840	1313	1
840	1549	1
840	1552	1
840	1682	1
840	3429	1
840	3430	1
881	1341	1
881	1535	1
881	2222	1
881	2665	1
881	3148	1
887	2003	5
889	1078	1
889	1080	1
889	1257	1
889	1864	1
889	1865	1
889	1868	1
889	1870	1
889	1884	1
889	2398	1
889	2589	1
890	1028	1
890	1045	1
890	1074	1
890	1076	1
890	1079	1
890	1083	1
890	1089	1
890	1252	1
890	1325	1
890	1866	1
890	1867	1
890	1869	1
890	1871	1
890	1872	1
890	1885	1
890	2257	1
890	2397	1
890	2590	1
892	1636	1
892	1675	1
892	1679	1
899	1118	1
899	1262	1
899	1314	1
899	1461	1
899	1463	1
899	1464	1
899	1732	1
899	2749	1
900	2124	1
902	1353	1
902	2445	1
902	3195	1
905	1066	1
905	1354	1
905	1356	1
905	1359	1
905	1666	1
905	1908	1
905	2481	1
905	3318	1
906	908	1
906	1212	1
906	2383	1
906	2568	1
906	2604	1
906	3200	1
906	3332	1
906	3347	1
906	3361	1
908	1212	1
908	2383	1
908	2568	1
908	2604	1
908	3200	1
908	3332	1
908	3347	1
908	3361	1
909	1213	1
909	2384	1
909	2594	1
909	2595	1
909	2667	1
909	2691	1
909	2692	1
909	3333	1
919	921	1
919	923	1
919	927	1
919	928	1
919	1033	1
919	1077	1
919	1245	1
919	1253	1
919	1263	1
919	1874	1
919	1880	1
919	1886	1
919	1888	1
919	1889	1
919	2023	1
919	2375	1
919	3369	1
919	3427	1
920	925	1
920	1258	1
920	1876	1
920	1878	1
920	1891	1
920	3291	1
921	923	1
921	927	1
921	928	1
921	1033	1
921	1077	1
921	1245	1
921	1253	1
921	1263	1
921	1874	1
921	1880	1
921	1886	1
921	1888	1
921	1889	1
921	2023	1
921	2375	1
921	3369	1
921	3427	1
922	924	2
922	979	2
922	980	2
922	1248	2
922	1824	2
922	1875	2
922	2391	1
922	2392	1
922	2418	1
922	2459	2
922	2462	2
922	2489	2
922	2641	1
922	2888	1
922	2889	1
922	2952	1
922	3186	2
922	3263	1
922	3392	2
922	3409	1
922	3574	1
922	3585	2
922	3616	1
922	3617	1
923	927	1
923	928	1
923	1033	1
923	1077	1
923	1245	1
923	1253	1
923	1263	1
923	1874	1
923	1880	1
923	1886	1
923	1888	1
923	1889	1
923	2023	1
923	2375	1
923	3369	1
923	3427	1
924	979	2
924	980	2
924	1248	2
924	1824	2
924	1875	2
924	2391	1
924	2392	1
924	2418	1
924	2459	2
924	2462	2
924	2489	2
924	2641	1
924	2888	1
924	2889	1
924	2952	1
924	3186	2
924	3263	1
924	3392	2
924	3409	1
924	3574	1
924	3585	2
924	3616	1
924	3617	1
925	1258	1
925	1876	1
925	1878	1
925	1891	1
925	3291	1
926	929	1
926	981	1
926	982	1
926	1026	1
926	1031	1
926	1036	1
926	1260	1
926	1968	1
926	1994	1
926	2196	1
926	2219	1
926	2463	1
926	2695	1
926	2839	1
926	2845	1
926	2864	1
926	2905	1
926	3328	1
926	3360	1
927	928	1
927	1033	1
927	1077	1
927	1245	1
927	1253	1
927	1263	1
927	1874	1
927	1880	1
927	1886	1
927	1888	1
927	1889	1
927	2023	1
927	2375	1
927	3369	1
927	3427	1
928	1033	1
928	1077	1
928	1245	1
928	1253	1
928	1263	1
928	1874	1
928	1880	1
928	1886	1
928	1888	1
928	1889	1
928	2023	1
928	2375	1
928	3369	1
928	3427	1
929	981	1
929	982	1
929	1026	1
929	1031	1
929	1036	1
929	1260	1
929	1968	1
929	1994	1
929	2196	1
929	2219	1
929	2463	1
929	2695	1
929	2839	1
929	2845	1
929	2864	1
929	2905	1
929	3328	1
929	3360	1
931	1284	1
931	1405	1
931	1832	1
931	1922	1
931	2929	1
931	3130	1
931	3253	1
932	1283	1
932	1404	1
932	1831	1
932	1921	1
932	2928	1
932	3129	1
933	994	3
933	1087	1
933	1241	1
933	1242	1
933	1250	3
933	1251	2
933	1254	1
933	1256	1
933	1331	1
933	1646	1
933	1800	1
933	1838	3
933	1851	3
933	1925	1
933	1958	3
933	2068	3
933	2195	2
933	2359	1
933	2829	3
933	3036	2
933	3290	2
933	3578	2
933	3579	1
934	1395	1
934	1689	1
934	1690	1
934	1693	1
934	1695	1
934	1698	1
934	1699	1
934	1700	1
934	1701	1
934	1708	1
934	1712	1
934	1716	1
934	2882	1
961	962	1
961	963	1
961	1364	1
961	1369	1
961	1370	1
961	1381	1
961	1387	1
961	1390	1
961	1957	1
961	2393	1
961	2850	1
962	963	1
962	1364	1
962	1369	1
962	1370	1
962	1381	1
962	1387	1
962	1390	1
962	1957	1
962	2393	1
962	2850	1
963	1364	1
963	1369	1
963	1370	1
963	1381	1
963	1387	1
963	1390	1
963	1957	1
963	2393	1
963	2850	1
965	1261	1
965	1471	1
965	1796	1
965	1863	1
965	3285	1
965	3412	1
965	3597	1
966	978	1
966	1660	1
966	1862	1
966	1913	1
966	2885	1
966	3284	1
966	3414	1
966	3416	1
967	1914	1
967	2884	1
967	2956	1
967	3283	1
967	3413	1
967	3415	1
977	1668	1
977	1927	2
977	2266	1
977	2424	2
977	2506	2
977	2612	1
977	2660	2
977	2722	2
977	2723	1
977	2875	2
977	3033	1
977	3034	1
977	3277	1
978	1660	1
978	1862	1
978	1913	1
978	2885	1
978	3284	1
978	3414	1
978	3416	1
979	980	2
979	1248	2
979	1824	2
979	1875	2
979	2391	1
979	2392	1
979	2418	1
979	2459	2
979	2462	2
979	2489	2
979	2641	1
979	2888	1
979	2889	1
979	2952	1
979	3186	2
979	3263	1
979	3392	2
979	3409	1
979	3574	1
979	3585	2
979	3616	1
979	3617	1
980	1248	2
980	1824	2
980	1875	2
980	2391	1
980	2392	1
980	2418	1
980	2459	2
980	2462	2
980	2489	2
980	2641	1
980	2888	1
980	2889	1
980	2952	1
980	3186	2
980	3263	1
980	3392	2
980	3409	1
980	3574	1
980	3585	2
980	3616	1
980	3617	1
981	982	1
981	1026	1
981	1031	1
981	1036	1
981	1260	1
981	1968	1
981	1994	1
981	2196	1
981	2219	1
981	2463	1
981	2695	1
981	2839	1
981	2845	1
981	2864	1
981	2905	1
981	3328	1
981	3360	1
982	1026	1
982	1031	1
982	1036	1
982	1260	1
982	1968	1
982	1994	1
982	2196	1
982	2219	1
982	2463	1
982	2695	1
982	2839	1
982	2845	1
982	2864	1
982	2905	1
982	3328	1
982	3360	1
986	1960	1
986	2511	1
987	1380	2
987	2601	1
987	2602	1
987	3188	1
987	3341	1
987	3344	1
992	993	1
992	1510	1
992	1801	1
992	1816	1
992	2033	1
992	2621	1
992	2943	1
992	3045	1
992	3278	1
992	3428	1
992	3431	1
992	3532	1
992	3533	1
992	3571	1
992	3572	1
992	3602	1
993	1510	1
993	1801	1
993	1816	1
993	2033	1
993	2621	1
993	2943	1
993	3045	1
993	3278	1
993	3428	1
993	3431	1
993	3532	1
993	3533	1
993	3571	1
993	3572	1
993	3602	1
994	1087	1
994	1241	1
994	1242	1
994	1250	3
994	1251	2
994	1254	1
994	1256	1
994	1331	1
994	1646	1
994	1800	1
994	1838	3
994	1851	3
994	1925	1
994	1958	3
994	2068	3
994	2195	2
994	2359	1
994	2829	3
994	3036	2
994	3290	2
994	3578	2
994	3579	1
998	1731	3
998	2558	3
1010	2901	1
1010	2904	1
1010	3267	1
1010	3271	1
1010	3600	1
1011	1912	1
1011	2467	1
1011	2476	1
1011	2572	1
1011	2653	1
1011	2855	1
1011	2858	1
1011	2869	1
1011	3041	1
1011	3050	1
1011	3158	1
1011	3161	1
1011	3192	1
1011	3370	1
1011	3404	1
1011	3564	1
1011	3609	1
1011	3623	1
1012	1912	2
1012	2197	2
1012	2209	1
1012	2213	1
1012	2468	1
1012	2470	1
1012	2476	2
1012	2572	2
1012	2855	2
1012	2857	2
1012	2869	2
1012	3040	1
1012	3042	1
1012	3158	2
1012	3161	2
1012	3370	2
1012	3382	1
1012	3383	1
1012	3403	2
1012	3530	1
1012	3564	1
1012	3610	1
1012	3611	1
1012	3623	1
1025	2214	1
1025	2215	1
1025	2216	1
1025	2218	1
1025	2227	1
1025	2241	1
1025	2242	1
1025	2247	1
1025	2249	1
1025	2251	1
1026	1031	1
1026	1036	1
1026	1260	1
1026	1968	1
1026	1994	1
1026	2196	1
1026	2219	1
1026	2463	1
1026	2695	1
1026	2839	1
1026	2845	1
1026	2864	1
1026	2905	1
1026	3328	1
1026	3360	1
1027	1246	1
1027	1264	1
1027	1726	1
1027	2048	1
1027	2546	1
1027	2576	1
1027	2859	1
1027	2883	1
1027	3247	1
1028	1045	1
1028	1074	1
1028	1076	1
1028	1079	1
1028	1083	1
1028	1089	1
1028	1252	1
1028	1325	1
1028	1866	1
1028	1867	1
1028	1869	1
1028	1871	1
1028	1872	1
1028	1885	1
1028	2257	1
1028	2397	1
1028	2590	1
1031	1036	1
1031	1260	1
1031	1968	1
1031	1994	1
1031	2196	1
1031	2219	1
1031	2463	1
1031	2695	1
1031	2839	1
1031	2845	1
1031	2864	1
1031	2905	1
1031	3328	1
1031	3360	1
1033	1077	1
1033	1245	1
1033	1253	1
1033	1263	1
1033	1874	1
1033	1880	1
1033	1886	1
1033	1888	1
1033	1889	1
1033	2023	1
1033	2375	1
1033	3369	1
1033	3427	1
1036	1260	1
1036	1968	1
1036	1994	1
1036	2196	1
1036	2219	1
1036	2463	1
1036	2695	1
1036	2839	1
1036	2845	1
1036	2864	1
1036	2905	1
1036	3328	1
1036	3360	1
1045	1074	1
1045	1076	1
1045	1079	1
1045	1083	1
1045	1089	1
1045	1252	1
1045	1325	1
1045	1866	1
1045	1867	1
1045	1869	1
1045	1871	1
1045	1872	1
1045	1885	1
1045	2257	1
1045	2397	1
1045	2590	1
1057	1312	1
1057	1392	1
1057	1456	1
1057	1459	1
1057	1460	1
1057	1558	1
1057	1826	1
1057	1973	1
1057	2444	1
1057	2683	1
1065	1960	1
1066	1354	1
1066	1356	1
1066	1359	1
1066	1666	1
1066	1908	1
1066	2481	1
1066	3318	1
1074	1076	1
1074	1079	1
1074	1083	1
1074	1089	1
1074	1252	1
1074	1325	1
1074	1866	1
1074	1867	1
1074	1869	1
1074	1871	1
1074	1872	1
1074	1885	1
1074	2257	1
1074	2397	1
1074	2590	1
1076	1079	1
1076	1083	1
1076	1089	1
1076	1252	1
1076	1325	1
1076	1866	1
1076	1867	1
1076	1869	1
1076	1871	1
1076	1872	1
1076	1885	1
1076	2257	1
1076	2397	1
1076	2590	1
1077	1245	1
1077	1253	1
1077	1263	1
1077	1874	1
1077	1880	1
1077	1886	1
1077	1888	1
1077	1889	1
1077	2023	1
1077	2375	1
1077	3369	1
1077	3427	1
1078	1080	1
1078	1257	1
1078	1864	1
1078	1865	1
1078	1868	1
1078	1870	1
1078	1884	1
1078	2398	1
1078	2589	1
1079	1083	1
1079	1089	1
1079	1252	1
1079	1325	1
1079	1866	1
1079	1867	1
1079	1869	1
1079	1871	1
1079	1872	1
1079	1885	1
1079	2257	1
1079	2397	1
1079	2590	1
1080	1257	1
1080	1864	1
1080	1865	1
1080	1868	1
1080	1870	1
1080	1884	1
1080	2398	1
1080	2589	1
1083	1089	1
1083	1252	1
1083	1325	1
1083	1866	1
1083	1867	1
1083	1869	1
1083	1871	1
1083	1872	1
1083	1885	1
1083	2257	1
1083	2397	1
1083	2590	1
1084	1088	1
1084	2197	1
1084	2198	1
1084	2200	1
1084	2210	1
1084	2469	1
1084	2476	1
1084	2572	1
1084	2855	1
1084	2856	1
1084	2869	1
1084	3040	1
1084	3159	1
1084	3162	1
1084	3370	1
1084	3372	1
1084	3385	1
1084	3402	1
1084	3530	1
1085	1332	1
1085	1338	1
1085	1677	1
1085	1924	1
1085	2495	1
1085	3262	1
1086	1226	1
1086	1313	1
1086	1549	1
1086	1552	1
1086	1682	1
1086	3429	1
1086	3430	1
1087	1241	1
1087	1250	1
1087	1256	1
1087	1646	1
1087	1838	1
1087	1851	1
1087	1925	1
1087	1958	1
1087	2068	1
1087	2195	1
1087	2359	1
1087	2829	1
1087	3290	1
1087	3579	1
1088	2197	1
1088	2198	1
1088	2200	1
1088	2210	1
1088	2469	1
1088	2476	1
1088	2572	1
1088	2855	1
1088	2856	1
1088	2869	1
1088	3040	1
1088	3159	1
1088	3162	1
1088	3370	1
1088	3372	1
1088	3385	1
1088	3402	1
1088	3530	1
1089	1252	1
1089	1325	1
1089	1866	1
1089	1867	1
1089	1869	1
1089	1871	1
1089	1872	1
1089	1885	1
1089	2257	1
1089	2397	1
1089	2590	1
1106	1111	2
1106	1112	2
1106	2066	2
1111	1112	2
1111	2066	2
1112	2066	2
1118	1262	1
1118	1314	1
1118	1461	1
1118	1463	1
1118	1464	1
1118	1732	1
1118	2749	1
1162	1297	2
1162	3091	3
1174	1179	2
1174	1181	3
1179	1181	2
1200	1815	2
1200	2573	3
1200	3251	1
1206	2480	1
1208	2480	2
1208	2734	1
1212	2383	2
1212	2568	1
1212	2604	1
1212	3200	1
1212	3332	1
1212	3347	1
1212	3361	2
1213	2384	1
1213	2594	1
1213	2595	1
1213	2667	1
1213	2691	1
1213	2692	1
1213	3333	1
1216	2225	4
1226	1313	1
1226	1549	1
1226	1552	1
1226	1682	1
1226	3429	1
1226	3430	1
1229	1974	1
1229	2108	1
1229	2663	1
1229	2938	1
1229	2939	1
1229	3077	1
1229	3421	1
1230	1553	1
1230	1857	1
1230	1860	1
1230	1881	1
1230	2211	1
1230	2227	1
1238	2227	1
1241	1250	1
1241	1256	1
1241	1646	1
1241	1838	1
1241	1851	1
1241	1925	1
1241	1958	1
1241	2068	1
1241	2195	1
1241	2359	1
1241	2829	1
1241	3290	1
1241	3579	1
1242	1250	1
1242	1251	1
1242	1838	1
1242	1851	1
1242	1958	1
1242	2068	1
1242	2195	1
1242	2829	1
1242	3036	1
1242	3290	1
1242	3578	1
1245	1253	1
1245	1263	1
1245	1874	1
1245	1880	1
1245	1886	1
1245	1888	1
1245	1889	1
1245	2023	1
1245	2375	1
1245	3369	1
1245	3427	1
1246	1264	1
1246	1726	1
1246	2048	1
1246	2546	1
1246	2576	1
1246	2859	1
1246	2883	1
1246	3247	1
1247	1835	1
1247	1982	1
1247	2561	1
1247	2852	1
1247	2867	1
1247	3272	1
1247	3598	1
1248	1824	2
1248	1875	2
1248	2391	1
1248	2392	1
1248	2418	1
1248	2459	2
1248	2462	2
1248	2489	2
1248	2641	1
1248	2888	1
1248	2889	1
1248	2952	1
1248	3186	2
1248	3263	1
1248	3392	2
1248	3409	1
1248	3574	1
1248	3585	2
1248	3616	1
1248	3617	1
1250	1251	2
1250	1254	1
1250	1256	1
1250	1331	1
1250	1646	1
1250	1800	1
1250	1838	3
1250	1851	3
1250	1925	1
1250	1958	3
1250	2068	3
1250	2195	2
1250	2359	1
1250	2829	3
1250	3036	2
1250	3290	2
1250	3578	2
1250	3579	1
1251	1254	1
1251	1331	1
1251	1800	1
1251	1838	2
1251	1851	2
1251	1958	2
1251	2068	2
1251	2195	1
1251	2829	2
1251	3036	2
1251	3290	1
1251	3578	2
1252	1325	1
1252	1866	1
1252	1867	1
1252	1869	1
1252	1871	1
1252	1872	1
1252	1885	1
1252	2257	1
1252	2397	1
1252	2590	1
1253	1263	1
1253	1874	1
1253	1880	1
1253	1886	1
1253	1888	1
1253	1889	1
1253	2023	1
1253	2375	1
1253	3369	1
1253	3427	1
1254	1331	1
1254	1800	1
1254	1838	1
1254	1851	1
1254	1958	1
1254	2068	1
1254	2829	1
1254	3036	1
1254	3578	1
1255	1570	1
1255	1734	1
1255	1747	1
1255	1823	1
1255	1877	1
1255	1904	1
1255	1906	1
1255	2458	1
1255	2890	1
1255	3306	1
1256	1646	1
1256	1838	1
1256	1851	1
1256	1925	1
1256	1958	1
1256	2068	1
1256	2195	1
1256	2359	1
1256	2829	1
1256	3290	1
1256	3579	1
1257	1864	1
1257	1865	1
1257	1868	1
1257	1870	1
1257	1884	1
1257	2398	1
1257	2589	1
1258	1876	1
1258	1878	1
1258	1891	1
1258	3291	1
1259	2001	1
1259	2471	1
1259	2626	1
1259	2724	1
1259	2912	1
1260	1968	1
1260	1994	1
1260	2196	1
1260	2219	1
1260	2463	1
1260	2695	1
1260	2839	1
1260	2845	1
1260	2864	1
1260	2905	1
1260	3328	1
1260	3360	1
1261	1471	1
1261	1796	1
1261	1863	1
1261	3285	1
1261	3412	1
1261	3597	1
1262	1314	1
1262	1461	1
1262	1463	1
1262	1464	1
1262	1732	1
1262	2749	1
1263	1874	1
1263	1880	1
1263	1886	1
1263	1888	1
1263	1889	1
1263	2023	1
1263	2375	1
1263	3369	1
1263	3427	1
1264	1726	1
1264	2048	1
1264	2546	1
1264	2576	1
1264	2859	1
1264	2883	1
1264	3247	1
1266	1267	1
1266	1340	1
1266	1649	1
1266	1657	1
1266	1658	1
1266	1659	1
1266	1661	1
1266	1662	1
1266	1663	1
1266	1664	1
1266	1972	1
1266	2201	1
1266	2202	1
1266	2300	1
1266	2394	1
1266	2811	1
1266	2840	1
1266	2941	1
1266	3396	1
1267	1340	1
1267	1649	1
1267	1657	1
1267	1658	1
1267	1659	1
1267	1661	1
1267	1662	1
1267	1663	1
1267	1664	1
1267	1972	1
1267	2201	1
1267	2202	1
1267	2300	1
1267	2394	1
1267	2811	1
1267	2840	1
1267	2941	1
1267	3396	1
1283	1404	1
1283	1831	1
1283	1921	1
1283	2928	1
1283	3129	1
1284	1405	1
1284	1832	1
1284	1922	1
1284	2929	1
1284	3130	1
1284	3253	1
1297	3091	2
1312	1392	1
1312	1456	1
1312	1459	1
1312	1460	1
1312	1558	1
1312	1826	1
1312	1973	1
1312	2444	1
1312	2683	1
1313	1549	1
1313	1552	1
1313	1682	1
1313	3429	1
1313	3430	1
1314	1461	1
1314	1463	1
1314	1464	1
1314	1732	1
1314	2749	1
1315	1352	1
1315	1360	1
1315	1361	1
1315	1363	1
1315	1398	1
1315	1462	1
1315	1778	1
1315	2484	1
1315	2822	1
1315	2878	1
1315	2886	1
1324	1421	1
1324	1792	1
1324	2427	1
1324	3152	1
1324	3327	1
1324	3367	1
1324	3607	1
1325	1866	1
1325	1867	1
1325	1869	1
1325	1871	1
1325	1872	1
1325	1885	1
1325	2257	1
1325	2397	1
1325	2590	1
1331	1800	1
1331	1838	1
1331	1851	1
1331	1958	1
1331	2068	1
1331	2829	1
1331	3036	1
1331	3578	1
1332	1338	1
1332	1677	1
1332	1924	1
1332	2495	1
1332	3262	1
1336	1401	1
1336	3204	1
1336	3273	1
1336	3600	1
1338	1677	1
1338	1924	1
1338	2495	1
1338	3262	1
1340	1649	1
1340	1657	1
1340	1658	1
1340	1659	1
1340	1661	1
1340	1662	1
1340	1663	1
1340	1664	1
1340	1972	1
1340	2201	1
1340	2202	1
1340	2300	1
1340	2394	1
1340	2811	1
1340	2840	1
1340	2941	1
1340	3396	1
1341	1535	1
1341	2222	1
1341	2665	1
1341	3148	1
1342	1343	1
1342	1344	1
1342	2192	1
1342	2255	1
1342	2582	1
1342	2900	1
1342	2907	1
1342	3612	1
1343	1344	1
1343	2192	1
1343	2255	1
1343	2582	1
1343	2900	1
1343	2907	1
1343	3612	1
1344	2192	1
1344	2255	1
1344	2582	1
1344	2900	1
1344	2907	1
1344	3612	1
1346	1347	1
1346	1567	1
1346	1890	1
1346	1909	1
1346	2058	1
1346	2919	1
1346	2961	1
1346	3248	1
1346	3269	1
1346	3293	1
1346	3326	1
1346	3594	1
1347	1567	1
1347	1890	1
1347	1909	1
1347	2058	1
1347	2919	1
1347	2961	1
1347	3248	1
1347	3269	1
1347	3293	1
1347	3326	1
1347	3594	1
1352	1360	1
1352	1361	1
1352	1363	1
1352	1398	1
1352	1462	1
1352	1778	1
1352	2484	1
1352	2822	1
1352	2878	1
1352	2886	1
1353	1462	1
1354	1356	1
1354	1359	1
1354	1666	1
1354	1908	1
1354	2481	1
1354	3318	1
1356	1359	1
1356	1666	1
1356	1908	1
1356	2481	1
1356	3318	1
1359	1666	1
1359	1908	1
1359	2481	1
1359	3318	1
1360	1361	1
1360	1363	1
1360	1398	1
1360	1462	1
1360	1778	1
1360	2484	1
1360	2822	1
1360	2878	1
1360	2886	1
1361	1363	1
1361	1398	1
1361	1462	1
1361	1778	1
1361	2484	1
1361	2822	1
1361	2878	1
1361	2886	1
1363	1398	1
1363	1462	1
1363	1778	1
1363	2484	1
1363	2822	1
1363	2878	1
1363	2886	1
1364	1369	1
1364	1370	1
1364	1381	1
1364	1387	1
1364	1390	1
1364	1957	1
1364	2393	1
1364	2850	1
1366	1367	1
1366	1368	1
1366	1376	1
1366	1385	1
1366	1386	1
1366	1389	1
1366	1900	1
1366	2368	1
1367	1368	1
1367	1376	1
1367	1385	1
1367	1386	1
1367	1389	1
1367	1900	1
1367	2368	1
1368	1376	1
1368	1385	1
1368	1386	1
1368	1389	1
1368	1900	1
1368	2368	1
1369	1370	1
1369	1381	1
1369	1387	1
1369	1390	1
1369	1957	1
1369	2393	1
1369	2850	1
1370	1381	1
1370	1387	1
1370	1390	1
1370	1957	1
1370	2393	1
1370	2850	1
1376	1385	1
1376	1386	1
1376	1389	1
1376	1900	1
1376	2368	1
1380	2514	1
1380	2518	1
1380	2601	1
1380	2602	1
1380	3019	1
1380	3188	1
1380	3340	1
1380	3341	1
1380	3344	1
1381	1387	1
1381	1390	1
1381	1957	1
1381	2393	1
1381	2850	1
1385	1386	1
1385	1389	1
1385	1900	1
1385	2368	1
1386	1389	1
1386	1900	1
1386	2368	1
1387	1390	1
1387	1957	1
1387	2393	1
1387	2850	1
1389	1900	1
1389	2368	1
1390	1957	1
1390	2393	1
1390	2850	1
1392	1456	1
1392	1459	1
1392	1460	1
1392	1558	1
1392	1826	1
1392	1973	1
1392	2444	1
1392	2683	1
1395	1689	1
1395	1690	1
1395	1693	1
1395	1695	1
1395	1698	1
1395	1699	1
1395	1700	1
1395	1701	1
1395	1708	1
1395	1712	1
1395	1716	1
1395	2882	1
1398	1462	1
1398	1778	1
1398	2484	1
1398	2822	1
1398	2878	1
1398	2886	1
1401	3204	1
1401	3273	1
1401	3600	1
1404	1831	1
1404	1921	1
1404	2928	1
1404	3129	1
1405	1832	1
1405	1922	1
1405	2929	1
1405	3130	1
1405	3253	1
1421	1792	1
1421	2427	1
1421	3152	1
1421	3327	1
1421	3367	1
1421	3607	1
1449	2844	1
1449	3180	1
1456	1459	1
1456	1460	1
1456	1558	1
1456	1826	1
1456	1973	1
1456	2444	1
1456	2683	1
1459	1460	1
1459	1558	1
1459	1826	1
1459	1973	1
1459	2444	1
1459	2683	1
1460	1558	1
1460	1826	1
1460	1973	1
1460	2444	1
1460	2683	1
1461	1463	1
1461	1464	1
1461	1732	1
1461	2749	1
1462	1778	1
1462	2484	1
1462	2822	1
1462	2878	1
1462	2886	1
1463	1464	1
1463	1732	1
1463	2749	1
1464	1732	1
1464	2749	1
1471	1796	1
1471	1863	1
1471	3285	1
1471	3412	1
1471	3597	1
1474	1490	1
1474	2945	1
1474	2946	1
1474	2947	1
1474	3287	1
1477	1478	1
1477	1479	1
1477	1480	1
1477	1483	1
1477	1498	1
1477	1508	1
1477	1509	1
1477	1511	1
1477	1760	1
1477	1820	1
1477	1929	1
1477	2651	1
1477	3203	1
1478	1479	1
1478	1480	1
1478	1483	1
1478	1498	1
1478	1508	1
1478	1509	1
1478	1511	1
1478	1760	1
1478	1820	1
1478	1929	1
1478	2651	1
1478	3203	1
1479	1480	1
1479	1483	1
1479	1498	1
1479	1508	1
1479	1509	1
1479	1511	1
1479	1760	1
1479	1820	1
1479	1929	1
1479	2651	1
1479	3203	1
1480	1483	1
1480	1498	1
1480	1508	1
1480	1509	1
1480	1511	1
1480	1760	1
1480	1820	1
1480	1929	1
1480	2651	1
1480	3203	1
1483	1498	1
1483	1508	1
1483	1509	1
1483	1511	1
1483	1760	1
1483	1820	1
1483	1929	1
1483	2651	1
1483	3203	1
1490	2945	1
1490	2946	1
1490	2947	1
1490	3287	1
1492	1494	1
1492	1495	1
1492	1497	1
1492	2474	1
1492	2475	1
1492	2652	1
1492	2860	1
1492	2870	1
1492	2950	1
1492	2954	1
1492	3193	1
1492	3405	1
1492	3622	1
1493	1494	1
1493	1497	1
1493	1499	1
1493	2474	1
1493	2475	1
1493	2654	1
1493	2860	1
1493	2870	1
1493	2950	1
1493	2954	1
1493	3193	1
1493	3406	1
1493	3622	1
1494	1495	1
1494	1497	2
1494	1499	1
1494	2474	2
1494	2475	2
1494	2652	1
1494	2654	1
1494	2860	2
1494	2870	2
1494	2950	2
1494	2954	2
1494	3193	2
1494	3405	1
1494	3406	1
1494	3622	2
1495	1497	1
1495	2474	1
1495	2475	1
1495	2652	1
1495	2860	1
1495	2870	1
1495	2950	1
1495	2954	1
1495	3193	1
1495	3405	1
1495	3622	1
1496	1497	1
1496	1499	1
1496	1500	1
1496	2466	1
1496	2474	1
1496	2475	1
1496	2654	1
1496	2860	1
1496	2870	1
1496	2950	1
1496	2954	1
1496	3193	1
1496	3406	1
1497	1499	2
1497	1500	1
1497	2466	1
1497	2474	3
1497	2475	3
1497	2652	1
1497	2654	2
1497	2860	3
1497	2870	3
1497	2950	3
1497	2954	3
1497	3193	3
1497	3405	1
1497	3406	2
1497	3622	2
1498	1508	1
1498	1509	1
1498	1511	1
1498	1760	1
1498	1820	1
1498	1929	1
1498	2651	1
1498	3203	1
1499	1500	1
1499	2466	1
1499	2474	2
1499	2475	2
1499	2654	2
1499	2860	2
1499	2870	2
1499	2950	2
1499	2954	2
1499	3193	2
1499	3406	2
1499	3622	1
1500	2466	1
1500	2474	1
1500	2475	1
1500	2654	1
1500	2860	1
1500	2870	1
1500	2950	1
1500	2954	1
1500	3193	1
1500	3406	1
1508	1509	1
1508	1511	1
1508	1760	1
1508	1820	1
1508	1929	1
1508	2651	1
1508	3203	1
1509	1511	1
1509	1760	1
1509	1820	1
1509	1929	1
1509	2651	1
1509	3203	1
1510	1801	1
1510	1816	1
1510	2033	1
1510	2621	1
1510	2943	1
1510	3045	1
1510	3278	1
1510	3428	1
1510	3431	1
1510	3532	1
1510	3533	1
1510	3571	1
1510	3572	1
1510	3602	1
1511	1760	1
1511	1820	1
1511	1929	1
1511	2651	1
1511	3203	1
1518	3066	2
1518	3175	2
1535	2222	1
1535	2665	1
1535	3148	1
1549	1552	1
1549	1682	1
1549	2227	2
1549	3356	1
1549	3429	1
1549	3430	1
1552	1682	1
1552	3429	1
1552	3430	1
1553	1857	1
1553	1860	1
1553	1881	1
1553	2211	1
1558	1826	1
1558	1973	1
1558	2444	1
1558	2683	1
1567	1890	1
1567	1909	1
1567	2058	1
1567	2919	1
1567	2961	1
1567	3248	1
1567	3269	1
1567	3293	1
1567	3326	1
1567	3594	1
1570	1734	1
1570	1747	1
1570	1823	1
1570	1877	1
1570	1904	1
1570	1906	1
1570	2458	1
1570	2890	1
1570	3306	1
1595	2698	1
1595	2752	1
1636	1675	1
1636	1679	1
1640	2580	1
1640	2584	1
1640	2812	1
1640	2816	1
1640	2819	1
1640	2824	1
1640	3325	1
1646	1838	1
1646	1851	1
1646	1925	1
1646	1958	1
1646	2068	1
1646	2195	1
1646	2359	1
1646	2829	1
1646	3290	1
1646	3579	1
1649	1657	1
1649	1658	1
1649	1659	1
1649	1661	1
1649	1662	1
1649	1663	1
1649	1664	1
1649	1972	1
1649	2201	1
1649	2202	1
1649	2300	1
1649	2394	1
1649	2811	1
1649	2840	1
1649	2941	1
1649	3396	1
1657	1658	1
1657	1659	1
1657	1661	1
1657	1662	1
1657	1663	1
1657	1664	1
1657	1972	1
1657	2201	1
1657	2202	1
1657	2300	1
1657	2394	1
1657	2811	1
1657	2840	1
1657	2941	1
1657	3396	1
1658	1659	1
1658	1661	1
1658	1662	1
1658	1663	1
1658	1664	1
1658	1972	1
1658	2201	1
1658	2202	1
1658	2300	1
1658	2394	1
1658	2811	1
1658	2840	1
1658	2941	1
1658	3396	1
1659	1661	1
1659	1662	1
1659	1663	1
1659	1664	1
1659	1972	1
1659	2201	1
1659	2202	1
1659	2300	1
1659	2394	1
1659	2811	1
1659	2840	1
1659	2941	1
1659	3396	1
1660	1862	1
1660	1913	1
1660	2885	1
1660	3284	1
1660	3414	1
1660	3416	1
1661	1662	1
1661	1663	1
1661	1664	1
1661	1972	1
1661	2201	1
1661	2202	1
1661	2300	1
1661	2394	1
1661	2811	1
1661	2840	1
1661	2941	1
1661	3396	1
1662	1663	1
1662	1664	1
1662	1972	1
1662	2201	1
1662	2202	1
1662	2300	1
1662	2394	1
1662	2811	1
1662	2840	1
1662	2941	1
1662	3396	1
1663	1664	1
1663	1972	1
1663	2201	1
1663	2202	1
1663	2300	1
1663	2394	1
1663	2811	1
1663	2840	1
1663	2941	1
1663	3396	1
1664	1972	1
1664	2201	1
1664	2202	1
1664	2300	1
1664	2394	1
1664	2811	1
1664	2840	1
1664	2941	1
1664	3396	1
1666	1908	1
1666	2481	1
1666	3318	1
1668	1927	1
1668	2266	1
1668	2424	1
1668	2506	1
1668	2660	1
1668	2722	1
1668	2875	1
1668	3033	1
1675	1679	1
1677	1924	1
1677	2495	1
1677	3262	1
1682	3429	1
1682	3430	1
1687	1688	1
1687	1694	1
1687	1696	1
1687	1702	1
1687	1703	1
1687	1704	1
1687	1718	1
1687	1907	1
1687	1946	1
1687	2472	1
1687	2696	1
1687	2985	1
1687	3275	1
1688	1694	1
1688	1696	1
1688	1702	1
1688	1703	1
1688	1704	1
1688	1718	1
1688	1907	1
1688	1946	1
1688	2472	1
1688	2696	1
1688	2985	1
1688	3275	1
1689	1690	1
1689	1693	1
1689	1695	1
1689	1698	1
1689	1699	1
1689	1700	1
1689	1701	1
1689	1708	1
1689	1712	1
1689	1716	1
1689	2882	1
1690	1693	1
1690	1695	1
1690	1698	1
1690	1699	1
1690	1700	1
1690	1701	1
1690	1708	1
1690	1712	1
1690	1716	1
1690	2882	1
1693	1695	1
1693	1698	1
1693	1699	1
1693	1700	1
1693	1701	1
1693	1708	1
1693	1712	1
1693	1716	1
1693	2882	1
1694	1696	1
1694	1702	1
1694	1703	1
1694	1704	1
1694	1718	1
1694	1907	1
1694	1946	1
1694	2472	1
1694	2696	1
1694	2985	1
1694	3275	1
1695	1698	1
1695	1699	1
1695	1700	1
1695	1701	1
1695	1708	1
1695	1712	1
1695	1716	1
1695	2882	1
1696	1702	1
1696	1703	1
1696	1704	1
1696	1718	1
1696	1907	1
1696	1946	1
1696	2472	1
1696	2696	1
1696	2985	1
1696	3275	1
1698	1699	1
1698	1700	1
1698	1701	1
1698	1708	1
1698	1712	1
1698	1716	1
1698	2882	1
1699	1700	1
1699	1701	1
1699	1708	1
1699	1712	1
1699	1716	1
1699	2882	1
1700	1701	1
1700	1708	1
1700	1712	1
1700	1716	1
1700	2882	1
1701	1708	1
1701	1712	1
1701	1716	1
1701	2882	1
1702	1703	1
1702	1704	1
1702	1718	1
1702	1907	1
1702	1946	1
1702	2472	1
1702	2696	1
1702	2985	1
1702	3275	1
1703	1704	1
1703	1718	1
1703	1907	1
1703	1946	1
1703	2472	1
1703	2696	1
1703	2985	1
1703	3275	1
1704	1718	1
1704	1907	1
1704	1946	1
1704	2472	1
1704	2696	1
1704	2985	1
1704	3275	1
1708	1712	1
1708	1716	1
1708	2882	1
1712	1716	1
1712	2882	1
1716	2882	1
1718	1907	1
1718	1946	1
1718	2472	1
1718	2696	1
1718	2985	1
1718	3275	1
1726	2048	1
1726	2546	1
1726	2576	1
1726	2859	1
1726	2883	1
1726	3247	1
1731	2558	3
1732	2749	1
1733	1743	1
1733	1761	1
1733	1763	1
1733	1764	1
1733	1766	1
1733	1768	1
1733	1785	1
1733	1954	1
1733	2020	1
1733	3181	1
1733	3301	1
1734	1747	1
1734	1823	1
1734	1877	1
1734	1904	1
1734	1906	1
1734	2458	1
1734	2890	1
1734	3306	1
1737	1738	1
1737	1739	1
1737	1741	1
1737	1742	1
1737	1744	1
1738	1739	1
1738	1741	1
1738	1742	1
1738	1744	1
1739	1741	1
1739	1742	1
1739	1744	1
1741	1742	1
1741	1744	1
1742	1744	1
1743	1761	1
1743	1763	1
1743	1764	1
1743	1766	1
1743	1768	1
1743	1785	1
1743	1954	1
1743	2020	1
1743	3181	1
1743	3301	1
1747	1823	1
1747	1877	1
1747	1904	1
1747	1906	1
1747	2458	1
1747	2890	1
1747	3306	1
1748	1762	1
1748	1765	1
1748	1780	1
1748	1782	1
1748	1783	1
1748	1787	1
1748	1788	1
1748	1834	1
1748	1918	1
1748	1947	1
1748	1955	1
1748	1956	1
1748	1986	1
1748	2693	1
1748	2838	1
1748	3295	1
1748	3304	1
1748	3308	1
1748	3349	1
1760	1820	1
1760	1929	1
1760	2651	1
1760	3203	1
1761	1763	1
1761	1764	1
1761	1766	1
1761	1768	1
1761	1785	1
1761	1954	1
1761	2020	1
1761	3181	1
1761	3301	1
1762	1765	1
1762	1780	1
1762	1782	1
1762	1783	1
1762	1787	1
1762	1788	1
1762	1834	1
1762	1918	1
1762	1947	1
1762	1955	1
1762	1956	1
1762	1986	1
1762	2693	1
1762	2838	1
1762	3295	1
1762	3304	1
1762	3308	1
1762	3349	1
1763	1764	1
1763	1766	1
1763	1768	1
1763	1785	1
1763	1954	1
1763	2020	1
1763	3181	1
1763	3301	1
1764	1766	1
1764	1768	1
1764	1785	1
1764	1954	1
1764	2020	1
1764	3181	1
1764	3301	1
1765	1780	1
1765	1782	1
1765	1783	1
1765	1787	1
1765	1788	1
1765	1834	1
1765	1918	1
1765	1947	1
1765	1955	1
1765	1956	1
1765	1986	1
1765	2693	1
1765	2838	1
1765	3295	1
1765	3304	1
1765	3308	1
1765	3349	1
1766	1768	1
1766	1785	1
1766	1954	1
1766	2020	1
1766	3181	1
1766	3301	1
1768	1785	1
1768	1954	1
1768	2020	1
1768	3181	1
1768	3301	1
1778	2484	1
1778	2822	1
1778	2878	1
1778	2886	1
1780	1782	1
1780	1783	1
1780	1787	1
1780	1788	1
1780	1834	1
1780	1918	1
1780	1947	1
1780	1955	1
1780	1956	1
1780	1986	1
1780	2693	1
1780	2838	1
1780	3295	1
1780	3304	1
1780	3308	1
1780	3349	1
1782	1783	1
1782	1787	1
1782	1788	1
1782	1834	1
1782	1918	1
1782	1947	1
1782	1955	1
1782	1956	1
1782	1986	1
1782	2693	1
1782	2838	1
1782	3295	1
1782	3304	1
1782	3308	1
1782	3349	1
1783	1787	1
1783	1788	1
1783	1834	1
1783	1918	1
1783	1947	1
1783	1955	1
1783	1956	1
1783	1986	1
1783	2693	1
1783	2838	1
1783	3295	1
1783	3304	1
1783	3308	1
1783	3349	1
1785	1954	1
1785	2020	1
1785	3181	1
1785	3301	1
1787	1788	1
1787	1834	1
1787	1918	1
1787	1947	1
1787	1955	1
1787	1956	1
1787	1986	1
1787	2693	1
1787	2838	1
1787	3295	1
1787	3304	1
1787	3308	1
1787	3349	1
1788	1834	1
1788	1918	1
1788	1947	1
1788	1955	1
1788	1956	1
1788	1986	1
1788	2693	1
1788	2838	1
1788	3295	1
1788	3304	1
1788	3308	1
1788	3349	1
1792	2427	1
1792	3152	1
1792	3327	1
1792	3367	1
1792	3607	1
1796	1863	1
1796	3285	1
1796	3412	1
1796	3597	1
1800	1838	1
1800	1851	1
1800	1958	1
1800	2068	1
1800	2829	1
1800	3036	1
1800	3578	1
1801	1816	1
1801	2033	1
1801	2621	1
1801	2943	1
1801	3045	1
1801	3278	1
1801	3428	1
1801	3431	1
1801	3532	1
1801	3533	1
1801	3571	1
1801	3572	1
1801	3602	1
1815	2573	2
1816	2033	1
1816	2621	1
1816	2943	1
1816	3045	1
1816	3278	1
1816	3428	1
1816	3431	1
1816	3532	1
1816	3533	1
1816	3571	1
1816	3572	1
1816	3602	1
1818	2276	2
1820	1929	1
1820	2651	1
1820	3203	1
1823	1877	1
1823	1904	1
1823	1906	1
1823	2458	1
1823	2890	1
1823	3306	1
1824	1875	2
1824	2391	1
1824	2392	1
1824	2418	1
1824	2459	2
1824	2462	2
1824	2489	2
1824	2641	1
1824	2888	1
1824	2889	1
1824	2952	1
1824	3186	2
1824	3263	1
1824	3392	2
1824	3409	1
1824	3574	1
1824	3585	2
1824	3616	1
1824	3617	1
1826	1973	1
1826	2444	1
1826	2683	1
1831	1921	1
1831	2928	1
1831	3129	1
1832	1922	1
1832	2929	1
1832	3130	1
1832	3253	1
1834	1918	1
1834	1947	1
1834	1955	1
1834	1956	1
1834	1986	1
1834	2693	1
1834	2838	1
1834	3295	1
1834	3304	1
1834	3308	1
1834	3349	1
1835	1982	1
1835	2561	1
1835	2852	1
1835	2867	1
1835	3272	1
1835	3598	1
1836	1837	1
1836	1839	1
1836	1844	1
1836	1845	1
1836	1846	1
1836	1847	1
1836	1848	1
1836	1849	1
1836	2646	1
1837	1839	1
1837	1844	1
1837	1845	1
1837	1846	1
1837	1847	1
1837	1848	1
1837	1849	1
1837	2646	1
1838	1851	3
1838	1925	1
1838	1958	3
1838	2068	3
1838	2195	2
1838	2359	1
1838	2829	3
1838	3036	2
1838	3290	2
1838	3578	2
1838	3579	1
1839	1844	1
1839	1845	1
1839	1846	1
1839	1847	1
1839	1848	1
1839	1849	1
1839	2646	1
1844	1845	1
1844	1846	1
1844	1847	1
1844	1848	1
1844	1849	1
1844	2646	1
1845	1846	1
1845	1847	1
1845	1848	1
1845	1849	1
1845	2646	1
1846	1847	1
1846	1848	1
1846	1849	1
1846	2646	1
1847	1848	1
1847	1849	1
1847	2646	1
1848	1849	1
1848	2646	1
1849	2646	1
1851	1925	1
1851	1958	3
1851	2068	3
1851	2195	2
1851	2359	1
1851	2829	3
1851	3036	2
1851	3290	2
1851	3578	2
1851	3579	1
1857	1860	1
1857	1881	1
1857	2211	1
1860	1881	1
1860	2211	1
1862	1913	1
1862	2885	1
1862	3284	1
1862	3414	1
1862	3416	1
1863	3285	1
1863	3412	1
1863	3597	1
1864	1865	1
1864	1868	1
1864	1870	1
1864	1884	1
1864	2398	1
1864	2589	1
1865	1868	1
1865	1870	1
1865	1884	1
1865	2398	1
1865	2589	1
1866	1867	1
1866	1869	1
1866	1871	1
1866	1872	1
1866	1885	1
1866	2257	1
1866	2397	1
1866	2590	1
1867	1869	1
1867	1871	1
1867	1872	1
1867	1885	1
1867	2257	1
1867	2397	1
1867	2590	1
1868	1870	1
1868	1884	1
1868	2398	1
1868	2589	1
1869	1871	1
1869	1872	1
1869	1885	1
1869	2257	1
1869	2397	1
1869	2590	1
1870	1884	1
1870	2398	1
1870	2589	1
1871	1872	1
1871	1885	1
1871	2257	1
1871	2397	1
1871	2590	1
1872	1885	1
1872	2257	1
1872	2397	1
1872	2590	1
1874	1880	1
1874	1886	1
1874	1888	1
1874	1889	1
1874	2023	1
1874	2375	1
1874	3369	1
1874	3427	1
1875	2391	1
1875	2392	1
1875	2418	1
1875	2459	2
1875	2462	2
1875	2489	2
1875	2641	1
1875	2888	1
1875	2889	1
1875	2952	1
1875	3186	2
1875	3263	1
1875	3392	2
1875	3409	1
1875	3574	1
1875	3585	2
1875	3616	1
1875	3617	1
1876	1878	1
1876	1891	1
1876	3291	1
1877	1904	1
1877	1906	1
1877	2458	1
1877	2890	1
1877	3306	1
1878	1891	1
1878	3291	1
1880	1886	1
1880	1888	1
1880	1889	1
1880	2023	1
1880	2375	1
1880	3369	1
1880	3427	1
1881	2211	1
1884	2398	1
1884	2589	1
1885	2257	1
1885	2397	1
1885	2590	1
1886	1888	1
1886	1889	1
1886	2023	1
1886	2375	1
1886	3369	1
1886	3427	1
1888	1889	1
1888	2023	1
1888	2375	1
1888	3369	1
1888	3427	1
1889	2023	1
1889	2375	1
1889	3369	1
1889	3427	1
1890	1909	1
1890	2058	1
1890	2919	1
1890	2961	1
1890	3248	1
1890	3269	1
1890	3293	1
1890	3326	1
1890	3594	1
1891	3291	1
1900	2368	1
1904	1906	1
1904	2458	1
1904	2890	1
1904	3306	1
1906	2458	1
1906	2890	1
1906	3306	1
1907	1946	1
1907	2472	1
1907	2696	1
1907	2985	1
1907	3275	1
1908	2481	1
1908	3318	1
1909	2058	1
1909	2919	1
1909	2961	1
1909	3248	1
1909	3269	1
1909	3293	1
1909	3326	1
1909	3594	1
1912	2197	3
1912	2209	1
1912	2213	2
1912	2220	1
1912	2467	1
1912	2468	1
1912	2469	1
1912	2470	1
1912	2476	4
1912	2572	4
1912	2653	1
1912	2855	4
1912	2856	1
1912	2857	2
1912	2858	1
1912	2869	4
1912	3040	2
1912	3041	1
1912	3042	1
1912	3050	1
1912	3158	3
1912	3159	1
1912	3161	3
1912	3162	1
1912	3192	1
1912	3370	4
1912	3371	1
1912	3382	1
1912	3383	1
1912	3384	1
1912	3403	3
1912	3404	1
1912	3410	1
1912	3530	2
1912	3564	2
1912	3609	1
1912	3610	1
1912	3611	1
1912	3623	2
1913	2885	1
1913	3284	1
1913	3414	1
1913	3416	1
1914	2884	1
1914	2956	1
1914	3283	1
1914	3413	1
1914	3415	1
1918	1947	1
1918	1955	1
1918	1956	1
1918	1986	1
1918	2693	1
1918	2838	1
1918	3295	1
1918	3304	1
1918	3308	1
1918	3349	1
1921	2928	1
1921	3129	1
1922	2929	1
1922	3130	1
1922	3253	1
1924	2495	1
1924	3262	1
1925	1958	1
1925	2068	1
1925	2195	1
1925	2359	1
1925	2829	1
1925	3290	1
1925	3579	1
1927	2266	1
1927	2424	2
1927	2506	2
1927	2612	1
1927	2660	2
1927	2722	2
1927	2723	1
1927	2875	2
1927	3033	1
1927	3034	1
1927	3277	1
1929	2651	1
1929	3203	1
1945	2433	1
1945	2773	1
1945	2865	1
1945	3182	1
1946	2472	1
1946	2696	1
1946	2985	1
1946	3275	1
1947	1955	1
1947	1956	1
1947	1986	1
1947	2693	1
1947	2838	1
1947	3295	1
1947	3304	1
1947	3308	1
1947	3349	1
1951	2930	2
1954	2020	1
1954	3181	1
1954	3301	1
1955	1956	1
1955	1986	1
1955	2693	1
1955	2838	1
1955	3295	1
1955	3304	1
1955	3308	1
1955	3349	1
1956	1986	1
1956	2693	1
1956	2838	1
1956	3295	1
1956	3304	1
1956	3308	1
1956	3349	1
1957	2393	1
1957	2850	1
1958	2068	3
1958	2195	2
1958	2359	1
1958	2829	3
1958	3036	2
1958	3290	2
1958	3578	2
1958	3579	1
1960	2511	1
1968	1994	1
1968	2196	1
1968	2219	1
1968	2463	1
1968	2695	1
1968	2839	1
1968	2845	1
1968	2864	1
1968	2905	1
1968	3328	1
1968	3360	1
1972	2201	1
1972	2202	1
1972	2300	1
1972	2394	1
1972	2811	1
1972	2840	1
1972	2941	1
1972	3396	1
1973	2444	1
1973	2683	1
1974	2108	1
1974	2663	1
1974	2938	1
1974	2939	1
1974	3077	1
1974	3421	1
1980	2017	1
1980	2018	1
1980	3187	1
1980	3401	1
1980	3470	1
1980	3584	1
1982	2561	1
1982	2852	1
1982	2867	1
1982	3272	1
1982	3598	1
1984	2374	1
1984	2450	1
1984	2624	1
1984	2659	1
1984	2700	1
1984	2715	1
1984	2784	1
1984	2853	1
1984	2868	1
1984	2891	1
1984	2908	1
1984	3051	1
1984	3599	1
1984	3621	1
1986	2693	1
1986	2838	1
1986	3295	1
1986	3304	1
1986	3308	1
1986	3349	1
1990	1991	1
1990	2193	1
1990	2944	1
1990	2974	1
1990	2996	1
1990	3165	1
1991	2193	1
1991	2944	1
1991	2974	1
1991	2996	1
1991	3165	1
1994	2000	1
1994	2049	1
1994	2196	1
1994	2219	1
1994	2227	1
1994	2361	1
1994	2395	1
1994	2443	1
1994	2447	1
1994	2463	1
1994	2575	1
1994	2661	1
1994	2695	1
1994	2709	1
1994	2742	1
1994	2839	1
1994	2845	1
1994	2846	1
1994	2864	1
1994	2905	1
1994	2932	1
1994	3328	1
1994	3360	1
1994	3522	1
1994	3614	1
2000	2049	1
2000	2227	1
2000	2361	1
2000	2395	1
2000	2443	1
2000	2447	1
2000	2575	1
2000	2661	1
2000	2709	1
2000	2742	1
2000	2846	1
2000	2932	1
2000	3522	1
2000	3614	1
2001	2471	1
2001	2626	1
2001	2724	1
2001	2912	1
2017	2018	1
2017	3187	1
2017	3401	1
2017	3470	1
2017	3584	1
2018	3187	1
2018	3401	1
2018	3470	1
2018	3584	1
2020	3181	1
2020	3301	1
2023	2375	1
2023	3369	1
2023	3427	1
2033	2621	1
2033	2943	1
2033	3045	1
2033	3278	1
2033	3428	1
2033	3431	1
2033	3532	1
2033	3533	1
2033	3571	1
2033	3572	1
2033	3602	1
2048	2546	1
2048	2576	1
2048	2859	1
2048	2883	1
2048	3247	1
2049	2227	1
2049	2361	1
2049	2395	1
2049	2443	1
2049	2447	1
2049	2575	1
2049	2661	1
2049	2709	1
2049	2742	1
2049	2846	1
2049	2932	1
2049	3522	1
2049	3614	1
2058	2919	1
2058	2961	1
2058	3248	1
2058	3269	1
2058	3293	1
2058	3326	1
2058	3594	1
2068	2195	2
2068	2359	1
2068	2829	3
2068	3036	2
2068	3290	2
2068	3578	2
2068	3579	1
2082	2542	2
2082	2544	2
2082	2713	2
2082	2714	2
2083	2117	1
2108	2663	1
2108	2938	1
2108	2939	1
2108	3077	1
2108	3421	1
2118	2449	1
2118	2545	1
2118	2559	1
2118	2694	1
2118	2995	1
2181	2686	1
2181	2701	1
2181	2837	1
2181	3049	1
2181	3363	1
2181	3491	1
2192	2255	1
2192	2582	1
2192	2900	1
2192	2907	1
2192	3612	1
2193	2944	1
2193	2974	1
2193	2996	1
2193	3165	1
2195	2359	1
2195	2829	2
2195	3036	1
2195	3290	2
2195	3578	1
2195	3579	1
2196	2219	1
2196	2463	1
2196	2695	1
2196	2839	1
2196	2845	1
2196	2864	1
2196	2905	1
2196	3328	1
2196	3360	1
2197	2198	1
2197	2200	1
2197	2209	1
2197	2210	1
2197	2213	2
2197	2220	1
2197	2468	1
2197	2469	2
2197	2470	1
2197	2476	4
2197	2572	4
2197	2855	4
2197	2856	2
2197	2857	2
2197	2869	4
2197	3040	3
2197	3042	1
2197	3158	2
2197	3159	2
2197	3161	2
2197	3162	2
2197	3370	4
2197	3371	1
2197	3372	1
2197	3382	1
2197	3383	1
2197	3384	1
2197	3385	1
2197	3402	1
2197	3403	3
2197	3410	1
2197	3530	3
2197	3564	1
2197	3610	1
2197	3611	1
2197	3623	1
2198	2200	1
2198	2210	1
2198	2469	1
2198	2476	1
2198	2572	1
2198	2855	1
2198	2856	1
2198	2869	1
2198	3040	1
2198	3159	1
2198	3162	1
2198	3370	1
2198	3372	1
2198	3385	1
2198	3402	1
2198	3530	1
2200	2210	1
2200	2469	1
2200	2476	1
2200	2572	1
2200	2855	1
2200	2856	1
2200	2869	1
2200	3040	1
2200	3159	1
2200	3162	1
2200	3370	1
2200	3372	1
2200	3385	1
2200	3402	1
2200	3530	1
2201	2202	1
2201	2300	1
2201	2394	1
2201	2811	1
2201	2840	1
2201	2941	1
2201	3396	1
2202	2300	1
2202	2394	1
2202	2811	1
2202	2840	1
2202	2941	1
2202	3396	1
2209	2470	1
2209	2476	1
2209	2572	1
2209	2855	1
2209	2857	1
2209	2869	1
2209	3042	1
2209	3158	1
2209	3161	1
2209	3370	1
2209	3382	1
2209	3403	1
2209	3530	1
2209	3611	1
2209	3623	1
2210	2469	1
2210	2476	1
2210	2572	1
2210	2855	1
2210	2856	1
2210	2869	1
2210	3040	1
2210	3159	1
2210	3162	1
2210	3370	1
2210	3372	1
2210	3385	1
2210	3402	1
2210	3530	1
2213	2220	1
2213	2468	1
2213	2469	1
2213	2476	2
2213	2572	2
2213	2855	2
2213	2856	1
2213	2857	1
2213	2869	2
2213	3040	2
2213	3158	1
2213	3159	1
2213	3161	1
2213	3162	1
2213	3370	2
2213	3371	1
2213	3383	1
2213	3384	1
2213	3403	2
2213	3410	1
2213	3530	1
2213	3564	1
2213	3610	1
2214	2215	1
2214	2216	1
2214	2218	1
2214	2227	1
2214	2241	1
2214	2242	1
2214	2247	1
2214	2249	1
2214	2251	1
2215	2216	1
2215	2218	1
2215	2227	1
2215	2241	1
2215	2242	1
2215	2247	1
2215	2249	1
2215	2251	1
2216	2218	1
2216	2227	1
2216	2241	1
2216	2242	1
2216	2247	1
2216	2249	1
2216	2251	1
2218	2227	1
2218	2241	1
2218	2242	1
2218	2247	1
2218	2249	1
2218	2251	1
2219	2463	1
2219	2695	1
2219	2839	1
2219	2845	1
2219	2864	1
2219	2905	1
2219	3328	1
2219	3360	1
2220	2469	1
2220	2476	1
2220	2572	1
2220	2855	1
2220	2856	1
2220	2869	1
2220	3040	1
2220	3159	1
2220	3162	1
2220	3370	1
2220	3371	1
2220	3384	1
2220	3403	1
2220	3410	1
2220	3530	1
2222	2665	1
2222	3148	1
2227	2241	1
2227	2242	1
2227	2247	1
2227	2249	1
2227	2251	1
2227	2361	1
2227	2395	1
2227	2443	1
2227	2447	1
2227	2575	1
2227	2625	1
2227	2661	1
2227	2709	1
2227	2742	1
2227	2846	1
2227	2932	1
2227	3356	1
2227	3522	1
2227	3614	1
2240	2244	2
2240	2253	2
2241	2242	1
2241	2247	1
2241	2249	1
2241	2251	1
2242	2247	1
2242	2249	1
2242	2251	1
2243	2502	1
2243	2642	1
2243	2872	1
2243	2873	1
2243	3191	1
2243	3201	1
2243	3354	1
2243	3603	1
2244	2253	4
2247	2249	1
2247	2251	1
2249	2251	1
2255	2582	1
2255	2900	1
2255	2907	1
2255	3612	1
2256	2457	1
2256	2497	1
2256	2622	1
2256	2623	1
2256	3207	1
2256	3212	1
2257	2397	1
2257	2590	1
2262	2264	1
2262	2662	1
2262	3264	1
2262	3265	1
2262	3266	1
2262	3569	1
2264	2662	1
2264	3264	1
2264	3265	1
2264	3266	1
2264	3569	1
2266	2424	1
2266	2506	1
2266	2660	1
2266	2722	1
2266	2875	1
2266	3033	1
2276	2289	1
2300	2394	1
2300	2811	1
2300	2840	1
2300	2941	1
2300	3396	1
2359	2829	1
2359	3290	1
2359	3579	1
2361	2395	1
2361	2443	1
2361	2447	1
2361	2575	1
2361	2661	1
2361	2709	1
2361	2742	1
2361	2846	1
2361	2932	1
2361	3522	1
2361	3614	1
2363	2491	2
2363	2827	1
2363	2828	1
2363	2843	2
2363	2937	2
2363	3391	1
2363	3494	2
2363	3605	2
2374	2450	1
2374	2624	1
2374	2659	1
2374	2700	1
2374	2715	1
2374	2784	1
2374	2853	1
2374	2868	1
2374	2891	1
2374	2908	1
2374	3051	1
2374	3599	1
2374	3621	1
2375	3369	1
2375	3427	1
2383	2568	1
2383	2604	1
2383	3200	1
2383	3332	1
2383	3347	1
2383	3361	2
2384	2594	1
2384	2595	1
2384	2667	1
2384	2691	1
2384	2692	1
2384	3333	1
2388	2627	1
2388	2628	1
2388	2629	1
2388	2747	1
2388	2815	1
2388	2823	1
2388	2825	1
2388	2863	1
2388	3190	1
2388	3559	1
2388	3565	1
2388	3576	1
2388	3581	1
2388	3595	1
2391	2459	1
2391	2462	1
2391	2489	1
2391	2889	1
2391	3186	1
2391	3392	1
2391	3409	1
2391	3574	1
2391	3585	1
2391	3617	1
2392	2418	1
2392	2459	1
2392	2462	1
2392	2489	1
2392	2641	1
2392	2888	1
2392	2952	1
2392	3186	1
2392	3263	1
2392	3392	1
2392	3585	1
2392	3616	1
2393	2850	1
2394	2811	1
2394	2840	1
2394	2941	1
2394	3396	1
2395	2443	1
2395	2447	1
2395	2575	1
2395	2661	1
2395	2709	1
2395	2742	1
2395	2846	1
2395	2932	1
2395	3522	1
2395	3614	1
2397	2590	1
2398	2589	1
2399	2605	1
2399	2854	1
2400	2699	1
2400	3491	1
2400	3582	1
2400	3583	1
2418	2459	1
2418	2462	1
2418	2489	1
2418	2641	1
2418	2888	1
2418	2952	1
2418	3186	1
2418	3263	1
2418	3392	1
2418	3585	1
2418	3616	1
2424	2506	2
2424	2612	1
2424	2660	2
2424	2722	2
2424	2723	1
2424	2875	2
2424	3033	1
2424	3034	1
2424	3277	1
2427	3152	1
2427	3327	1
2427	3367	1
2427	3607	1
2433	2773	1
2433	2865	1
2433	3182	1
2437	2640	1
2437	2642	1
2437	2650	1
2437	2897	1
2437	3313	1
2440	2551	1
2440	2656	1
2440	3434	1
2443	2447	1
2443	2575	1
2443	2661	1
2443	2709	1
2443	2742	1
2443	2846	1
2443	2932	1
2443	3522	1
2443	3614	1
2444	2683	1
2445	3195	1
2447	2575	1
2447	2661	1
2447	2709	1
2447	2742	1
2447	2846	1
2447	2932	1
2447	3522	1
2447	3614	1
2449	2545	1
2449	2559	1
2449	2694	1
2449	2995	1
2450	2624	1
2450	2659	1
2450	2700	1
2450	2715	1
2450	2784	1
2450	2853	1
2450	2868	1
2450	2891	1
2450	2908	1
2450	3051	1
2450	3599	1
2450	3621	1
2457	3207	1
2457	3212	1
2458	2890	1
2458	3306	1
2459	2462	2
2459	2489	2
2459	2641	1
2459	2888	1
2459	2889	1
2459	2952	1
2459	3186	2
2459	3263	1
2459	3392	2
2459	3409	1
2459	3574	1
2459	3585	2
2459	3616	1
2459	3617	1
2462	2489	2
2462	2641	1
2462	2888	1
2462	2889	1
2462	2952	1
2462	3186	2
2462	3263	1
2462	3392	2
2462	3409	1
2462	3574	1
2462	3585	2
2462	3616	1
2462	3617	1
2463	2695	1
2463	2839	1
2463	2845	1
2463	2864	1
2463	2905	1
2463	3328	1
2463	3360	1
2466	2474	1
2466	2475	1
2466	2654	1
2466	2860	1
2466	2870	1
2466	2950	1
2466	2954	1
2466	3193	1
2466	3406	1
2467	2476	1
2467	2572	1
2467	2653	1
2467	2855	1
2467	2858	1
2467	2869	1
2467	3041	1
2467	3050	1
2467	3158	1
2467	3161	1
2467	3192	1
2467	3370	1
2467	3404	1
2467	3564	1
2467	3609	1
2467	3623	1
2468	2476	1
2468	2572	1
2468	2855	1
2468	2857	1
2468	2869	1
2468	3040	1
2468	3158	1
2468	3161	1
2468	3370	1
2468	3383	1
2468	3403	1
2468	3564	1
2468	3610	1
2469	2476	2
2469	2572	2
2469	2855	2
2469	2856	2
2469	2869	2
2469	3040	2
2469	3159	2
2469	3162	2
2469	3370	2
2469	3371	1
2469	3372	1
2469	3384	1
2469	3385	1
2469	3402	1
2469	3403	1
2469	3410	1
2469	3530	2
2470	2476	1
2470	2572	1
2470	2855	1
2470	2857	1
2470	2869	1
2470	3042	1
2470	3158	1
2470	3161	1
2470	3370	1
2470	3382	1
2470	3403	1
2470	3530	1
2470	3611	1
2470	3623	1
2471	2626	1
2471	2724	1
2471	2912	1
2472	2696	1
2472	2985	1
2472	3275	1
2474	2475	3
2474	2652	1
2474	2654	2
2474	2860	3
2474	2870	3
2474	2950	3
2474	2954	3
2474	3193	3
2474	3405	1
2474	3406	2
2474	3622	2
2475	2652	1
2475	2654	2
2475	2860	3
2475	2870	3
2475	2950	3
2475	2954	3
2475	3193	3
2475	3405	1
2475	3406	2
2475	3622	2
2476	2572	5
2476	2653	1
2476	2855	5
2476	2856	2
2476	2857	2
2476	2858	1
2476	2869	5
2476	3040	3
2476	3041	1
2476	3042	1
2476	3050	1
2476	3158	3
2476	3159	2
2476	3161	3
2476	3162	2
2476	3192	1
2476	3370	5
2476	3371	1
2476	3372	1
2476	3382	1
2476	3383	1
2476	3384	1
2476	3385	1
2476	3402	1
2476	3403	3
2476	3404	1
2476	3410	1
2476	3530	3
2476	3564	2
2476	3609	1
2476	3610	1
2476	3611	1
2476	3623	2
2481	3318	1
2484	2822	1
2484	2878	1
2484	2886	1
2485	2501	1
2485	2537	1
2485	2977	1
2485	3343	1
2489	2641	1
2489	2888	1
2489	2889	1
2489	2952	1
2489	3186	2
2489	3263	1
2489	3392	2
2489	3409	1
2489	3574	1
2489	3585	2
2489	3616	1
2489	3617	1
2491	2827	1
2491	2828	1
2491	2843	2
2491	2937	2
2491	3391	1
2491	3494	2
2491	3605	2
2495	3262	1
2497	2622	1
2497	2623	1
2501	2537	1
2501	2977	1
2501	3343	1
2502	2642	1
2502	2872	1
2502	2873	1
2502	3191	1
2502	3201	1
2502	3354	1
2502	3603	1
2506	2612	1
2506	2660	2
2506	2722	2
2506	2723	1
2506	2875	2
2506	3033	1
2506	3034	1
2506	3277	1
2514	2518	1
2514	3019	1
2514	3340	1
2518	3019	1
2518	3340	1
2536	3101	2
2537	2977	1
2537	3343	1
2542	2713	2
2544	2714	2
2545	2559	1
2545	2694	1
2545	2995	1
2546	2576	1
2546	2859	1
2546	2883	1
2546	3247	1
2551	2656	1
2551	3434	1
2559	2694	1
2559	2995	1
2561	2852	1
2561	2867	1
2561	3272	1
2561	3598	1
2568	2604	1
2568	3200	1
2568	3332	1
2568	3347	1
2568	3361	1
2569	2593	1
2569	3055	1
2569	3140	1
2572	2653	1
2572	2855	5
2572	2856	2
2572	2857	2
2572	2858	1
2572	2869	5
2572	3040	3
2572	3041	1
2572	3042	1
2572	3050	1
2572	3158	3
2572	3159	2
2572	3161	3
2572	3162	2
2572	3192	1
2572	3370	5
2572	3371	1
2572	3372	1
2572	3382	1
2572	3383	1
2572	3384	1
2572	3385	1
2572	3402	1
2572	3403	3
2572	3404	1
2572	3410	1
2572	3530	3
2572	3564	2
2572	3609	1
2572	3610	1
2572	3611	1
2572	3623	2
2575	2661	1
2575	2709	1
2575	2742	1
2575	2846	1
2575	2932	1
2575	3522	1
2575	3614	1
2576	2859	1
2576	2883	1
2576	3247	1
2580	2584	1
2580	2812	1
2580	2816	1
2580	2819	1
2580	2824	1
2580	3325	1
2582	2900	1
2582	2907	1
2582	3612	1
2584	2812	1
2584	2816	1
2584	2819	1
2584	2824	1
2584	3325	1
2593	3055	1
2593	3140	1
2594	2595	1
2594	2667	1
2594	2691	1
2594	2692	1
2594	3333	1
2595	2667	1
2595	2691	1
2595	2692	1
2595	3333	1
2601	3344	1
2602	3188	1
2602	3341	1
2604	3200	1
2604	3332	1
2604	3347	1
2604	3361	1
2605	2854	1
2612	2660	1
2612	2722	1
2612	2723	1
2612	2875	1
2612	3034	1
2612	3277	1
2621	2943	1
2621	3045	1
2621	3278	1
2621	3428	1
2621	3431	1
2621	3532	1
2621	3533	1
2621	3571	1
2621	3572	1
2621	3602	1
2622	2623	1
2624	2659	1
2624	2700	1
2624	2715	1
2624	2784	1
2624	2853	1
2624	2868	1
2624	2891	1
2624	2908	1
2624	3051	1
2624	3599	1
2624	3621	1
2626	2724	1
2626	2912	1
2627	2628	1
2627	2629	1
2627	2747	1
2627	2815	1
2627	2823	1
2627	2825	1
2627	2863	1
2627	3190	1
2627	3559	1
2627	3565	1
2627	3576	1
2627	3581	1
2627	3595	1
2628	2629	1
2628	2747	1
2628	2815	1
2628	2823	1
2628	2825	1
2628	2863	1
2628	3190	1
2628	3559	1
2628	3565	1
2628	3576	1
2628	3581	1
2628	3595	1
2629	2747	1
2629	2815	1
2629	2823	1
2629	2825	1
2629	2863	1
2629	3190	1
2629	3559	1
2629	3565	1
2629	3576	1
2629	3581	1
2629	3595	1
2640	2642	1
2640	2650	1
2640	2897	1
2640	3313	1
2641	2888	1
2641	2952	1
2641	3186	1
2641	3263	1
2641	3392	1
2641	3585	1
2641	3616	1
2642	2650	1
2642	2872	1
2642	2873	1
2642	2897	1
2642	3191	1
2642	3201	1
2642	3313	1
2642	3354	1
2642	3603	1
2650	2897	1
2650	3313	1
2651	3203	1
2652	2860	1
2652	2870	1
2652	2950	1
2652	2954	1
2652	3193	1
2652	3405	1
2652	3622	1
2653	2855	1
2653	2858	1
2653	2869	1
2653	3041	1
2653	3050	1
2653	3158	1
2653	3161	1
2653	3192	1
2653	3370	1
2653	3404	1
2653	3564	1
2653	3609	1
2653	3623	1
2654	2860	2
2654	2870	2
2654	2950	2
2654	2954	2
2654	3193	2
2654	3406	2
2654	3622	1
2656	3434	1
2659	2700	1
2659	2715	1
2659	2784	1
2659	2853	1
2659	2868	1
2659	2891	1
2659	2908	1
2659	3051	1
2659	3599	1
2659	3621	1
2660	2722	2
2660	2723	1
2660	2875	2
2660	3033	1
2660	3034	1
2660	3277	1
2661	2709	1
2661	2742	1
2661	2846	1
2661	2932	1
2661	3522	1
2661	3614	1
2662	3264	1
2662	3265	1
2662	3266	1
2662	3569	1
2663	2938	1
2663	2939	1
2663	3076	3
2663	3077	1
2663	3421	1
2665	3148	1
2667	2691	1
2667	2692	1
2667	3333	1
2686	2701	1
2686	2837	1
2686	3049	1
2686	3363	1
2686	3491	1
2691	2692	1
2691	3333	1
2692	3333	1
2693	2838	1
2693	3295	1
2693	3304	1
2693	3308	1
2693	3349	1
2694	2995	1
2695	2839	1
2695	2845	1
2695	2864	1
2695	2905	1
2695	3328	1
2695	3360	1
2696	2985	1
2696	3275	1
2698	2752	1
2699	3491	1
2699	3582	1
2699	3583	1
2700	2715	1
2700	2784	1
2700	2853	1
2700	2868	1
2700	2891	1
2700	2908	1
2700	3051	1
2700	3599	1
2700	3621	1
2701	2837	1
2701	3049	1
2701	3363	1
2701	3491	1
2708	2942	1
2708	3160	1
2708	3196	1
2708	3197	1
2708	3198	1
2708	3199	1
2708	3511	1
2709	2742	1
2709	2846	1
2709	2932	1
2709	3522	1
2709	3614	1
2715	2784	1
2715	2853	1
2715	2868	1
2715	2891	1
2715	2908	1
2715	3051	1
2715	3599	1
2715	3621	1
2719	3079	3
2722	2723	1
2722	2875	2
2722	3033	1
2722	3034	1
2722	3277	1
2723	2875	1
2723	3034	1
2723	3277	1
2724	2912	1
2742	2846	1
2742	2932	1
2742	3522	1
2742	3614	1
2747	2815	1
2747	2823	1
2747	2825	1
2747	2863	1
2747	3190	1
2747	3559	1
2747	3565	1
2747	3576	1
2747	3581	1
2747	3595	1
2773	2865	1
2773	3182	1
2784	2853	1
2784	2868	1
2784	2891	1
2784	2908	1
2784	3051	1
2784	3599	1
2784	3621	1
2809	3044	1
2809	3596	1
2811	2840	1
2811	2941	1
2811	3396	1
2812	2816	1
2812	2819	1
2812	2824	1
2812	3325	1
2815	2823	1
2815	2825	1
2815	2863	1
2815	3190	1
2815	3559	1
2815	3565	1
2815	3576	1
2815	3581	1
2815	3595	1
2816	2819	1
2816	2824	1
2816	3325	1
2819	2824	1
2819	3325	1
2822	2878	1
2822	2886	1
2823	2825	1
2823	2863	1
2823	3190	1
2823	3559	1
2823	3565	1
2823	3576	1
2823	3581	1
2823	3595	1
2824	3325	1
2825	2863	1
2825	3190	1
2825	3559	1
2825	3565	1
2825	3576	1
2825	3581	1
2825	3595	1
2827	2843	1
2827	2937	1
2827	3391	1
2827	3494	1
2827	3605	1
2828	2843	1
2828	2937	1
2828	3494	1
2828	3605	1
2829	3036	2
2829	3290	2
2829	3578	2
2829	3579	1
2837	3049	1
2837	3363	1
2837	3491	1
2838	3295	1
2838	3304	1
2838	3308	1
2838	3349	1
2839	2845	1
2839	2864	1
2839	2905	1
2839	3328	1
2839	3360	1
2840	2941	1
2840	3396	1
2843	2937	2
2843	3391	1
2843	3494	2
2843	3605	2
2844	3180	1
2845	2864	1
2845	2905	1
2845	3328	1
2845	3360	1
2846	2932	1
2846	3522	1
2846	3614	1
2852	2867	1
2852	3272	1
2852	3598	1
2853	2868	1
2853	2891	1
2853	2908	1
2853	3051	1
2853	3599	1
2853	3621	1
2855	2856	2
2855	2857	2
2855	2858	1
2855	2869	5
2855	3040	3
2855	3041	1
2855	3042	1
2855	3050	1
2855	3158	3
2855	3159	2
2855	3161	3
2855	3162	2
2855	3192	1
2855	3370	5
2855	3371	1
2855	3372	1
2855	3382	1
2855	3383	1
2855	3384	1
2855	3385	1
2855	3402	1
2855	3403	3
2855	3404	1
2855	3410	1
2855	3530	3
2855	3564	2
2855	3609	1
2855	3610	1
2855	3611	1
2855	3623	2
2856	2869	2
2856	3040	2
2856	3159	2
2856	3162	2
2856	3370	2
2856	3371	1
2856	3372	1
2856	3384	1
2856	3385	1
2856	3402	1
2856	3403	1
2856	3410	1
2856	3530	2
2857	2869	2
2857	3040	1
2857	3042	1
2857	3158	2
2857	3161	2
2857	3370	2
2857	3382	1
2857	3383	1
2857	3403	2
2857	3530	1
2857	3564	1
2857	3610	1
2857	3611	1
2857	3623	1
2858	2869	1
2858	3041	1
2858	3050	1
2858	3158	1
2858	3161	1
2858	3192	1
2858	3370	1
2858	3404	1
2858	3564	1
2858	3609	1
2858	3623	1
2859	2883	1
2859	3247	1
2860	2870	3
2860	2950	3
2860	2954	3
2860	3193	3
2860	3405	1
2860	3406	2
2860	3622	2
2863	3190	1
2863	3559	1
2863	3565	1
2863	3576	1
2863	3581	1
2863	3595	1
2864	2905	1
2864	3328	1
2864	3360	1
2865	3182	1
2867	3272	1
2867	3598	1
2868	2891	1
2868	2908	1
2868	3051	1
2868	3599	1
2868	3621	1
2869	3040	3
2869	3041	1
2869	3042	1
2869	3050	1
2869	3158	3
2869	3159	2
2869	3161	3
2869	3162	2
2869	3192	1
2869	3370	5
2869	3371	1
2869	3372	1
2869	3382	1
2869	3383	1
2869	3384	1
2869	3385	1
2869	3402	1
2869	3403	3
2869	3404	1
2869	3410	1
2869	3530	3
2869	3564	2
2869	3609	1
2869	3610	1
2869	3611	1
2869	3623	2
2870	2950	3
2870	2954	3
2870	3193	3
2870	3405	1
2870	3406	2
2870	3622	2
2872	2873	1
2872	3191	1
2872	3201	1
2872	3354	1
2872	3603	1
2873	3191	1
2873	3201	1
2873	3354	1
2873	3603	1
2875	3033	1
2875	3034	1
2875	3277	1
2878	2886	1
2883	3247	1
2884	2956	1
2884	3283	1
2884	3413	1
2884	3415	1
2885	3284	1
2885	3414	1
2885	3416	1
2888	2952	1
2888	3186	1
2888	3263	1
2888	3392	1
2888	3585	1
2888	3616	1
2889	3186	1
2889	3392	1
2889	3409	1
2889	3574	1
2889	3585	1
2889	3617	1
2890	3306	1
2891	2908	1
2891	3051	1
2891	3599	1
2891	3621	1
2897	3313	1
2900	2907	1
2900	3612	1
2901	2904	2
2901	3267	1
2901	3271	1
2901	3600	1
2904	3267	1
2904	3271	1
2904	3600	1
2905	3328	1
2905	3360	1
2907	3612	1
2908	3051	1
2908	3599	1
2908	3621	1
2919	2961	1
2919	3248	1
2919	3269	1
2919	3293	1
2919	3326	1
2919	3594	1
2928	3129	1
2929	3130	1
2929	3253	1
2932	3522	1
2932	3614	1
2937	3391	1
2937	3494	2
2937	3605	2
2938	2939	1
2938	3077	1
2938	3421	1
2939	3077	1
2939	3421	1
2941	3396	1
2942	3160	1
2942	3196	1
2942	3197	1
2942	3198	1
2942	3199	1
2942	3511	1
2943	3045	1
2943	3278	1
2943	3428	1
2943	3431	1
2943	3532	1
2943	3533	1
2943	3571	1
2943	3572	1
2943	3602	1
2944	2974	1
2944	2996	1
2944	3165	1
2945	2946	1
2945	2947	1
2945	3287	1
2946	2947	1
2946	3287	1
2947	3287	1
2950	2954	3
2950	3193	3
2950	3405	1
2950	3406	2
2950	3622	2
2952	3186	1
2952	3263	1
2952	3392	1
2952	3585	1
2952	3616	1
2954	3193	3
2954	3405	1
2954	3406	2
2954	3622	2
2956	3283	1
2956	3413	1
2956	3415	1
2961	3248	1
2961	3269	1
2961	3293	1
2961	3326	1
2961	3594	1
2974	2996	1
2974	3165	1
2977	3343	1
2985	3275	1
2996	3165	1
3019	3340	1
3034	3277	1
3036	3290	1
3036	3578	2
3040	3158	1
3040	3159	2
3040	3161	1
3040	3162	2
3040	3370	3
3040	3371	1
3040	3372	1
3040	3383	1
3040	3384	1
3040	3385	1
3040	3402	1
3040	3403	2
3040	3410	1
3040	3530	2
3040	3564	1
3040	3610	1
3041	3050	1
3041	3158	1
3041	3161	1
3041	3192	1
3041	3370	1
3041	3404	1
3041	3564	1
3041	3609	1
3041	3623	1
3042	3158	1
3042	3161	1
3042	3370	1
3042	3382	1
3042	3403	1
3042	3530	1
3042	3611	1
3042	3623	1
3044	3596	1
3045	3278	1
3045	3428	1
3045	3431	1
3045	3532	1
3045	3533	1
3045	3571	1
3045	3572	1
3045	3602	1
3049	3363	1
3049	3491	1
3050	3158	1
3050	3161	1
3050	3192	1
3050	3370	1
3050	3404	1
3050	3564	1
3050	3609	1
3050	3623	1
3051	3599	1
3051	3621	1
3055	3140	1
3066	3175	2
3077	3421	1
3130	3253	1
3152	3327	1
3152	3367	1
3152	3607	1
3158	3161	3
3158	3192	1
3158	3370	3
3158	3382	1
3158	3383	1
3158	3403	2
3158	3404	1
3158	3530	1
3158	3564	2
3158	3609	1
3158	3610	1
3158	3611	1
3158	3623	2
3159	3162	2
3159	3370	2
3159	3371	1
3159	3372	1
3159	3384	1
3159	3385	1
3159	3402	1
3159	3403	1
3159	3410	1
3159	3530	2
3160	3196	1
3160	3197	1
3160	3198	1
3160	3199	1
3160	3511	1
3161	3192	1
3161	3370	3
3161	3382	1
3161	3383	1
3161	3403	2
3161	3404	1
3161	3530	1
3161	3564	2
3161	3609	1
3161	3610	1
3161	3611	1
3161	3623	2
3162	3370	2
3162	3371	1
3162	3372	1
3162	3384	1
3162	3385	1
3162	3402	1
3162	3403	1
3162	3410	1
3162	3530	2
3181	3301	1
3186	3263	1
3186	3392	2
3186	3409	1
3186	3574	1
3186	3585	2
3186	3616	1
3186	3617	1
3187	3401	1
3187	3470	1
3187	3584	1
3188	3341	1
3190	3559	1
3190	3565	1
3190	3576	1
3190	3581	1
3190	3595	1
3191	3201	1
3191	3354	1
3191	3603	1
3192	3370	1
3192	3404	1
3192	3564	1
3192	3609	1
3192	3623	1
3193	3405	1
3193	3406	2
3193	3622	2
3196	3197	1
3196	3198	1
3196	3199	1
3196	3511	1
3197	3198	1
3197	3199	1
3197	3511	1
3198	3199	1
3198	3511	1
3199	3511	1
3200	3332	1
3200	3347	1
3200	3361	1
3201	3354	1
3201	3603	1
3204	3273	1
3204	3600	1
3207	3212	1
3248	3269	1
3248	3293	1
3248	3326	1
3248	3594	1
3263	3392	1
3263	3585	1
3263	3616	1
3264	3265	1
3264	3266	1
3264	3569	1
3265	3266	1
3265	3569	1
3266	3569	1
3267	3271	1
3267	3600	1
3269	3293	1
3269	3326	1
3269	3594	1
3271	3600	1
3272	3598	1
3273	3600	1
3278	3428	1
3278	3431	1
3278	3532	1
3278	3533	1
3278	3571	1
3278	3572	1
3278	3602	1
3283	3413	1
3283	3415	1
3284	3414	1
3284	3416	1
3285	3412	1
3285	3597	1
3290	3578	1
3290	3579	1
3292	3357	1
3293	3326	1
3293	3594	1
3295	3304	1
3295	3308	1
3295	3349	1
3304	3308	1
3304	3349	1
3308	3349	1
3326	3594	1
3327	3367	1
3327	3607	1
3328	3360	1
3332	3347	1
3332	3361	1
3347	3361	1
3354	3603	1
3363	3491	1
3367	3607	1
3369	3427	1
3370	3371	1
3370	3372	1
3370	3382	1
3370	3383	1
3370	3384	1
3370	3385	1
3370	3402	1
3370	3403	3
3370	3404	1
3370	3410	1
3370	3530	3
3370	3564	2
3370	3609	1
3370	3610	1
3370	3611	1
3370	3623	2
3371	3384	1
3371	3403	1
3371	3410	1
3371	3530	1
3372	3385	1
3372	3402	1
3372	3530	1
3382	3403	1
3382	3530	1
3382	3611	1
3382	3623	1
3383	3403	1
3383	3564	1
3383	3610	1
3384	3403	1
3384	3410	1
3384	3530	1
3385	3402	1
3385	3530	1
3391	3494	1
3391	3605	1
3392	3409	1
3392	3574	1
3392	3585	2
3392	3616	1
3392	3617	1
3401	3470	1
3401	3584	1
3402	3530	1
3403	3410	1
3403	3530	2
3403	3564	1
3403	3610	1
3403	3611	1
3403	3623	1
3404	3564	1
3404	3609	1
3404	3623	1
3405	3622	1
3406	3622	1
3409	3574	1
3409	3585	1
3409	3617	1
3410	3530	1
3412	3597	1
3413	3415	1
3414	3416	1
3428	3431	1
3428	3532	1
3428	3533	1
3428	3571	1
3428	3572	1
3428	3602	1
3429	3430	1
3431	3532	1
3431	3533	1
3431	3571	1
3431	3572	1
3431	3602	1
3470	3584	1
3491	3582	1
3491	3583	1
3494	3605	2
3522	3614	1
3530	3611	1
3530	3623	1
3532	3533	1
3532	3571	1
3532	3572	1
3532	3602	1
3533	3571	1
3533	3572	1
3533	3602	1
3559	3565	1
3559	3576	1
3559	3581	1
3559	3595	1
3564	3609	1
3564	3610	1
3564	3623	1
3565	3576	1
3565	3581	1
3565	3595	1
3571	3572	1
3571	3602	1
3572	3602	1
3574	3585	1
3574	3617	1
3576	3581	1
3576	3595	1
3581	3595	1
3582	3583	1
3585	3616	1
3585	3617	1
3599	3621	1
3609	3623	1
3611	3623	1
