7	291	1
7	602	1
7	740	1
7	1170	1
7	1174	1
7	2136	1
7	2908	1
7	2916	1
7	3045	1
8	654	2
8	1009	1
8	1010	1
8	1066	2
8	2773	2
9	17	1
9	339	1
9	730	1
9	2783	1
10	423	1
10	606	1
10	1168	1
10	2139	1
10	2764	1
10	2908	1
11	560	1
11	921	1
11	2782	1
11	2805	1
11	3228	1
11	3247	1
16	229	1
16	2284	1
16	2597	1
16	2783	1
16	3107	1
17	339	1
17	730	1
17	2783	1
23	225	1
23	1226	1
23	1533	1
23	1541	1
23	2409	1
25	534	1
25	1436	1
25	1473	1
25	2174	1
25	2204	1
26	534	1
26	1436	1
26	1612	1
26	2204	1
27	335	1
27	416	1
27	424	1
27	535	1
27	1438	1
27	1613	1
27	3121	1
27	3156	1
29	309	1
29	697	1
29	1446	1
29	1748	1
29	1917	1
29	2144	1
29	2743	1
29	3177	1
30	31	1
30	273	1
30	1667	1
30	1690	1
30	1743	1
30	2548	1
31	273	1
31	1667	1
31	1690	1
31	1743	1
31	2548	1
32	246	1
32	281	1
32	1445	1
32	1562	1
32	1744	1
32	1759	1
32	2179	1
32	2368	1
32	2757	1
35	114	1
35	2159	1
35	2191	1
35	2344	1
35	3138	1
39	336	2
39	436	2
39	535	2
39	690	2
39	691	2
39	907	2
39	1012	2
39	1438	2
39	2036	2
39	2175	2
39	2219	2
39	2223	2
39	2336	2
39	2351	2
39	2367	2
39	2695	2
39	2795	2
39	3122	2
44	282	1
44	1497	1
44	2248	1
44	3119	1
44	3349	1
46	511	1
46	1356	1
46	1780	1
46	2783	1
47	115	1
47	238	1
47	812	1
47	1710	1
47	2039	1
66	538	1
66	1263	1
66	1810	1
66	1934	1
66	2182	1
66	3281	1
76	815	2
76	1070	1
76	1071	1
78	816	2
78	1063	2
78	1068	2
79	127	1
79	458	1
79	1248	1
79	1257	1
79	1801	1
79	3222	1
86	395	1
86	540	1
86	817	1
86	2371	1
86	2373	1
86	2374	1
86	2733	1
86	2846	1
86	2879	1
86	3091	1
86	3260	1
86	3261	1
86	3381	1
114	2159	1
114	2191	1
114	2344	1
114	3138	1
115	238	1
115	812	1
115	1710	1
115	2039	1
118	3372	2
121	522	1
121	885	1
121	1074	1
121	1202	1
121	2211	1
121	2235	1
121	2504	1
121	3081	1
121	3186	1
123	756	1
123	951	1
123	1169	1
123	2074	1
123	2141	1
123	2714	1
123	2912	1
124	745	1
124	2142	1
124	2176	1
124	2910	1
125	739	1
125	744	1
125	757	1
125	1167	1
125	1168	1
125	1589	1
125	2072	1
125	2073	1
125	2135	1
125	2140	1
125	2165	1
125	2171	1
125	2172	1
125	2909	1
125	2912	1
127	458	1
127	1248	1
127	1257	1
127	1801	1
127	3222	1
128	378	1
128	443	1
128	724	1
128	734	1
128	1084	1
128	1088	1
128	1110	1
128	1155	1
128	1633	1
128	2231	1
128	2600	1
128	2811	1
132	298	1
132	1400	1
132	1445	1
132	1626	1
132	3081	1
139	250	1
139	269	1
139	494	1
139	506	1
139	552	1
139	960	1
139	1793	1
139	2210	1
139	2224	1
139	2368	1
139	2438	1
139	2931	1
139	3048	1
139	3327	1
139	3329	1
139	3341	1
139	3344	1
139	3366	1
141	271	1
141	692	1
141	1013	1
141	2104	1
141	2162	1
141	2236	1
141	2423	1
141	3145	1
159	1817	1
159	2632	1
159	2860	1
159	3185	1
159	3345	1
167	176	2
167	394	2
176	394	2
176	2426	1
176	2663	1
176	3216	1
188	598	2
188	601	1
188	611	2
188	2788	2
189	249	1
189	466	1
189	924	1
189	925	1
189	1000	1
189	1184	1
189	1252	1
189	1254	1
189	1256	1
189	1575	1
189	2333	1
189	2436	1
189	2537	1
189	2631	1
190	2402	1
200	450	1
200	1899	1
200	1901	1
200	3038	1
211	373	1
211	563	1
211	945	1
211	1619	1
211	2042	1
211	3305	1
212	563	1
212	945	1
212	2043	1
212	3306	1
225	1226	1
225	1541	1
225	2409	1
229	2284	1
229	2597	1
229	2766	1
229	2783	1
229	3080	1
229	3107	1
234	1381	2
234	3369	2
238	812	1
238	1710	1
238	2039	1
239	313	1
239	923	1
239	1535	1
239	1597	1
239	3101	1
246	281	1
246	1445	1
246	1562	1
246	1744	1
246	1759	1
246	2179	1
246	2368	1
246	2757	1
249	466	1
249	924	1
249	925	1
249	1000	1
249	1184	1
249	1252	1
249	1254	1
249	1256	1
249	1575	1
249	2333	1
249	2436	1
249	2537	1
249	2631	1
250	269	1
250	960	1
250	1793	1
250	3048	1
250	3341	1
250	3344	1
261	300	1
261	415	1
261	468	1
261	536	1
261	699	1
261	789	1
261	791	1
261	1367	1
261	1430	1
261	2055	1
261	2929	1
266	2709	1
266	2712	1
266	3307	1
268	301	1
268	1514	1
268	2153	1
268	2298	1
269	960	1
269	1793	1
269	3048	1
269	3341	1
269	3344	1
271	692	1
271	1013	1
271	2104	1
271	2162	1
271	2236	1
271	2423	1
271	3145	1
273	1667	1
273	1690	1
273	1743	1
273	2548	1
279	660	1
279	1191	1
279	3057	1
279	3072	1
280	306	1
280	491	1
280	1014	1
280	1016	1
280	1017	1
280	1019	1
280	1022	1
280	1035	1
280	1131	1
280	1135	1
280	1140	1
280	1160	1
280	1163	1
280	1187	1
280	1812	1
280	1822	1
280	2185	1
280	2585	1
281	1445	1
281	1562	1
281	1744	1
281	1759	1
281	2179	1
281	2368	1
281	2757	1
282	1497	1
282	2248	1
282	3119	1
282	3349	1
288	550	1
288	572	1
288	616	1
288	659	1
288	783	1
288	937	1
288	968	1
288	1238	1
288	1250	1
288	2485	1
288	2798	1
289	571	1
289	782	1
289	938	1
289	969	1
289	1239	1
289	1251	1
289	2486	1
289	2799	1
289	3059	1
290	507	1
290	1166	1
290	1176	1
290	1339	1
290	1553	1
290	1782	1
290	2134	1
290	2160	1
290	2911	1
291	602	1
291	740	1
291	1170	1
291	1174	1
291	2136	1
291	2908	1
291	2916	1
291	3045	1
292	1363	1
292	1598	1
292	1792	1
292	2076	1
296	392	1
296	2082	1
296	2382	1
296	3136	1
297	554	1
297	786	1
297	788	1
297	953	1
297	1684	1
298	1400	1
298	1445	1
298	1626	1
298	3081	1
300	415	1
300	468	1
300	536	1
300	699	1
300	789	1
300	791	1
300	1367	1
300	1430	1
300	2055	1
300	2929	1
301	1514	1
301	2153	1
301	2298	1
305	490	4
305	1015	4
305	1018	4
305	1021	2
305	1023	1
305	1024	4
305	1034	4
305	1038	3
305	1130	4
305	1134	4
305	1136	1
305	1139	4
305	1158	1
305	1159	4
305	1162	1
305	1186	4
305	1821	4
305	2184	4
305	2584	4
306	491	1
306	1014	1
306	1016	1
306	1017	1
306	1019	1
306	1022	1
306	1035	1
306	1131	1
306	1135	1
306	1140	1
306	1160	1
306	1163	1
306	1187	1
306	1812	1
306	1822	1
306	2185	1
306	2585	1
307	1697	1
307	1754	1
307	2262	1
307	2347	1
307	3259	1
309	697	1
309	1446	1
309	1748	1
309	1917	1
309	2144	1
309	2743	1
309	3177	1
310	401	1
310	1235	1
310	1264	1
310	2685	1
313	923	1
313	1535	1
313	1597	1
313	3101	1
315	1073	1
315	1129	1
315	1164	1
315	1514	1
315	2614	1
315	2615	1
315	2616	1
316	1054	1
316	1083	1
316	1095	1
316	2078	1
321	356	1
321	363	1
321	384	1
321	387	1
331	489	1
331	585	1
331	1177	1
331	1204	1
331	1471	1
333	577	1
333	2040	1
333	2500	1
333	3041	1
335	416	1
335	424	1
335	535	1
335	1438	1
335	1613	1
335	3121	1
335	3156	1
336	436	2
336	535	2
336	690	2
336	691	2
336	907	2
336	1012	2
336	1438	2
336	2036	2
336	2175	2
336	2219	2
336	2223	2
336	2336	2
336	2351	2
336	2367	2
336	2695	2
336	2795	2
336	3122	2
339	730	1
339	2783	1
343	1847	1
343	1869	1
343	2388	1
343	2842	1
356	363	1
356	384	1
356	387	1
359	366	1
359	2788	5
363	384	1
363	387	1
366	2788	2
373	563	1
373	945	1
373	1619	1
373	2042	1
373	3305	1
376	566	1
376	580	1
376	735	1
376	955	1
376	990	1
376	1550	1
376	2199	1
376	2813	1
377	442	1
377	724	1
377	1087	1
377	1109	1
377	1521	1
377	1595	1
377	1632	1
377	2560	1
377	2600	1
377	2800	1
377	2811	1
378	443	1
378	724	1
378	734	1
378	1084	1
378	1088	1
378	1110	1
378	1155	1
378	1633	1
378	2231	1
378	2600	1
378	2811	1
384	387	1
390	2528	2
390	2529	2
392	2082	1
392	2382	1
392	3136	1
393	414	1
393	663	1
393	665	1
393	676	1
393	679	1
393	1201	1
393	1417	1
393	2233	1
393	2760	1
393	3153	1
395	540	1
395	817	1
395	2371	1
395	2373	1
395	2374	1
395	2733	1
395	2846	1
395	2879	1
395	3091	1
395	3260	1
395	3261	1
395	3381	1
396	573	1
396	590	1
396	769	1
396	1073	1
396	1165	1
396	1803	1
396	2933	1
397	551	1
397	556	1
397	640	1
397	651	1
397	945	1
397	2044	2
397	2229	1
397	3304	1
401	1235	1
401	1264	1
401	2685	1
411	412	2
414	663	1
414	665	1
414	676	1
414	679	1
414	1201	1
414	1417	1
414	2233	1
414	2760	1
414	3153	1
415	468	1
415	536	1
415	699	1
415	789	1
415	791	1
415	1367	1
415	1430	1
415	2055	1
415	2929	1
416	424	1
416	535	1
416	1438	1
416	1613	1
416	3121	1
416	3156	1
417	427	1
417	1076	1
417	1108	1
417	1182	1
417	2281	1
417	2470	1
417	2472	1
417	3142	1
422	446	1
422	447	1
422	1894	1
422	2956	1
423	606	1
423	1168	1
423	2139	1
423	2764	1
423	2908	1
424	535	1
424	1438	1
424	1613	1
424	3121	1
424	3156	1
426	534	1
426	1437	1
426	2083	1
426	3137	1
427	1076	1
427	1108	1
427	1182	1
427	2281	3
427	2470	1
427	2472	1
427	3142	1
436	535	2
436	690	2
436	691	2
436	907	2
436	1012	2
436	1438	2
436	2036	2
436	2175	2
436	2219	2
436	2223	2
436	2336	2
436	2351	2
436	2367	2
436	2695	2
436	2795	2
436	3122	2
442	724	1
442	1087	1
442	1109	1
442	1521	1
442	1595	1
442	1632	1
442	2560	1
442	2600	1
442	2800	1
442	2811	1
443	724	1
443	734	1
443	1084	1
443	1088	1
443	1110	1
443	1155	1
443	1633	1
443	2231	1
443	2600	1
443	2811	1
446	447	1
446	1894	1
446	2956	1
447	1894	1
447	2956	1
450	1899	1
450	1901	1
450	3038	1
456	2709	3
458	1248	1
458	1257	1
458	1801	1
458	3222	1
466	924	1
466	925	1
466	1000	1
466	1184	1
466	1252	1
466	1254	1
466	1256	1
466	1575	1
466	2333	1
466	2436	1
466	2537	1
466	2631	1
468	536	1
468	699	1
468	789	1
468	791	1
468	1367	1
468	1430	1
468	2055	1
468	2929	1
489	585	1
489	1177	1
489	1204	1
489	1471	1
490	1015	4
490	1018	4
490	1021	2
490	1023	1
490	1024	4
490	1034	4
490	1038	3
490	1130	4
490	1134	4
490	1136	1
490	1139	4
490	1158	1
490	1159	4
490	1162	1
490	1186	4
490	1821	4
490	2184	4
490	2584	4
491	1014	1
491	1016	1
491	1017	1
491	1019	1
491	1022	1
491	1035	1
491	1131	1
491	1135	1
491	1140	1
491	1160	1
491	1163	1
491	1187	1
491	1812	1
491	1822	1
491	2185	1
491	2585	1
494	506	1
494	552	1
494	2210	1
506	552	1
506	2210	1
507	1166	1
507	1176	1
507	1339	1
507	1553	1
507	1782	1
507	2134	1
507	2160	1
507	2911	1
508	815	3
508	926	1
508	1062	1
508	1070	1
508	1071	2
510	1031	2
510	1121	1
510	1584	1
510	1585	3
510	3377	1
511	1356	1
511	1780	1
511	2783	1
512	864	1
512	961	1
512	1153	1
512	1790	1
519	2225	2
522	885	1
522	1074	1
522	1202	1
522	2211	1
522	2235	1
522	2504	1
522	3081	1
522	3186	1
532	707	1
532	1564	1
532	2058	1
532	2062	1
532	2618	1
534	1436	2
534	1437	1
534	1473	1
534	1612	1
534	2083	1
534	2174	1
534	2204	2
534	3137	1
535	690	2
535	691	2
535	907	2
535	1012	2
535	1438	3
535	1613	1
535	2036	2
535	2175	2
535	2219	2
535	2223	2
535	2336	2
535	2351	2
535	2367	2
535	2695	2
535	2795	2
535	3121	1
535	3122	2
535	3156	1
536	699	1
536	789	1
536	791	1
536	1367	1
536	1430	1
536	2055	1
536	2929	1
538	1263	1
538	1810	1
538	1934	1
538	2182	1
538	3281	1
540	817	1
540	2371	1
540	2373	1
540	2374	1
540	2733	1
540	2846	1
540	2879	1
540	3091	1
540	3260	1
540	3261	1
540	3381	1
545	592	2
545	612	2
548	591	1
548	874	1
548	1200	1
548	2067	1
550	572	1
550	616	1
550	659	1
550	783	1
550	937	1
550	968	1
550	1238	1
550	1250	1
550	2485	1
550	2798	1
551	945	1
551	2044	1
551	3304	1
552	2210	1
554	786	1
554	788	1
554	953	1
554	1684	1
556	640	1
556	651	1
556	2044	1
556	2229	1
559	753	1
559	1405	1
559	2495	1
559	2781	1
560	921	1
560	2782	1
560	2805	1
560	3228	1
560	3247	1
563	945	2
563	1619	1
563	2042	1
563	2043	1
563	3305	1
563	3306	1
566	580	1
566	735	1
566	955	1
566	990	1
566	1550	1
566	2199	1
566	2813	1
569	570	1
569	830	1
569	841	1
569	843	1
570	830	1
570	841	1
570	843	1
571	782	1
571	938	1
571	969	1
571	1239	1
571	1251	1
571	2486	1
571	2799	1
571	3059	1
572	616	1
572	659	1
572	783	1
572	937	1
572	968	1
572	1238	1
572	1250	1
572	2485	1
572	2798	1
573	590	1
573	769	1
573	1073	1
573	1165	1
573	1803	1
573	2933	1
577	2040	1
577	2500	1
577	3041	1
580	735	1
580	955	1
580	990	1
580	1550	1
580	2199	1
580	2813	1
583	828	1
583	1043	1
583	1123	1
583	2406	1
585	1177	1
585	1204	1
585	1471	1
590	769	1
590	1073	1
590	1165	1
590	1803	1
590	2933	1
591	874	1
591	1200	1
591	2067	1
592	612	2
592	2130	1
592	2131	1
592	2338	1
592	2445	1
592	2501	1
592	2502	1
592	2917	2
592	3097	1
593	1183	1
593	2049	1
593	2784	1
593	3134	1
593	3155	1
595	874	1
595	1200	1
595	1534	1
595	2065	1
598	601	1
598	611	3
598	2788	7
601	611	1
601	2788	1
602	740	1
602	1170	1
602	1174	1
602	2136	1
602	2908	1
602	2916	1
602	3045	1
606	1168	1
606	2139	1
606	2764	1
606	2908	1
611	2788	3
616	659	1
616	783	1
616	937	1
616	968	1
616	1238	1
616	1250	1
616	2485	1
616	2798	1
621	644	2
635	645	1
635	1094	1
635	1244	1
635	2769	1
635	3380	1
637	952	2
637	998	2
637	1581	2
640	651	1
640	2044	1
640	2229	1
641	748	1
641	1101	1
641	1105	1
641	1107	1
641	1900	1
641	2806	1
641	3362	1
645	1094	1
645	1244	1
645	2769	1
645	2788	1
645	3380	1
651	2044	1
651	2229	1
654	1009	1
654	1010	1
654	1066	2
654	2773	2
656	837	1
656	978	1
656	1079	1
656	1122	1
656	2774	1
656	2776	1
657	1245	2
657	2790	1
658	873	1
658	2068	1
658	2272	1
658	2412	1
658	3095	1
658	3143	1
659	783	1
659	937	1
659	968	1
659	1238	1
659	1250	1
659	2485	1
659	2798	1
660	1191	1
660	3057	1
660	3072	1
663	665	1
663	676	1
663	679	1
663	1201	1
663	1417	1
663	2233	1
663	2760	1
663	3153	1
665	676	1
665	679	1
665	1201	1
665	1417	2
665	2233	1
665	2760	1
665	3153	1
676	679	1
676	1201	1
676	1417	1
676	2233	1
676	2760	1
676	3153	1
679	1201	1
679	1417	1
679	2233	1
679	2760	1
679	3153	1
683	734	1
683	845	1
683	1086	1
683	1633	1
683	2600	1
683	2797	1
683	2811	1
684	1154	1
684	1156	1
684	1513	1
684	1520	1
684	1522	1
684	1523	1
684	1633	1
684	2186	1
684	2600	1
684	2811	1
684	3351	1
689	698	1
689	702	1
689	704	1
689	708	1
689	1569	1
689	1731	1
689	2060	1
689	2762	1
689	2928	1
689	3347	1
690	691	2
690	907	2
690	1012	2
690	1438	2
690	2036	2
690	2175	2
690	2219	2
690	2223	2
690	2336	2
690	2351	2
690	2367	2
690	2695	2
690	2795	2
690	3122	2
691	907	2
691	1012	2
691	1438	2
691	2036	2
691	2175	2
691	2219	2
691	2223	2
691	2336	2
691	2351	2
691	2367	2
691	2695	2
691	2795	2
691	3122	2
692	1013	1
692	2104	1
692	2162	1
692	2236	1
692	2423	1
692	3145	1
696	1390	2
697	1446	1
697	1748	1
697	1917	1
697	2144	1
697	2743	1
697	3177	1
698	702	1
698	704	1
698	708	1
698	1569	1
698	1731	1
698	2060	1
698	2762	1
698	2928	1
698	3347	1
699	789	1
699	791	1
699	1367	1
699	1430	1
699	2055	1
699	2929	1
701	706	2
701	941	1
701	1561	2
701	1732	1
701	1919	1
701	2047	1
701	2061	2
701	2071	1
701	2240	1
701	2439	1
701	2761	1
702	704	1
702	708	1
702	1569	1
702	1731	1
702	2060	1
702	2762	1
702	2928	1
702	3347	1
704	708	1
704	1569	1
704	1731	1
704	2060	1
704	2762	1
704	2928	1
704	3347	1
705	1566	1
705	1670	1
705	2059	1
705	2063	1
706	941	1
706	1561	2
706	1732	1
706	1919	1
706	2047	1
706	2061	2
706	2071	1
706	2240	1
706	2439	1
706	2761	1
707	1564	1
707	2058	1
707	2062	1
707	2618	1
708	1569	1
708	1731	1
708	2060	1
708	2762	1
708	2928	1
708	3347	1
709	2121	2
709	2398	1
709	2401	1
715	847	1
715	848	1
715	849	1
715	850	1
715	851	1
715	854	1
715	855	1
715	1291	1
715	1492	1
715	2645	1
719	2712	1
723	732	1
723	918	1
723	1150	1
723	1490	1
724	734	1
724	1084	1
724	1087	1
724	1088	1
724	1109	1
724	1110	1
724	1155	1
724	1521	1
724	1595	1
724	1632	1
724	1633	1
724	2231	1
724	2560	1
724	2600	2
724	2800	1
724	2811	2
730	2783	1
732	918	1
732	1150	1
732	1490	1
734	845	1
734	1084	1
734	1086	1
734	1088	1
734	1110	1
734	1155	1
734	1633	2
734	2231	1
734	2600	2
734	2797	1
734	2811	2
735	955	1
735	990	1
735	1550	1
735	2199	1
735	2813	1
739	744	1
739	1167	1
739	1589	1
739	2072	1
739	2140	1
739	2165	1
739	2172	1
739	2909	1
740	1170	1
740	1174	1
740	2136	1
740	2908	1
740	2916	1
740	3045	1
744	1167	1
744	1589	1
744	2072	1
744	2140	1
744	2165	1
744	2172	1
744	2909	1
745	2142	1
745	2176	1
745	2910	1
748	1101	1
748	1105	1
748	1107	1
748	1900	1
748	2806	1
748	3362	1
753	1405	1
753	2495	1
753	2781	1
756	951	1
756	1169	1
756	2074	1
756	2141	1
756	2714	1
756	2912	1
757	1168	1
757	2073	1
757	2135	1
757	2171	1
757	2912	1
763	799	1
763	800	1
763	1025	2
763	1091	2
763	1092	2
763	1561	2
769	1073	1
769	1165	1
769	1803	1
769	2933	1
774	777	1
774	780	1
774	1398	1
774	1623	1
774	3073	1
777	780	1
777	1398	1
777	1623	1
777	3073	1
780	1398	1
780	1623	1
780	3073	1
782	938	1
782	969	1
782	1239	1
782	1251	1
782	2486	1
782	2799	1
782	3059	1
783	937	1
783	968	1
783	1238	1
783	1250	1
783	2485	1
783	2798	1
786	788	1
786	953	1
786	1684	1
788	953	1
788	1684	1
789	791	1
789	1367	1
789	1430	1
789	2055	1
789	2929	1
791	1367	1
791	1430	1
791	2055	1
791	2929	1
797	1646	1
797	1740	1
797	1770	1
797	2531	1
799	1025	1
799	1091	1
799	1092	1
799	1561	1
800	1025	1
800	1091	1
800	1092	1
800	1561	1
812	1710	1
812	2039	1
815	926	1
815	1062	1
815	1070	2
815	1071	3
816	1063	2
816	1068	2
817	2371	1
817	2373	1
817	2374	1
817	2733	1
817	2846	1
817	2879	1
817	3091	1
817	3260	1
817	3261	1
817	3381	1
828	1043	1
828	1123	1
828	2406	1
830	841	1
830	843	1
837	978	1
837	1122	1
837	2776	1
841	843	1
845	1086	1
845	1633	1
845	2600	1
845	2797	1
845	2811	1
847	848	1
847	849	1
847	850	1
847	851	1
847	854	1
847	855	1
847	1291	1
847	1492	1
847	2645	1
848	849	1
848	850	1
848	851	1
848	854	1
848	855	1
848	1291	1
848	1492	1
848	2645	1
849	850	1
849	851	1
849	854	1
849	855	1
849	1291	1
849	1492	1
849	2645	1
850	851	1
850	854	1
850	855	1
850	1291	1
850	1492	1
850	2645	1
851	854	1
851	855	1
851	1291	1
851	1492	1
851	2645	1
854	855	1
854	1291	1
854	1492	1
854	2645	1
855	1291	1
855	1492	1
855	2645	1
863	918	1
863	920	1
863	1118	1
863	1142	1
863	1491	1
864	961	1
864	1153	1
864	1790	1
869	2768	2
873	2068	1
873	2272	1
873	2412	1
873	3095	1
873	3143	1
874	1200	2
874	1534	1
874	2065	1
874	2067	1
875	935	1
875	2038	1
875	3044	1
875	3254	1
877	3237	1
885	1074	1
885	1202	1
885	2211	1
885	2235	1
885	2504	1
885	3081	1
885	3186	1
889	893	1
889	894	1
889	1099	1
889	1874	1
893	894	1
893	1099	1
893	1874	1
894	1099	1
894	1874	1
907	1012	2
907	1438	2
907	2036	2
907	2175	2
907	2219	2
907	2223	2
907	2336	2
907	2351	2
907	2367	2
907	2695	2
907	2795	2
907	3122	2
918	920	1
918	1118	1
918	1142	1
918	1150	1
918	1490	1
918	1491	1
920	1118	1
920	1142	1
920	1491	1
921	2782	1
921	2805	1
921	3228	1
921	3247	1
923	1535	1
923	1597	1
923	3101	1
924	925	1
924	1000	1
924	1184	1
924	1252	1
924	1254	1
924	1256	1
924	1575	1
924	2333	1
924	2436	1
924	2537	1
924	2631	1
925	1000	1
925	1184	1
925	1252	1
925	1254	1
925	1256	1
925	1575	1
925	2333	1
925	2436	1
925	2537	1
925	2631	1
926	1062	1
926	1071	1
935	2038	1
935	3044	1
935	3254	1
937	968	1
937	1238	1
937	1250	1
937	2485	1
937	2798	1
938	969	1
938	1239	1
938	1251	1
938	2486	1
938	2799	1
938	3059	1
941	1561	1
941	1732	1
941	1919	1
941	2047	1
941	2061	1
941	2240	1
941	2439	1
941	2761	1
945	1619	1
945	2042	1
945	2043	1
945	2044	1
945	3304	1
945	3305	1
945	3306	1
946	970	1
946	971	1
946	972	1
946	973	1
946	974	1
946	1549	1
946	2212	1
946	2220	1
946	2353	1
946	3169	1
949	2045	1
949	2052	1
949	2070	1
949	2739	1
949	2777	1
949	3102	1
950	2375	1
950	2379	1
950	2880	1
950	3079	1
951	1169	1
951	2074	1
951	2141	1
951	2714	1
951	2912	1
952	998	2
952	1581	2
953	1684	1
955	990	1
955	1550	1
955	2199	1
955	2813	1
960	1793	1
960	3048	1
960	3341	1
960	3344	1
961	1153	1
961	1790	1
968	1238	1
968	1250	1
968	2485	1
968	2798	1
969	1239	1
969	1251	1
969	2486	1
969	2799	1
969	3059	1
970	971	1
970	972	1
970	973	1
970	974	1
970	1549	1
970	2212	1
970	2220	1
970	2353	1
970	3169	1
971	972	1
971	973	1
971	974	1
971	1549	1
971	2212	1
971	2220	1
971	2353	1
971	3169	1
972	973	1
972	974	1
972	1549	1
972	2212	1
972	2220	1
972	2353	1
972	3169	1
973	974	1
973	1549	1
973	2212	1
973	2220	1
973	2353	1
973	3169	1
974	1549	1
974	2212	1
974	2220	1
974	2353	1
974	3169	1
978	1122	1
978	2776	1
980	1007	1
980	1489	1
980	2370	1
980	2536	1
983	993	1
983	1229	1
983	2778	1
983	2836	1
990	1550	1
990	2199	1
990	2813	1
993	1229	1
993	2778	1
993	2836	1
998	1581	2
1000	1184	1
1000	1252	1
1000	1254	1
1000	1256	1
1000	1575	1
1000	2333	1
1000	2436	1
1000	2537	1
1000	2631	1
1007	1489	1
1007	2370	1
1007	2536	1
1009	1066	1
1009	2773	1
1010	1066	1
1010	2773	1
1012	1438	2
1012	2036	2
1012	2175	2
1012	2219	2
1012	2223	2
1012	2336	2
1012	2351	2
1012	2367	2
1012	2695	2
1012	2795	2
1012	3122	2
1013	2104	1
1013	2162	1
1013	2236	1
1013	2423	1
1013	3145	1
1014	1016	1
1014	1017	1
1014	1019	1
1014	1022	1
1014	1035	1
1014	1131	1
1014	1135	1
1014	1140	1
1014	1160	1
1014	1163	1
1014	1187	1
1014	1812	1
1014	1822	1
1014	2185	1
1014	2585	1
1015	1018	4
1015	1021	2
1015	1023	1
1015	1024	4
1015	1034	4
1015	1038	3
1015	1130	4
1015	1134	4
1015	1136	1
1015	1139	4
1015	1158	1
1015	1159	4
1015	1162	1
1015	1186	4
1015	1821	4
1015	2184	4
1015	2584	4
1016	1017	1
1016	1019	1
1016	1022	1
1016	1035	1
1016	1131	1
1016	1135	1
1016	1140	1
1016	1160	1
1016	1163	1
1016	1187	1
1016	1812	1
1016	1822	1
1016	2185	1
1016	2585	1
1017	1019	1
1017	1022	1
1017	1035	1
1017	1131	1
1017	1135	1
1017	1140	1
1017	1160	1
1017	1163	1
1017	1187	1
1017	1812	1
1017	1822	1
1017	2185	1
1017	2585	1
1018	1021	2
1018	1023	1
1018	1024	4
1018	1034	4
1018	1038	3
1018	1130	4
1018	1134	4
1018	1136	1
1018	1139	4
1018	1158	1
1018	1159	4
1018	1162	1
1018	1186	4
1018	1821	4
1018	2184	4
1018	2584	4
1019	1022	1
1019	1035	1
1019	1131	1
1019	1135	1
1019	1140	1
1019	1160	1
1019	1163	1
1019	1187	1
1019	1812	1
1019	1822	1
1019	2185	1
1019	2585	1
1021	1024	2
1021	1034	2
1021	1038	2
1021	1130	2
1021	1134	2
1021	1136	1
1021	1139	2
1021	1158	1
1021	1159	2
1021	1186	2
1021	1821	2
1021	2184	2
1021	2584	2
1022	1035	1
1022	1131	1
1022	1135	1
1022	1140	1
1022	1160	1
1022	1163	1
1022	1187	1
1022	1812	1
1022	1822	1
1022	2185	1
1022	2585	1
1023	1024	1
1023	1034	1
1023	1038	1
1023	1130	1
1023	1134	1
1023	1139	1
1023	1159	1
1023	1186	1
1023	1821	1
1023	2184	1
1023	2584	1
1024	1034	4
1024	1038	3
1024	1130	4
1024	1134	4
1024	1136	1
1024	1139	4
1024	1158	1
1024	1159	4
1024	1162	1
1024	1186	4
1024	1821	4
1024	2184	4
1024	2584	4
1025	1091	2
1025	1092	2
1025	1561	2
1028	1397	1
1028	1451	1
1028	1505	1
1028	1506	1
1028	1570	1
1031	1121	1
1031	1584	1
1031	1585	2
1031	3377	1
1033	1049	2
1033	3116	2
1034	1038	3
1034	1130	4
1034	1134	4
1034	1136	1
1034	1139	4
1034	1158	1
1034	1159	4
1034	1162	1
1034	1186	4
1034	1821	4
1034	2184	4
1034	2584	4
1035	1131	1
1035	1135	1
1035	1140	1
1035	1160	1
1035	1163	1
1035	1187	1
1035	1812	1
1035	1822	1
1035	2185	1
1035	2585	1
1038	1130	3
1038	1134	3
1038	1136	1
1038	1139	3
1038	1158	1
1038	1159	3
1038	1186	3
1038	1821	3
1038	2184	3
1038	2584	3
1043	1123	1
1043	2406	1
1049	3116	1
1054	1083	1
1054	1095	1
1054	2078	1
1062	1071	1
1063	1068	3
1066	2773	2
1073	1129	1
1073	1164	1
1073	1165	1
1073	1803	1
1073	2614	1
1073	2615	1
1073	2616	1
1073	2783	1
1073	2933	1
1074	1202	1
1074	2211	1
1074	2235	1
1074	2504	1
1074	3081	1
1074	3186	1
1076	1108	1
1076	1182	1
1076	2281	1
1076	2470	1
1076	2472	1
1076	3142	1
1078	2738	4
1078	2791	2
1079	2774	2
1083	1095	1
1083	2078	1
1084	1088	1
1084	1110	1
1084	1155	1
1084	1633	1
1084	2231	1
1084	2600	1
1084	2811	1
1085	1507	2
1085	2773	2
1086	1633	1
1086	2600	1
1086	2797	1
1086	2811	1
1087	1109	1
1087	1521	1
1087	1595	1
1087	1632	1
1087	2560	1
1087	2600	1
1087	2800	1
1087	2811	1
1088	1110	1
1088	1155	1
1088	1633	1
1088	2231	1
1088	2600	1
1088	2811	1
1091	1092	2
1091	1561	2
1092	1561	2
1094	1244	1
1094	2769	1
1094	3380	1
1095	2078	1
1099	1874	1
1101	1105	1
1101	1107	1
1101	1900	1
1101	2806	1
1101	3362	1
1105	1107	1
1105	1900	1
1105	2806	1
1105	3362	1
1107	1900	1
1107	2806	1
1107	3362	1
1108	1182	1
1108	2281	1
1108	2470	1
1108	2472	1
1108	3142	1
1109	1521	1
1109	1595	1
1109	1632	1
1109	2560	1
1109	2600	1
1109	2800	1
1109	2811	1
1110	1155	1
1110	1633	1
1110	2231	1
1110	2600	1
1110	2811	1
1118	1142	1
1118	1491	1
1121	1584	1
1121	1585	1
1121	3377	1
1122	2776	1
1123	2406	1
1129	1164	1
1129	2614	1
1129	2615	1
1129	2616	1
1130	1134	4
1130	1136	1
1130	1139	4
1130	1158	1
1130	1159	4
1130	1162	1
1130	1186	4
1130	1821	4
1130	2184	4
1130	2584	4
1131	1135	1
1131	1140	1
1131	1160	1
1131	1163	1
1131	1187	1
1131	1812	1
1131	1822	1
1131	2185	1
1131	2585	1
1134	1136	1
1134	1139	4
1134	1158	1
1134	1159	4
1134	1162	1
1134	1186	4
1134	1821	4
1134	2184	4
1134	2584	4
1135	1140	1
1135	1160	1
1135	1163	1
1135	1187	1
1135	1812	1
1135	1822	1
1135	2185	1
1135	2585	1
1136	1139	1
1136	1158	1
1136	1159	1
1136	1186	1
1136	1821	1
1136	2184	1
1136	2584	1
1139	1158	1
1139	1159	4
1139	1162	1
1139	1186	4
1139	1821	4
1139	2184	4
1139	2584	4
1140	1160	1
1140	1163	1
1140	1187	1
1140	1812	1
1140	1822	1
1140	2185	1
1140	2585	1
1142	1491	1
1150	1490	1
1152	1351	1
1152	1357	1
1152	2741	1
1152	2767	1
1152	3108	1
1152	3248	1
1153	1790	1
1154	1156	1
1154	1513	1
1154	1520	1
1154	1522	1
1154	1523	1
1154	1633	1
1154	2186	1
1154	2600	1
1154	2811	1
1154	3351	1
1155	1633	1
1155	2231	1
1155	2600	1
1155	2811	1
1156	1513	1
1156	1520	1
1156	1522	1
1156	1523	1
1156	1633	1
1156	2186	1
1156	2600	1
1156	2811	1
1156	3351	1
1158	1159	1
1158	1186	1
1158	1821	1
1158	2184	1
1158	2584	1
1159	1162	1
1159	1186	4
1159	1821	4
1159	2184	4
1159	2584	4
1160	1163	1
1160	1187	1
1160	1812	1
1160	1822	1
1160	2185	1
1160	2585	1
1162	1186	1
1162	1821	1
1162	2184	1
1162	2584	1
1163	1187	1
1163	1812	1
1163	1822	1
1163	2185	1
1163	2585	1
1164	2614	1
1164	2615	1
1164	2616	1
1165	1803	1
1165	2933	1
1166	1176	1
1166	1339	1
1166	1553	1
1166	1782	1
1166	2134	1
1166	2160	1
1166	2911	1
1167	1589	1
1167	2072	1
1167	2140	1
1167	2165	1
1167	2172	1
1167	2909	1
1168	2073	1
1168	2135	1
1168	2139	1
1168	2171	1
1168	2764	1
1168	2908	1
1168	2912	1
1169	2074	1
1169	2141	1
1169	2714	1
1169	2912	1
1170	1174	1
1170	2136	1
1170	2908	1
1170	2916	1
1170	3045	1
1174	2136	1
1174	2908	1
1174	2916	1
1174	3045	1
1176	1339	1
1176	1553	1
1176	1782	1
1176	2134	1
1176	2160	1
1176	2911	1
1177	1204	1
1177	1471	1
1182	2281	1
1182	2470	1
1182	2472	1
1182	3142	1
1183	2049	1
1183	3134	1
1183	3155	1
1184	1252	1
1184	1254	1
1184	1256	1
1184	1575	1
1184	2333	1
1184	2436	1
1184	2537	1
1184	2631	1
1186	1821	4
1186	2184	4
1186	2584	4
1187	1812	1
1187	1822	1
1187	2185	1
1187	2585	1
1191	3057	1
1191	3072	1
1200	1534	1
1200	2065	1
1200	2067	1
1201	1417	1
1201	2233	1
1201	2760	1
1201	3153	1
1202	2211	1
1202	2235	1
1202	2504	1
1202	3081	1
1202	3186	1
1204	1471	1
1211	1212	1
1211	1213	1
1211	1565	1
1211	3258	1
1212	1213	1
1212	1565	1
1212	3258	1
1213	1565	1
1213	3258	1
1218	1219	1
1218	1224	1
1218	1225	1
1218	2385	1
1219	1224	1
1219	1225	1
1219	2385	1
1224	1225	1
1224	2385	1
1225	2385	1
1226	1541	1
1226	2409	1
1229	2778	1
1229	2836	1
1231	2214	2
1231	2217	2
1233	1305	1
1233	2327	1
1233	2359	1
1233	2390	1
1233	3035	1
1235	1264	1
1235	2685	1
1236	1689	1
1236	1806	1
1236	2158	1
1236	2506	1
1236	2509	1
1236	2510	1
1236	2526	1
1238	1250	1
1238	2485	1
1238	2798	1
1239	1251	1
1239	2486	1
1239	2799	1
1239	3059	1
1244	2769	1
1244	3380	1
1245	2790	2
1248	1257	1
1248	1801	1
1248	2790	2
1248	3222	1
1250	2485	1
1250	2798	1
1251	2486	1
1251	2799	1
1251	3059	1
1252	1254	1
1252	1256	1
1252	1575	1
1252	2333	1
1252	2436	1
1252	2537	1
1252	2631	1
1254	1256	1
1254	1575	1
1254	2333	1
1254	2436	1
1254	2537	1
1254	2631	1
1256	1575	1
1256	2333	1
1256	2436	1
1256	2537	1
1256	2631	1
1257	1801	1
1257	3222	1
1258	1918	1
1258	2129	1
1258	2372	1
1258	3272	1
1263	1810	1
1263	1934	1
1263	2182	1
1263	3281	1
1264	2685	1
1291	1492	1
1291	2645	1
1305	2327	1
1305	2359	1
1305	2390	1
1305	3035	1
1316	2457	2
1316	2793	2
1329	1332	1
1329	1333	1
1329	1335	1
1329	1396	1
1332	1333	1
1332	1335	1
1332	1396	1
1333	1335	1
1333	1396	1
1335	1396	1
1336	1757	1
1336	1846	1
1336	2365	1
1336	2568	1
1336	3256	1
1339	1553	1
1339	1782	1
1339	2134	1
1339	2160	1
1339	2911	1
1351	1357	1
1351	2741	1
1351	2767	1
1351	3108	1
1351	3248	1
1356	1780	1
1356	2783	1
1357	2741	1
1357	2767	1
1357	2784	1
1357	3108	1
1357	3248	1
1363	1598	1
1363	1792	1
1363	2076	1
1367	1430	1
1367	2055	1
1367	2929	1
1381	3369	2
1397	1451	1
1397	1505	1
1397	1506	1
1397	1570	1
1398	1623	1
1398	3073	1
1400	1445	1
1400	1626	1
1400	3081	1
1402	1596	1
1402	1680	1
1402	2433	1
1402	3123	1
1405	2495	1
1405	2781	1
1415	1432	1
1415	1557	1
1415	1796	1
1415	2633	1
1415	2809	1
1417	2233	1
1417	2760	1
1417	3153	1
1427	1485	1
1427	1486	1
1427	1590	1
1427	1777	1
1427	2766	1
1427	3054	1
1430	2055	1
1430	2929	1
1432	1557	1
1432	1796	1
1432	2633	1
1432	2809	1
1436	1473	1
1436	1612	1
1436	2174	1
1436	2204	2
1437	2083	1
1437	3137	1
1438	1613	1
1438	1626	1
1438	2036	2
1438	2175	2
1438	2219	2
1438	2223	2
1438	2224	2
1438	2336	2
1438	2351	2
1438	2367	2
1438	2438	1
1438	2695	2
1438	2795	2
1438	3121	1
1438	3122	2
1438	3156	1
1441	1558	1
1441	2724	1
1441	2803	1
1441	2824	1
1445	1562	1
1445	1626	1
1445	1744	1
1445	1759	1
1445	2179	1
1445	2368	1
1445	2757	1
1445	3081	1
1446	1748	1
1446	1917	1
1446	2144	1
1446	2743	1
1446	3177	1
1451	1505	1
1451	1506	1
1451	1570	1
1457	1783	1
1457	1785	1
1457	2381	1
1457	3068	1
1457	3176	1
1473	2174	1
1473	2204	1
1478	1603	1
1478	1672	1
1478	1741	1
1478	1759	1
1485	1486	1
1485	1590	1
1485	1777	1
1485	2766	1
1485	3054	1
1486	1590	1
1486	1777	1
1486	2766	1
1486	3054	1
1489	2370	1
1489	2536	1
1492	2645	1
1497	2248	1
1497	3119	1
1497	3349	1
1502	1825	1
1502	1923	1
1502	2164	1
1502	2202	1
1505	1506	1
1505	1570	1
1506	1570	1
1507	2002	1
1507	2393	1
1507	2773	2
1507	3255	1
1507	3315	1
1507	3325	1
1513	1520	1
1513	1522	1
1513	1523	1
1513	1633	1
1513	2186	1
1513	2600	1
1513	2811	1
1513	3351	1
1514	2153	1
1514	2298	1
1518	2173	1
1518	2307	1
1518	2424	1
1518	2694	1
1520	1522	1
1520	1523	1
1520	1633	1
1520	2186	1
1520	2600	1
1520	2811	1
1520	3351	1
1521	1595	1
1521	1632	1
1521	2560	1
1521	2600	1
1521	2800	1
1521	2811	1
1522	1523	1
1522	1633	1
1522	2186	1
1522	2600	1
1522	2811	1
1522	3351	1
1523	1633	1
1523	2186	1
1523	2600	1
1523	2811	1
1523	3351	1
1524	1561	2
1527	1830	2
1527	1843	4
1533	2054	3
1533	2402	2
1533	2976	1
1534	2065	1
1535	1597	1
1535	3101	1
1536	2401	2
1536	3285	1
1541	2401	1
1541	2409	1
1541	3284	1
1541	3285	1
1541	3286	1
1549	2212	1
1549	2220	1
1549	2353	1
1549	3169	1
1550	2199	1
1550	2813	1
1553	1782	1
1553	2134	1
1553	2160	1
1553	2911	1
1557	1796	1
1557	2633	1
1557	2809	1
1558	2724	1
1558	2803	1
1558	2824	1
1561	1732	1
1561	1919	1
1561	2047	1
1561	2061	2
1561	2071	1
1561	2240	1
1561	2439	1
1561	2761	1
1562	1744	1
1562	1759	1
1562	2179	1
1562	2368	1
1562	2757	1
1562	2976	1
1564	2058	1
1564	2062	1
1564	2618	1
1565	3258	1
1566	1670	1
1566	2059	1
1566	2063	1
1569	1731	1
1569	2060	1
1569	2762	1
1569	2928	1
1569	3347	1
1575	2333	1
1575	2436	1
1575	2537	1
1575	2631	1
1584	1585	1
1584	3377	1
1585	3377	1
1589	2072	1
1589	2140	1
1589	2165	1
1589	2172	1
1589	2909	1
1590	1777	1
1590	2766	1
1590	3054	1
1595	1632	1
1595	2560	1
1595	2600	1
1595	2800	1
1595	2811	1
1596	1680	1
1596	2433	1
1596	3123	1
1597	3101	1
1598	1792	1
1598	2076	1
1603	1672	1
1603	1741	1
1603	1759	1
1612	2204	1
1613	3121	1
1613	3156	1
1619	2042	1
1619	3305	1
1623	3073	1
1626	3081	1
1632	2560	1
1632	2600	1
1632	2800	1
1632	2811	1
1633	2186	1
1633	2231	1
1633	2600	3
1633	2797	1
1633	2811	3
1633	3351	1
1646	1740	1
1646	1770	1
1646	2531	1
1667	1690	1
1667	1743	1
1667	2548	1
1670	2059	1
1670	2063	1
1671	1673	2
1671	1674	1
1671	1687	1
1671	2187	1
1672	1741	1
1672	1759	1
1673	1674	1
1673	1687	1
1673	2187	1
1674	1687	1
1674	2187	1
1680	2433	1
1680	3123	1
1687	2187	1
1689	1806	1
1689	2158	1
1689	2506	1
1689	2509	1
1689	2510	1
1689	2526	1
1690	1743	2
1690	2548	1
1695	1746	2
1695	3125	2
1697	1746	1
1697	1754	1
1697	2262	1
1697	2347	1
1697	3259	1
1710	2039	1
1722	1749	1
1722	2389	1
1722	2841	1
1722	2848	1
1731	2060	1
1731	2762	1
1731	2928	1
1731	3347	1
1732	1919	1
1732	2047	1
1732	2061	1
1732	2240	1
1732	2439	1
1732	2761	1
1737	3276	1
1740	1770	1
1740	2531	1
1741	1759	1
1743	2548	1
1744	1759	1
1744	2179	1
1744	2368	1
1744	2757	1
1746	3125	2
1748	1917	1
1748	2144	1
1748	2743	1
1748	3177	1
1749	2389	1
1749	2841	1
1749	2848	1
1754	2262	1
1754	2347	1
1754	3259	1
1757	1846	1
1757	2365	1
1757	2568	1
1757	3256	1
1759	2179	1
1759	2368	1
1759	2757	1
1770	2531	1
1777	2766	1
1777	3054	1
1780	2783	1
1782	2134	1
1782	2160	1
1782	2911	1
1783	1785	1
1783	2381	1
1783	3068	1
1783	3176	1
1785	2381	1
1785	3068	1
1785	3176	1
1786	1865	1
1786	1967	1
1792	2076	1
1793	3048	1
1793	3341	1
1793	3344	1
1796	2633	1
1796	2809	1
1799	2008	2
1799	2660	2
1801	3222	1
1803	2933	1
1806	2158	1
1806	2506	1
1806	2509	1
1806	2510	1
1806	2526	1
1810	1934	1
1810	2182	1
1810	3281	1
1812	1822	1
1812	2185	1
1812	2585	1
1817	2632	1
1817	2860	1
1817	3185	1
1817	3345	1
1819	2742	1
1819	2844	3
1819	3178	3
1821	2184	4
1821	2584	4
1822	2185	1
1822	2585	1
1825	1923	1
1825	2164	1
1825	2202	1
1830	1843	2
1846	2365	1
1846	2568	1
1846	3256	1
1847	1869	1
1847	2388	1
1847	2842	1
1852	3235	2
1852	3236	3
1865	1967	2
1869	2388	1
1869	2842	1
1894	2956	1
1899	1901	1
1899	3038	1
1900	2806	1
1900	3362	1
1901	3038	1
1917	2144	1
1917	2743	1
1917	3177	1
1918	2129	1
1918	2372	1
1918	3272	1
1919	2047	1
1919	2061	1
1919	2240	1
1919	2439	1
1919	2761	1
1923	2164	1
1923	2202	1
1934	2008	2
1934	2182	1
1934	2663	2
1934	2674	1
1934	2760	1
1934	3251	1
1934	3252	1
1934	3253	1
1934	3280	1
1934	3281	1
1934	3365	1
1940	2398	7
1961	2401	1
1961	2402	1
1966	3324	1
1966	3346	1
1966	3356	1
1966	3373	1
1990	2008	2
1990	3159	1
1995	3269	2
1995	3350	2
1996	3310	1
1996	3320	1
2002	2393	1
2002	3255	1
2002	3315	1
2002	3325	1
2008	2426	1
2008	2660	2
2008	2663	2
2008	2674	1
2008	3159	2
2008	3252	1
2008	3253	1
2015	2679	1
2031	3020	1
2031	3323	1
2036	2175	2
2036	2219	2
2036	2223	2
2036	2336	2
2036	2351	2
2036	2367	2
2036	2695	2
2036	2795	2
2036	3122	2
2038	3044	1
2038	3254	1
2040	2500	1
2040	3041	1
2042	3305	1
2043	3306	1
2044	2229	1
2044	3304	1
2045	2052	1
2045	2070	1
2045	2739	1
2045	2777	1
2045	3102	1
2047	2061	1
2047	2240	1
2047	2439	1
2047	2761	1
2049	3134	1
2049	3155	1
2052	2070	1
2052	2739	1
2052	2777	1
2052	3102	1
2055	2929	1
2058	2062	1
2058	2618	1
2059	2063	1
2060	2762	1
2060	2928	1
2060	3347	1
2061	2071	1
2061	2240	1
2061	2439	1
2061	2761	1
2062	2618	1
2068	2272	1
2068	2412	1
2068	3095	1
2068	3143	1
2070	2739	1
2070	2777	1
2070	3102	1
2072	2140	1
2072	2165	1
2072	2172	1
2072	2909	1
2073	2135	1
2073	2171	1
2073	2912	1
2074	2141	1
2074	2714	1
2074	2912	1
2082	2382	1
2082	3136	1
2083	3137	1
2104	2162	1
2104	2236	1
2104	2423	1
2104	3145	1
2121	2398	1
2121	2401	1
2127	2398	1
2129	2372	1
2129	3272	1
2130	2502	1
2130	2917	1
2130	3097	1
2131	2338	1
2131	2445	1
2131	2501	1
2131	2917	1
2134	2160	1
2134	2911	1
2135	2171	1
2135	2912	1
2136	2908	1
2136	2916	1
2136	3045	1
2139	2764	1
2139	2908	1
2140	2165	1
2140	2172	1
2140	2909	1
2141	2714	1
2141	2912	1
2142	2176	1
2142	2910	1
2144	2743	1
2144	3177	1
2153	2298	1
2158	2506	1
2158	2509	1
2158	2510	1
2158	2526	1
2159	2191	1
2159	2344	1
2159	3138	1
2160	2911	1
2162	2236	1
2162	2423	1
2162	3145	1
2164	2202	1
2165	2172	1
2165	2909	1
2168	2664	2
2168	2959	2
2168	3357	1
2171	2912	1
2172	2909	1
2173	2307	1
2173	2424	1
2173	2694	1
2174	2204	1
2175	2219	2
2175	2223	2
2175	2336	2
2175	2351	2
2175	2367	2
2175	2695	2
2175	2795	2
2175	3122	2
2176	2910	1
2179	2368	1
2179	2757	1
2182	3281	1
2184	2584	4
2185	2585	1
2186	2600	1
2186	2811	1
2186	3351	1
2191	2344	1
2191	3138	1
2199	2813	1
2211	2235	1
2211	2504	1
2211	3081	1
2211	3186	1
2212	2220	1
2212	2353	1
2212	3169	1
2214	2217	2
2219	2223	2
2219	2336	2
2219	2351	2
2219	2367	2
2219	2695	2
2219	2795	2
2219	3122	2
2220	2353	1
2220	3169	1
2223	2336	2
2223	2351	2
2223	2367	2
2223	2695	2
2223	2795	2
2223	3122	2
2224	2368	1
2224	2438	2
2231	2600	1
2231	2811	1
2233	2760	1
2233	3153	1
2235	2504	1
2235	3081	1
2235	3186	1
2236	2423	1
2236	3145	1
2240	2439	1
2240	2761	1
2248	3119	1
2248	3349	1
2259	2454	2
2262	2347	1
2262	3259	1
2272	2412	1
2272	3095	1
2272	3143	1
2281	2470	1
2281	2472	1
2281	3142	1
2284	2597	1
2284	2783	1
2284	3107	1
2287	3063	2
2307	2424	1
2307	2694	1
2327	2359	1
2327	2390	1
2327	3035	1
2333	2436	1
2333	2537	1
2333	2631	1
2336	2351	2
2336	2367	2
2336	2695	2
2336	2795	2
2336	3122	2
2338	2445	1
2338	2501	1
2338	2917	1
2344	3138	1
2347	3259	1
2351	2367	2
2351	2695	2
2351	2795	2
2351	3122	2
2353	3169	1
2359	2390	1
2359	3035	1
2365	2568	1
2365	3256	1
2367	2695	2
2367	2795	2
2367	3122	2
2368	2438	1
2368	2757	1
2370	2536	1
2371	2373	1
2371	2374	1
2371	2733	1
2371	2846	1
2371	2879	1
2371	3091	1
2371	3260	1
2371	3261	1
2371	3381	1
2372	3272	1
2373	2374	1
2373	2733	1
2373	2846	1
2373	2879	1
2373	3091	1
2373	3260	1
2373	3261	1
2373	3381	1
2374	2733	1
2374	2846	1
2374	2879	1
2374	3091	1
2374	3260	1
2374	3261	1
2374	3381	1
2375	2379	1
2375	2880	1
2375	3079	1
2379	2880	1
2379	3079	1
2381	3068	1
2381	3176	1
2382	3136	1
2388	2842	1
2389	2841	1
2389	2848	1
2390	3035	1
2393	3255	1
2393	3315	1
2393	3325	1
2401	3284	1
2401	3285	2
2401	3286	1
2412	3095	1
2412	3143	1
2423	3145	1
2424	2694	1
2426	2663	1
2433	3123	1
2436	2537	1
2436	2631	1
2439	2761	1
2445	2501	1
2445	2917	1
2457	2793	2
2470	2472	1
2470	3142	1
2472	3142	1
2485	2798	1
2486	2799	1
2486	3059	1
2495	2781	1
2500	3041	1
2501	2917	1
2502	2917	1
2502	3097	1
2504	3081	1
2504	3186	1
2506	2509	1
2506	2510	1
2506	2526	1
2509	2510	1
2509	2526	1
2510	2526	1
2528	2529	2
2537	2631	1
2551	2552	2
2560	2600	1
2560	2800	1
2560	2811	1
2568	3256	1
2597	2783	1
2597	3107	1
2600	2797	1
2600	2800	1
2600	2811	4
2600	3351	1
2614	2615	1
2614	2616	1
2615	2616	1
2632	2860	1
2632	3185	1
2632	3345	1
2633	2809	1
2638	2641	2
2638	2642	2
2641	2642	2
2643	3334	1
2663	2956	2
2663	2976	2
2663	3012	1
2664	2959	3
2664	3357	2
2674	3252	1
2674	3253	1
2695	2795	2
2695	3122	2
2709	3269	1
2709	3307	1
2711	3020	2
2714	2912	1
2724	2803	1
2724	2824	1
2733	2846	1
2733	2879	1
2733	3091	1
2733	3260	1
2733	3261	1
2733	3381	1
2738	2791	2
2739	2777	1
2739	3102	1
2741	2767	1
2741	3108	1
2741	3248	1
2742	2759	1
2742	2844	1
2742	3178	1
2743	3177	1
2753	3020	1
2753	3334	1
2760	3153	1
2760	3251	1
2760	3280	1
2760	3365	1
2762	2928	1
2762	3347	1
2764	2908	1
2766	3054	1
2766	3080	1
2767	3108	1
2767	3248	1
2769	3380	1
2777	3102	1
2778	2836	1
2782	2805	1
2782	3228	1
2782	3247	1
2783	3107	1
2795	3122	2
2797	2811	1
2799	3059	1
2800	2811	1
2803	2824	1
2805	3228	1
2805	3247	1
2806	3362	1
2811	3351	1
2841	2848	1
2844	3178	3
2846	2879	1
2846	3091	1
2846	3260	1
2846	3261	1
2846	3381	1
2860	3185	1
2860	3345	1
2864	3020	11
2873	2894	1
2879	3091	1
2879	3260	1
2879	3261	1
2879	3381	1
2880	3079	1
2887	2894	1
2887	2931	1
2908	2916	1
2908	3045	1
2916	3045	1
2917	3097	1
2928	3347	1
2956	3012	1
2959	3357	2
2976	3279	2
2976	3334	5
2999	3012	1
3020	3287	3
3044	3254	1
3048	3341	1
3048	3344	1
3057	3072	1
3068	3176	1
3081	3186	1
3091	3260	1
3091	3261	1
3091	3381	1
3095	3143	1
3108	3248	1
3119	3349	1
3121	3156	1
3134	3155	1
3185	3345	1
3228	3247	1
3251	3280	1
3251	3365	1
3252	3253	1
3255	3315	1
3255	3325	1
3260	3261	1
3260	3381	1
3261	3381	1
3269	3350	2
3280	3365	1
3284	3285	1
3284	3286	1
3285	3286	1
3310	3320	2
3315	3325	1
3324	3346	1
3324	3356	1
3327	3329	1
3341	3344	1
3346	3356	1
