1	346	1
1	348	1
1	932	1
1	1327	1
1	2823	1
1	3085	1
1	3114	1
2	360	2
2	1781	2
2	2578	1
3	905	1
3	973	1
3	1168	1
3	2911	1
3	3423	1
6	35	1
6	2511	1
6	2538	1
6	3360	1
6	3362	1
9	1052	2
9	1580	1
9	1581	1
9	1605	2
9	3011	2
12	183	1
12	1920	1
12	2588	1
12	2667	1
12	3233	1
12	3323	1
12	3337	1
12	3338	1
12	3342	1
12	3344	1
12	3347	1
12	3349	1
12	3350	1
12	3352	1
12	3354	1
12	3356	1
12	3358	1
13	105	1
13	357	1
13	588	1
13	1198	1
13	2521	1
13	3123	1
13	3383	1
14	2779	1
32	185	1
32	292	1
32	1328	1
32	2198	1
32	3369	1
35	2511	1
35	2538	1
35	3360	1
35	3362	1
41	804	2
41	1578	2
57	1470	1
57	2128	1
57	2362	1
57	2492	1
57	2966	1
57	3229	1
65	153	1
65	222	1
65	989	1
65	1669	1
65	2761	1
67	160	1
67	2587	1
67	2656	1
67	2748	1
67	3005	1
67	3143	1
67	3235	1
67	3237	1
67	3321	1
67	3444	1
69	178	1
69	179	1
69	819	1
69	1187	1
69	1189	1
69	1197	1
73	864	1
73	1912	1
73	2422	1
73	2519	1
73	2602	1
73	3325	1
78	1851	1
78	1852	2
78	1857	1
78	1858	1
78	1997	1
78	2843	1
78	3305	1
78	3306	1
89	1437	1
89	1450	1
89	1944	1
89	2051	1
89	2203	1
89	2697	1
89	3111	1
101	102	1
101	103	1
101	111	1
101	114	1
101	167	1
101	403	1
101	977	1
101	1142	1
101	1403	1
101	1420	1
101	2025	1
101	2224	1
101	2416	1
101	2421	1
101	2429	1
101	2534	1
101	2694	1
101	2783	1
101	3069	1
101	3101	1
101	3112	1
101	3113	1
101	3147	1
101	3247	1
102	103	1
102	111	1
102	114	1
102	403	1
102	977	1
102	1142	1
102	1403	1
102	1420	1
102	2025	1
102	2224	1
102	2416	1
102	2421	1
102	2429	1
102	2534	1
102	2694	1
102	2783	1
102	3069	1
102	3101	1
102	3112	1
102	3113	1
102	3147	1
102	3247	1
103	111	1
103	114	1
103	403	1
103	977	1
103	1142	1
103	1403	1
103	1420	1
103	2025	1
103	2224	1
103	2416	1
103	2421	1
103	2429	1
103	2534	1
103	2694	1
103	2783	1
103	3069	1
103	3101	1
103	3112	1
103	3113	1
103	3147	1
103	3247	1
105	357	1
105	588	1
105	1198	1
105	2521	1
105	3123	1
105	3383	1
107	163	2
107	378	1
107	379	1
107	1496	1
107	1558	1
107	1562	2
107	2298	2
107	2526	2
107	2598	1
107	2599	1
107	2648	2
107	2754	1
107	2773	1
107	2774	1
107	2777	1
107	2778	1
107	2780	1
107	2781	1
107	2822	1
107	3234	2
107	3410	1
107	3411	1
111	114	1
111	403	1
111	977	1
111	1142	1
111	1403	1
111	1420	1
111	2025	1
111	2224	1
111	2416	1
111	2421	1
111	2429	1
111	2534	1
111	2694	1
111	2783	1
111	3069	1
111	3101	1
111	3112	1
111	3113	1
111	3147	1
111	3247	1
112	358	1
112	402	1
112	1087	1
112	1964	1
112	2947	1
112	3067	1
112	3443	1
113	130	1
113	350	2
113	692	1
113	693	1
113	799	1
113	800	1
113	1877	1
113	2759	1
113	3243	1
114	403	1
114	977	1
114	1142	1
114	1403	1
114	1420	1
114	2025	1
114	2224	1
114	2416	1
114	2421	1
114	2429	1
114	2534	1
114	2694	1
114	2783	1
114	3069	1
114	3101	1
114	3112	1
114	3113	1
114	3147	1
114	3247	1
124	724	1
124	1385	1
124	1575	1
124	2787	1
124	3022	1
130	350	1
130	692	1
130	693	1
130	800	1
130	1877	1
130	2759	1
130	3243	1
131	331	1
131	990	1
131	1373	1
131	1818	1
131	1909	1
131	2484	1
137	281	1
137	1154	1
137	1244	1
137	1698	1
137	2620	1
137	2632	1
137	3169	1
138	204	1
138	209	1
138	1243	1
138	1689	1
138	2962	1
138	3368	1
153	222	1
153	989	1
153	1669	1
153	2761	1
160	2587	1
160	2656	1
160	2748	1
160	3005	1
160	3143	1
160	3235	1
160	3237	1
160	3321	1
160	3444	1
163	378	1
163	379	1
163	1496	1
163	1558	1
163	1562	2
163	2298	2
163	2526	2
163	2598	1
163	2599	1
163	2648	2
163	2754	1
163	2773	1
163	2774	1
163	2777	1
163	2778	1
163	2780	1
163	2781	1
163	2822	1
163	3234	2
163	3410	1
163	3411	1
167	362	1
167	1175	1
167	1179	1
167	1772	1
167	1929	1
167	2014	1
167	2172	1
167	2287	1
167	2306	1
167	2489	1
167	2661	1
167	2688	1
167	2746	1
167	3388	1
167	3400	1
167	3407	1
167	3408	1
167	3424	1
172	3343	1
172	3346	1
172	3353	1
172	3357	1
172	3366	1
178	179	1
178	819	1
178	1187	1
178	1189	1
178	1197	1
179	819	1
179	1187	1
179	1189	1
179	1197	1
183	1920	1
183	2588	1
183	2667	1
183	3233	1
183	3323	1
183	3337	1
183	3338	1
183	3342	1
183	3344	1
183	3347	1
183	3349	1
183	3350	1
183	3352	1
183	3354	1
183	3356	1
183	3358	1
185	292	1
185	1328	1
185	2198	1
185	2827	1
185	3369	1
197	1878	1
197	2663	1
197	3013	1
197	3341	1
197	3441	1
204	209	1
204	1243	1
204	1689	1
204	2962	1
204	3368	1
208	265	1
208	601	1
208	1691	1
208	2601	1
208	3370	1
208	3377	1
209	1243	1
209	1689	1
209	2962	1
209	3368	1
219	322	1
219	342	1
219	635	1
219	2810	1
219	2860	1
219	3028	1
220	313	1
220	386	1
220	1055	1
220	1056	1
220	1622	1
220	1919	1
220	2079	1
220	3050	1
220	3082	1
220	3088	1
221	980	1
221	981	1
221	1421	1
221	2608	1
221	2614	1
221	2821	1
221	3315	1
222	989	1
222	1669	1
222	2761	1
226	1169	1
226	1972	1
226	2315	1
226	2316	1
226	2339	1
226	2817	1
226	3115	1
239	462	1
239	497	1
239	2024	1
239	2304	1
239	2407	1
239	2713	1
239	3379	1
258	850	1
258	1441	1
258	2352	1
258	2664	1
265	601	1
265	1691	1
265	2601	1
265	3370	1
265	3377	1
279	2061	1
279	3413	1
281	1154	1
281	1244	1
281	1698	1
281	2620	1
281	2632	1
281	3169	1
283	1347	1
283	1354	1
283	2079	1
283	2096	1
283	2941	1
283	3047	1
283	3320	1
283	3373	1
283	3381	1
284	347	1
284	365	1
284	415	1
284	1241	1
284	1354	1
284	1367	1
284	1583	1
284	1833	1
284	2050	1
284	2507	1
284	2776	1
284	3081	1
284	3083	1
284	3266	1
284	3429	1
288	1354	1
288	2539	1
288	2740	1
288	3090	1
288	3384	1
288	3385	1
288	3386	1
288	3387	1
292	1328	1
292	2198	1
292	3369	1
299	2078	1
299	2080	1
299	2144	1
299	2655	1
299	2764	1
302	1143	1
302	1925	1
302	1966	1
302	2522	1
302	3037	1
302	3071	1
302	3241	1
305	975	1
305	1343	1
305	1344	1
305	1508	1
305	2293	1
313	386	1
313	1055	1
313	1056	1
313	1622	1
313	1919	1
313	2079	1
313	3050	1
313	3082	1
313	3088	1
318	345	1
318	1174	1
318	1928	1
318	2660	1
318	2923	1
318	3399	1
318	3406	1
322	342	1
322	635	1
322	2810	1
322	2860	1
322	3028	1
328	896	1
328	1306	1
328	2584	1
328	2597	1
328	2623	1
328	2735	1
328	2768	1
328	2831	1
328	2832	1
328	2839	1
328	3072	1
328	3087	1
328	3154	1
328	3246	1
328	3253	1
328	3254	1
328	3340	1
328	3372	1
328	3374	1
328	3375	1
328	3391	1
328	3426	1
328	3452	1
331	990	1
331	1373	1
331	1818	1
331	1909	1
331	2484	1
334	634	2
334	1467	3
335	715	1
335	720	1
335	2430	1
335	3222	1
339	888	1
339	1022	1
339	1054	1
339	1937	1
339	2721	1
341	419	2
341	420	2
341	422	2
341	756	2
341	757	2
341	758	2
341	972	2
341	1133	2
341	1159	2
341	1639	2
341	1807	2
341	1901	2
341	1922	2
341	1969	2
341	1970	2
341	2643	2
341	2678	2
341	2775	2
341	2784	2
341	3070	2
341	3148	2
341	3252	2
341	3390	2
342	635	1
342	2810	1
342	2860	1
342	3028	1
343	2659	1
343	3249	1
343	3311	1
343	3322	1
343	3376	1
343	3404	1
345	1174	1
345	1928	1
345	2660	1
345	2923	1
345	3399	1
345	3406	1
346	348	1
346	932	1
346	1327	1
346	2823	1
346	3085	1
346	3114	1
347	365	1
347	415	1
347	1241	1
347	1354	1
347	1367	1
347	1583	1
347	1833	1
347	2050	1
347	2507	1
347	2776	1
347	3081	1
347	3083	1
347	3266	1
347	3429	1
348	932	1
348	1327	1
348	2823	1
348	3085	1
348	3114	1
350	692	1
350	693	1
350	799	1
350	800	1
350	1877	1
350	2759	1
350	3243	1
357	588	1
357	1198	1
357	2521	1
357	3123	1
357	3383	1
358	402	1
358	1087	1
358	1964	1
358	2947	1
358	3067	1
358	3443	1
360	1781	2
360	2578	2
362	1175	1
362	1929	1
362	2287	1
362	2489	1
362	2661	1
362	3388	1
362	3400	1
362	3407	1
362	3408	1
365	415	1
365	1241	1
365	1354	1
365	1367	1
365	1583	1
365	1833	1
365	2050	1
365	2507	1
365	2776	1
365	3081	1
365	3083	1
365	3266	1
365	3429	1
368	1000	1
368	1339	1
368	1495	1
368	2657	1
368	3096	1
369	370	1
369	1276	1
369	2226	1
369	2729	1
369	3095	1
370	1276	1
370	2226	1
370	2729	1
370	3095	1
373	1002	1
373	1338	1
373	2199	1
373	2730	1
373	3095	1
373	3324	1
373	3380	1
378	1562	1
378	2298	1
378	2526	1
378	2598	1
378	2648	1
378	2773	1
378	2777	1
378	2780	1
378	2822	1
378	3234	1
378	3410	1
379	1496	1
379	1558	1
379	1562	1
379	2298	1
379	2526	1
379	2599	1
379	2648	1
379	2754	1
379	2774	1
379	2778	1
379	2781	1
379	3234	1
379	3411	1
382	985	1
382	2593	1
382	2767	1
382	3062	1
382	3184	1
386	1055	1
386	1056	1
386	1622	1
386	1919	1
386	2079	1
386	3050	1
386	3082	1
386	3088	1
395	755	1
395	992	1
395	1803	1
395	2835	1
395	2901	1
395	2910	1
395	3053	1
395	3316	1
398	634	2
398	649	1
398	1699	1
398	2973	3
402	1087	1
402	1964	1
402	2947	1
402	3067	1
402	3443	1
403	977	1
403	1142	1
403	1403	1
403	1420	1
403	2025	1
403	2224	1
403	2416	1
403	2421	1
403	2429	1
403	2534	1
403	2694	1
403	2783	1
403	3069	1
403	3101	1
403	3112	1
403	3113	1
403	3147	1
403	3247	1
414	1188	1
414	1191	1
414	1918	1
414	2309	1
414	2437	1
414	2594	1
415	1241	1
415	1354	1
415	1367	1
415	1583	1
415	1833	1
415	2050	1
415	2507	1
415	2776	1
415	3081	1
415	3083	1
415	3266	1
415	3429	1
419	420	2
419	422	2
419	756	2
419	757	2
419	758	2
419	972	2
419	1133	2
419	1159	2
419	1639	2
419	1807	2
419	1901	2
419	1922	2
419	1969	2
419	1970	2
419	2643	2
419	2678	2
419	2775	2
419	2784	2
419	3070	2
419	3148	2
419	3252	2
419	3390	2
420	422	2
420	756	2
420	757	2
420	758	2
420	972	2
420	1133	2
420	1159	2
420	1639	2
420	1807	2
420	1901	2
420	1922	2
420	1969	2
420	1970	2
420	2643	2
420	2678	2
420	2775	2
420	2784	2
420	3070	2
420	3148	2
420	3252	2
420	3390	2
422	756	2
422	757	2
422	758	2
422	972	2
422	1133	2
422	1159	2
422	1639	2
422	1807	2
422	1901	2
422	1922	2
422	1969	2
422	1970	2
422	2643	2
422	2678	2
422	2775	2
422	2784	2
422	3070	2
422	3148	2
422	3252	2
422	3390	2
455	3009	2
462	497	1
462	2024	1
462	2304	1
462	2407	1
462	2713	1
462	3379	1
474	475	1
474	527	1
474	994	1
474	1041	1
474	1042	1
474	2366	1
475	527	2
475	994	1
475	996	1
475	1041	1
475	1042	1
475	2366	1
475	2367	1
495	1166	1
495	1318	1
495	1510	1
495	1952	1
495	3216	1
497	2024	1
497	2304	1
497	2407	1
497	2713	1
497	3379	1
527	994	1
527	996	1
527	1041	1
527	1042	1
527	2366	1
527	2367	1
529	760	1
529	823	1
529	997	1
529	1383	1
529	2252	1
536	2031	1
536	2215	1
536	2478	1
536	2549	1
536	2550	1
536	2580	1
542	869	1
542	887	1
542	1516	1
542	2733	1
542	2760	1
542	3119	1
542	3434	1
563	687	1
563	1341	1
563	1703	1
563	2237	1
563	2290	1
588	1198	1
588	2521	1
588	3123	1
588	3383	1
596	1294	1
596	1723	1
596	1760	1
596	3055	1
596	3214	1
601	1691	1
601	2601	1
601	3370	1
601	3377	1
610	924	1
614	623	1
614	1030	1
614	1034	1
614	1081	1
614	1613	1
614	1614	1
614	1831	1
614	1883	1
614	3012	1
623	1030	1
623	1034	1
623	1081	1
623	1613	1
623	1614	1
623	1831	1
623	1883	1
623	3012	1
634	1467	1
634	2973	2
635	2810	1
635	2860	1
635	3028	1
645	1136	1
645	1357	1
645	1750	1
645	2546	1
645	2669	1
649	1699	1
649	2973	1
687	1341	1
687	1703	1
687	2237	1
687	2290	1
692	693	1
692	800	1
692	1877	1
692	2759	1
692	3243	1
693	800	1
693	1877	1
693	2759	1
693	3243	1
699	963	1
699	1372	1
699	1546	1
699	1547	1
699	1561	1
699	1668	1
699	2488	1
714	1822	1
714	2384	1
714	2645	1
714	3211	1
715	720	1
715	2430	1
715	3222	1
720	2430	1
720	3222	1
724	1385	1
724	1575	1
724	2787	1
724	3022	1
728	2200	1
728	2528	1
745	1769	1
755	992	1
755	1803	1
755	2835	1
755	2901	1
755	2910	1
755	3053	1
755	3316	1
756	757	2
756	758	2
756	972	2
756	1133	2
756	1159	2
756	1639	2
756	1807	2
756	1901	2
756	1922	2
756	1969	2
756	1970	2
756	2643	2
756	2678	2
756	2775	2
756	2784	2
756	3070	2
756	3148	2
756	3252	2
756	3390	2
757	758	2
757	972	2
757	1133	2
757	1159	2
757	1639	2
757	1807	2
757	1901	2
757	1922	2
757	1969	2
757	1970	2
757	2643	2
757	2678	2
757	2775	2
757	2784	2
757	3070	2
757	3148	2
757	3252	2
757	3390	2
758	972	2
758	1133	2
758	1159	2
758	1639	2
758	1807	2
758	1901	2
758	1922	2
758	1969	2
758	1970	2
758	2643	2
758	2678	2
758	2775	2
758	2784	2
758	3070	2
758	3148	2
758	3252	2
758	3390	2
760	823	1
760	997	1
760	1383	1
760	2252	1
761	799	1
761	1881	1
761	3229	1
762	1073	1
762	1119	1
762	2048	1
762	2672	1
766	799	1
766	831	1
766	1407	1
766	1812	1
766	2209	1
768	964	1
768	1180	1
768	1824	1
773	1141	1
773	1250	1
773	1692	1
795	844	1
795	2689	1
795	3043	1
799	837	1
799	1202	1
799	1881	1
799	3229	1
800	1877	1
800	2759	1
800	3243	1
804	837	1
804	1578	2
809	1044	1
809	1940	1
809	2338	1
809	3278	1
819	1187	1
819	1189	1
819	1197	1
823	997	1
823	1383	1
823	2252	1
828	1913	1
828	2035	1
828	3298	1
829	1311	1
829	1778	1
829	3215	1
831	1407	1
831	1812	1
831	2209	1
840	1396	1
840	1412	1
840	1445	1
840	3014	1
844	2689	1
844	3043	1
847	2480	2
849	2132	1
850	1441	1
850	2352	1
850	2664	1
853	2058	1
853	2132	1
853	2480	1
853	3232	1
853	3309	1
864	1912	1
864	2422	1
864	2519	1
864	2602	1
864	3325	1
865	936	1
865	1374	1
865	1548	1
865	1554	1
865	2540	1
865	3186	1
869	887	1
869	1516	1
869	2733	1
869	2760	1
869	3119	1
869	3434	1
884	1032	1
884	3275	1
887	1516	1
887	2733	1
887	2760	1
887	3119	1
887	3434	1
888	1022	1
888	1054	1
888	1937	1
888	2721	1
894	1791	1
894	2006	1
894	2043	1
894	2117	1
894	2535	1
894	2624	1
895	1791	1
895	2007	1
895	2044	1
895	2118	1
895	2536	1
895	2625	1
896	1306	1
896	2584	1
896	2597	1
896	2623	1
896	2735	1
896	2768	1
896	2831	1
896	2832	1
896	2839	1
896	3072	1
896	3087	1
896	3154	1
896	3246	1
896	3253	1
896	3254	1
896	3340	1
896	3372	1
896	3374	1
896	3375	1
896	3391	1
896	3426	1
896	3452	1
898	1830	1
898	1910	1
898	2130	1
898	2318	1
905	973	1
905	1168	1
905	2911	1
905	3423	1
907	1114	1
907	1667	1
907	1933	1
907	2152	1
923	2320	1
923	2385	1
923	2469	1
923	2990	1
923	2998	1
924	987	1
924	1020	1
924	2898	1
924	3277	1
926	1153	1
926	1242	1
926	1771	1
926	1777	1
926	2861	1
932	1327	1
932	2823	1
932	3085	1
932	3114	1
936	1374	1
936	1548	1
936	1554	1
936	2540	1
936	3186	1
950	1319	2
963	1372	1
963	1546	1
963	1547	1
963	1561	1
963	1668	1
963	2488	1
964	1180	1
964	1824	1
969	1048	1
972	1133	2
972	1159	2
972	1639	2
972	1807	2
972	1901	2
972	1922	2
972	1969	2
972	1970	2
972	2643	2
972	2678	2
972	2775	2
972	2784	2
972	3070	2
972	3148	2
972	3252	2
972	3390	2
973	1168	1
973	2911	1
973	3423	1
975	1343	1
975	1344	1
975	1508	1
975	2293	1
977	1142	1
977	1403	1
977	1420	1
977	2025	1
977	2224	1
977	2416	1
977	2421	1
977	2429	1
977	2534	1
977	2694	1
977	2783	1
977	3069	1
977	3101	1
977	3112	1
977	3113	1
977	3147	1
977	3247	1
980	981	1
980	1421	1
980	2608	1
980	2614	1
980	2821	1
980	3315	1
981	1421	1
981	2608	1
981	2614	1
981	2821	1
981	3315	1
982	1421	1
982	1560	1
982	2150	1
982	2608	1
984	1000	1
984	1330	1
984	1495	1
984	2235	1
984	3097	1
985	2593	1
985	2767	1
985	3062	1
985	3184	1
987	1020	1
987	2898	1
987	3277	1
989	1669	1
989	2761	1
990	1373	1
990	1818	1
990	1909	1
990	2484	1
992	1803	1
992	2835	1
992	2901	1
992	2910	1
992	3053	1
992	3316	1
993	1353	1
993	2782	1
993	3086	1
994	1041	1
994	1042	1
994	2366	1
996	2367	1
997	1383	1
997	2252	1
999	1276	1
999	1494	1
999	2147	1
999	2197	1
999	2537	1
999	3080	1
999	3095	1
1000	1330	1
1000	1339	1
1000	1495	2
1000	2235	1
1000	2657	1
1000	3096	1
1000	3097	1
1002	1338	1
1002	2199	1
1002	2730	1
1002	3095	1
1002	3324	1
1002	3380	1
1005	1007	1
1005	1049	1
1005	2527	1
1005	2807	1
1005	3276	1
1007	1049	1
1007	2527	1
1007	2807	1
1007	3276	1
1014	1120	2
1014	3280	2
1020	2898	1
1020	3277	2
1022	1054	4
1022	1937	2
1022	2721	1
1027	1566	1
1027	1568	1
1027	2154	1
1027	3051	1
1030	1034	1
1030	1081	1
1030	1613	1
1030	1614	1
1030	1831	1
1030	1883	1
1030	3012	1
1032	3275	1
1034	1081	1
1034	1613	1
1034	1614	1
1034	1831	1
1034	1883	1
1034	3012	1
1036	1228	1
1036	3202	1
1037	1569	1
1037	2529	1
1037	2544	1
1037	3052	1
1041	1042	1
1041	2366	1
1042	2366	1
1043	1158	1
1043	1616	1
1043	1617	1
1043	1618	1
1043	2506	1
1043	3019	1
1043	3395	1
1044	1940	1
1044	2338	1
1044	3278	1
1046	1370	1
1046	1451	1
1046	1585	1
1046	1619	1
1046	2160	1
1046	2161	1
1046	3129	1
1048	1620	1
1049	2527	1
1049	2807	1
1049	3276	1
1052	1580	1
1052	1581	1
1052	1605	2
1052	3011	2
1054	1937	2
1054	2721	1
1055	1056	1
1055	1622	1
1055	1919	1
1055	2079	1
1055	3050	1
1055	3082	1
1055	3088	1
1056	1622	1
1056	1919	1
1056	2079	1
1056	3050	1
1056	3082	1
1056	3088	1
1057	1071	1
1057	1353	1
1057	2596	1
1057	2746	1
1060	1721	1
1060	3099	1
1060	3104	1
1064	1779	1
1064	2004	1
1064	2359	1
1071	2596	1
1071	2746	1
1073	1119	1
1073	2048	1
1073	2672	1
1074	1982	1
1074	2045	1
1074	2531	1
1074	2870	1
1076	1665	1
1076	1666	1
1076	1939	1
1076	2133	1
1076	3334	1
1077	2121	1
1077	3335	1
1077	3351	1
1081	1613	1
1081	1614	1
1081	1831	1
1081	1883	1
1081	3012	1
1087	1964	1
1087	2947	1
1087	3067	1
1087	3443	1
1111	1371	1
1111	1542	1
1111	1582	1
1111	2334	1
1114	1667	1
1114	1933	1
1114	2152	1
1119	2048	1
1119	2672	1
1120	3280	2
1132	2159	1
1132	2420	1
1133	1159	2
1133	1639	2
1133	1807	2
1133	1901	2
1133	1922	2
1133	1969	2
1133	1970	2
1133	2643	2
1133	2678	2
1133	2775	2
1133	2784	2
1133	3070	2
1133	3148	2
1133	3252	2
1133	3390	2
1136	1357	1
1136	1750	1
1138	2084	1
1138	2487	1
1138	2545	1
1141	1250	1
1141	1692	1
1142	1403	1
1142	1420	1
1142	2025	1
1142	2224	1
1142	2416	1
1142	2421	1
1142	2429	1
1142	2534	1
1142	2694	1
1142	2783	1
1142	3069	1
1142	3101	1
1142	3112	1
1142	3113	1
1142	3147	1
1142	3247	1
1143	1925	1
1143	1966	1
1143	2522	1
1143	3037	1
1143	3071	1
1143	3241	1
1153	1242	1
1153	1771	1
1153	1777	1
1153	2861	1
1154	1244	1
1154	1698	1
1154	2620	1
1154	2632	1
1154	3169	1
1158	1616	1
1158	1617	1
1158	1618	1
1158	2506	1
1158	3019	1
1158	3395	1
1159	1639	2
1159	1807	2
1159	1901	2
1159	1922	2
1159	1969	2
1159	1970	2
1159	2643	2
1159	2678	2
1159	2775	2
1159	2784	2
1159	3070	2
1159	3148	2
1159	3252	2
1159	3390	2
1165	1733	1
1165	1911	1
1165	1950	1
1166	1318	1
1166	1510	1
1166	1952	1
1166	3216	1
1168	2911	1
1168	3423	1
1169	1972	1
1169	2315	1
1169	2316	1
1169	2339	1
1169	2817	1
1169	3115	1
1170	2836	2
1174	1928	1
1174	2660	1
1174	2923	1
1174	3399	1
1174	3406	1
1175	1929	1
1175	2287	1
1175	2489	1
1175	2661	1
1175	3388	1
1175	3400	1
1175	3407	1
1175	3408	1
1178	1355	1
1178	2105	1
1178	2294	1
1178	3382	1
1179	1772	1
1179	3424	1
1180	1824	1
1187	1189	1
1187	1197	1
1188	1191	1
1188	1918	1
1188	2309	1
1188	2437	1
1188	2594	1
1189	1197	1
1190	2061	1
1190	2379	1
1190	2698	1
1190	2948	1
1191	1918	1
1191	2309	1
1191	2437	1
1191	2594	1
1198	2521	1
1198	3123	1
1198	3383	1
1210	2896	2
1210	3163	2
1228	3202	1
1237	1290	2
1238	1290	1
1238	1332	1
1238	1989	1
1238	2273	1
1238	3105	1
1241	1354	1
1241	1367	1
1241	1583	1
1241	1833	1
1241	2050	1
1241	2507	1
1241	2776	1
1241	3081	1
1241	3083	1
1241	3266	1
1241	3429	1
1242	1771	1
1242	1777	1
1242	2861	1
1243	1689	1
1243	2962	1
1243	3368	1
1244	1698	1
1244	2620	1
1244	2632	1
1244	3169	1
1247	1268	1
1247	1680	1
1247	1963	1
1247	2269	1
1250	1692	1
1254	1804	1
1254	2119	1
1254	3138	1
1254	3345	1
1254	3348	1
1254	3355	1
1254	3359	1
1268	1680	1
1268	1963	1
1268	2269	1
1271	1277	1
1271	2008	1
1271	2108	1
1271	3049	1
1276	1494	1
1276	2147	1
1276	2197	1
1276	2226	1
1276	2537	1
1276	2729	1
1276	3080	1
1276	3095	2
1277	2008	1
1277	2108	1
1277	3049	1
1278	2076	1
1278	2090	1
1278	2107	1
1278	2752	1
1279	2000	1
1279	2002	1
1279	2116	1
1279	2516	1
1290	1332	1
1290	1989	1
1290	2273	1
1290	3105	1
1292	1715	1
1292	1768	1
1292	2518	1
1294	1723	1
1294	1760	1
1294	3055	1
1294	3214	1
1303	1952	2
1303	2281	2
1303	2291	1
1306	2584	1
1306	2597	1
1306	2623	1
1306	2735	1
1306	2768	1
1306	2831	1
1306	2832	1
1306	2839	1
1306	3072	1
1306	3087	1
1306	3154	1
1306	3246	1
1306	3253	1
1306	3254	1
1306	3340	1
1306	3372	1
1306	3374	1
1306	3375	1
1306	3391	1
1306	3426	1
1306	3452	1
1311	1778	1
1311	3215	1
1313	2260	1
1316	3427	1
1318	1510	1
1318	1952	1
1318	3216	1
1319	1331	1
1319	1773	1
1319	2277	1
1321	1727	2
1321	1796	2
1321	3034	1
1321	3197	1
1327	2823	1
1327	3085	1
1327	3114	1
1328	2198	1
1328	3369	1
1330	1495	1
1330	2235	1
1330	3097	1
1331	1773	1
1331	2277	1
1332	1989	1
1332	2273	1
1332	3105	1
1338	2199	1
1338	2730	1
1338	3095	1
1338	3324	1
1338	3380	1
1339	1495	1
1339	2657	1
1339	3096	1
1341	1703	1
1341	2237	1
1341	2290	1
1343	1344	1
1343	1508	1
1343	2293	1
1344	1508	1
1344	2293	1
1347	1354	1
1347	3047	1
1347	3381	1
1353	2782	1
1353	3086	1
1354	1367	1
1354	1583	1
1354	1833	1
1354	2050	1
1354	2507	1
1354	2539	1
1354	2740	1
1354	2776	1
1354	3047	1
1354	3081	1
1354	3083	1
1354	3090	1
1354	3266	1
1354	3381	1
1354	3384	1
1354	3385	1
1354	3386	1
1354	3387	1
1354	3429	1
1355	2105	1
1357	1750	1
1367	1583	1
1367	1833	1
1367	2050	1
1367	2507	1
1367	2776	1
1367	3081	1
1367	3083	1
1367	3266	1
1367	3429	1
1370	1451	1
1370	1585	1
1370	1619	1
1370	2160	1
1370	2161	1
1370	3129	1
1371	1542	1
1371	1582	1
1371	2334	1
1372	1546	1
1372	1547	1
1372	1561	1
1372	1668	1
1372	2488	1
1373	1818	1
1373	1909	1
1373	2484	1
1374	1548	1
1374	1554	1
1374	2540	1
1374	3186	1
1381	1446	1
1381	1482	1
1383	2252	1
1384	1443	1
1384	2131	1
1384	2166	1
1384	2431	1
1385	1575	1
1385	2787	1
1385	3022	1
1396	1412	1
1396	1445	1
1396	3014	1
1403	1420	1
1403	2025	1
1403	2224	1
1403	2416	1
1403	2421	1
1403	2429	1
1403	2534	1
1403	2694	1
1403	2783	1
1403	3069	1
1403	3101	1
1403	3112	1
1403	3113	1
1403	3147	1
1403	3247	1
1407	1812	1
1407	2145	1
1407	2209	2
1407	2605	1
1407	2961	1
1412	1445	1
1412	3014	1
1420	2025	1
1420	2224	1
1420	2416	1
1420	2421	1
1420	2429	1
1420	2534	1
1420	2694	1
1420	2783	1
1420	3069	1
1420	3101	1
1420	3112	1
1420	3113	1
1420	3147	1
1420	3247	1
1421	1560	1
1421	2150	1
1421	2608	2
1421	2614	1
1421	2821	1
1421	3315	1
1437	1450	1
1437	1944	1
1437	2051	1
1437	2203	1
1437	2697	1
1437	3111	1
1441	2352	1
1441	2664	1
1443	2131	1
1443	2166	1
1443	2431	1
1445	3014	1
1446	1482	1
1448	1829	1
1448	2613	1
1448	2627	1
1448	2630	1
1448	2631	1
1448	2634	1
1448	2636	1
1448	2642	1
1450	1944	1
1450	2051	1
1450	2203	1
1450	2697	1
1450	3111	1
1451	1585	1
1451	1619	1
1451	2160	1
1451	2161	1
1451	3129	1
1470	2128	1
1470	2362	1
1470	2492	1
1470	2966	1
1470	3229	1
1490	1903	2
1494	2147	1
1494	2197	1
1494	2537	1
1494	3080	1
1494	3095	1
1495	2235	1
1495	2657	1
1495	3096	1
1495	3097	1
1496	1558	1
1496	1562	1
1496	2298	1
1496	2526	1
1496	2599	1
1496	2648	1
1496	2754	1
1496	2774	1
1496	2778	1
1496	2781	1
1496	3234	1
1496	3411	1
1497	1838	1
1497	2171	1
1497	2788	1
1508	2293	1
1510	1952	1
1510	3216	1
1511	1517	2
1511	3187	1
1516	2733	1
1516	2760	1
1516	3119	1
1516	3434	1
1517	3187	1
1521	2371	1
1522	2370	1
1538	2378	2
1542	1582	1
1542	2334	1
1546	1547	1
1546	1561	1
1546	1668	1
1546	2488	1
1547	1561	1
1547	1668	1
1547	2488	1
1548	1554	1
1548	2540	1
1548	3186	1
1554	2540	1
1554	3186	1
1558	1562	1
1558	2298	1
1558	2526	1
1558	2599	1
1558	2648	1
1558	2754	1
1558	2774	1
1558	2778	1
1558	2781	1
1558	3234	1
1558	3411	1
1559	1574	1
1559	1896	1
1559	2156	1
1560	2150	1
1560	2608	1
1561	1668	1
1561	2488	1
1562	2298	2
1562	2526	2
1562	2598	1
1562	2599	1
1562	2648	2
1562	2754	1
1562	2773	1
1562	2774	1
1562	2777	1
1562	2778	1
1562	2780	1
1562	2781	1
1562	2822	1
1562	3234	2
1562	3410	1
1562	3411	1
1566	1568	1
1566	2154	1
1566	3051	1
1568	2154	1
1568	3051	1
1569	2529	1
1569	2544	1
1569	3052	1
1574	1896	1
1574	2156	1
1575	2787	1
1575	3022	1
1580	1605	1
1580	3011	1
1581	1605	1
1581	3011	1
1582	2334	1
1583	1833	1
1583	2050	1
1583	2507	1
1583	2776	1
1583	3081	1
1583	3083	1
1583	3266	1
1583	3429	1
1585	1619	1
1585	2160	1
1585	2161	1
1585	3129	1
1587	1602	2
1587	3121	2
1590	1627	4
1602	3121	1
1605	3011	2
1613	1614	1
1613	1831	1
1613	1883	1
1613	3012	1
1614	1831	1
1614	1883	1
1614	3012	1
1616	1617	1
1616	1618	1
1616	2506	1
1616	3019	1
1616	3395	1
1617	1618	1
1617	2506	1
1617	3019	1
1617	3395	1
1618	2506	1
1618	3019	1
1618	3395	1
1619	2160	1
1619	2161	1
1619	3129	1
1622	1919	1
1622	2079	1
1622	3050	1
1622	3082	1
1622	3088	1
1639	1807	2
1639	1901	2
1639	1922	2
1639	1969	2
1639	1970	2
1639	2643	2
1639	2678	2
1639	2775	2
1639	2784	2
1639	3070	2
1639	3148	2
1639	3252	2
1639	3390	2
1650	2676	1
1650	3142	1
1658	2127	1
1658	2493	1
1658	2586	1
1665	1666	1
1665	1939	1
1665	2133	1
1665	3334	1
1666	1939	1
1666	2133	1
1666	3334	1
1667	1933	1
1667	2152	1
1668	2488	1
1669	2761	1
1680	1963	1
1680	2269	1
1685	1693	2
1685	2600	2
1689	2962	1
1689	3368	1
1691	2601	1
1691	3370	1
1691	3377	1
1693	2600	2
1698	2620	1
1698	2632	1
1698	3169	1
1699	2973	1
1703	2237	1
1703	2290	1
1715	1768	1
1715	2518	1
1719	2260	1
1721	3099	1
1721	3104	1
1723	1760	1
1723	3055	1
1723	3214	1
1727	1796	2
1727	3034	1
1727	3197	1
1729	1769	1
1733	1911	1
1733	1950	1
1760	3055	1
1760	3214	1
1768	2518	1
1771	1777	1
1771	2861	1
1772	3424	1
1773	2277	1
1777	2861	1
1778	3215	1
1779	2004	1
1779	2359	1
1781	2578	1
1791	2006	1
1791	2007	1
1791	2043	1
1791	2044	1
1791	2117	1
1791	2118	1
1791	2535	1
1791	2536	1
1791	2624	1
1791	2625	1
1796	3034	1
1796	3197	1
1803	2835	1
1803	2901	1
1803	2910	1
1803	3053	1
1803	3316	1
1804	2119	1
1804	3138	1
1804	3345	1
1804	3348	1
1804	3355	1
1804	3359	1
1807	1901	2
1807	1922	2
1807	1969	2
1807	1970	2
1807	2643	2
1807	2678	2
1807	2775	2
1807	2784	2
1807	3070	2
1807	3148	2
1807	3252	2
1807	3390	2
1812	2209	1
1815	2425	1
1815	2851	1
1818	1909	1
1818	2484	1
1822	2384	1
1822	2645	1
1822	3211	1
1829	2613	1
1829	2627	1
1829	2630	1
1829	2631	1
1829	2634	1
1829	2636	1
1829	2642	1
1830	1910	1
1830	2130	1
1830	2318	1
1831	1883	1
1831	3012	1
1833	2050	1
1833	2507	1
1833	2776	1
1833	3081	1
1833	3083	1
1833	3266	1
1833	3429	1
1838	2171	1
1838	2788	1
1848	1952	3
1848	2281	5
1848	2418	2
1851	1857	1
1851	1858	1
1851	3306	1
1852	1997	1
1852	2843	1
1852	3305	1
1857	1858	1
1857	3306	1
1858	3306	1
1874	1875	1
1874	3167	1
1875	3167	1
1877	2759	1
1877	3243	1
1878	2663	1
1878	3013	1
1878	3341	1
1878	3441	1
1881	3229	1
1883	3012	1
1896	2156	1
1901	1922	2
1901	1969	2
1901	1970	2
1901	2643	2
1901	2678	2
1901	2775	2
1901	2784	2
1901	3070	2
1901	3148	2
1901	3252	2
1901	3390	2
1909	2484	1
1910	2130	1
1910	2318	1
1911	1950	1
1912	2422	1
1912	2519	1
1912	2602	1
1912	3325	1
1913	2035	1
1913	2684	1
1913	3297	1
1913	3298	1
1918	2309	1
1918	2437	1
1918	2594	1
1919	2079	1
1919	3050	1
1919	3082	1
1919	3088	1
1920	2588	1
1920	2667	1
1920	3233	1
1920	3323	1
1920	3337	1
1920	3338	1
1920	3342	1
1920	3344	1
1920	3347	1
1920	3349	1
1920	3350	1
1920	3352	1
1920	3354	1
1920	3356	1
1920	3358	1
1922	1969	2
1922	1970	2
1922	2643	2
1922	2678	2
1922	2775	2
1922	2784	2
1922	3070	2
1922	3148	2
1922	3252	2
1922	3390	2
1925	1966	1
1925	2522	1
1925	3037	1
1925	3071	1
1925	3241	1
1928	2660	1
1928	2923	1
1928	3399	1
1928	3406	1
1929	2287	1
1929	2489	1
1929	2661	1
1929	3388	1
1929	3400	1
1929	3407	1
1929	3408	1
1933	2152	1
1935	2336	1
1935	2342	1
1937	2721	1
1939	2133	1
1939	3334	1
1940	2338	1
1940	3278	1
1944	2051	1
1944	2203	1
1944	2697	1
1944	3111	1
1952	2281	5
1952	2291	1
1952	3216	1
1955	2101	1
1955	2951	1
1955	2953	1
1963	2269	1
1964	2947	1
1964	3067	1
1964	3443	1
1966	2522	1
1966	3037	1
1966	3071	1
1966	3241	1
1969	1970	2
1969	2643	2
1969	2678	2
1969	2775	2
1969	2784	2
1969	3070	2
1969	3148	2
1969	3252	2
1969	3390	2
1970	2643	2
1970	2678	2
1970	2775	2
1970	2784	2
1970	3070	2
1970	3148	2
1970	3252	2
1970	3390	2
1972	2315	1
1972	2316	1
1972	2339	1
1972	2817	1
1972	3115	1
1982	2045	1
1982	2531	1
1982	2870	1
1985	2125	1
1985	3294	1
1987	2448	1
1987	2471	1
1987	2547	1
1989	2273	1
1989	3105	1
1997	2843	1
1997	3305	1
2000	2002	1
2000	2116	1
2000	2516	1
2002	2116	1
2002	2516	1
2004	2359	1
2006	2043	1
2006	2117	1
2006	2535	1
2006	2624	1
2007	2044	1
2007	2118	1
2007	2536	1
2007	2625	1
2008	2108	1
2008	3049	1
2014	2172	1
2018	2023	1
2018	2049	1
2018	2758	1
2023	2049	1
2023	2758	1
2024	2304	1
2024	2407	1
2024	2713	1
2024	3379	1
2025	2224	1
2025	2416	1
2025	2421	1
2025	2429	1
2025	2534	1
2025	2694	1
2025	2783	1
2025	3069	1
2025	3101	1
2025	3112	1
2025	3113	1
2025	3147	1
2025	3247	1
2031	2215	1
2031	2478	1
2031	2549	1
2031	2550	1
2031	2580	1
2034	3299	1
2035	3298	1
2043	2117	1
2043	2535	1
2043	2624	1
2044	2118	1
2044	2536	1
2044	2625	1
2045	2531	1
2045	2870	1
2048	2672	1
2049	2758	1
2050	2507	1
2050	2776	1
2050	3081	1
2050	3083	1
2050	3266	1
2050	3429	1
2051	2203	1
2051	2697	1
2051	3111	1
2058	2132	1
2058	2480	1
2058	3232	1
2058	3309	1
2060	3021	1
2060	3048	1
2061	2379	1
2061	2698	1
2061	2948	1
2076	2090	1
2076	2107	1
2076	2752	1
2078	2080	1
2078	2144	1
2078	2655	1
2078	2764	1
2079	3050	1
2079	3082	1
2079	3088	1
2080	2144	1
2080	2655	1
2080	2764	1
2084	2487	1
2084	2545	1
2090	2107	1
2090	2752	1
2096	2941	1
2096	3320	1
2096	3373	1
2097	2138	1
2097	2300	1
2097	2938	1
2101	2951	1
2101	2953	1
2107	2752	1
2108	3049	1
2116	2516	1
2117	2535	1
2117	2624	1
2118	2536	1
2118	2625	1
2119	3138	1
2119	3345	1
2119	3348	1
2119	3355	1
2119	3359	1
2121	3335	1
2121	3351	1
2122	2165	1
2122	2292	1
2122	2310	1
2122	2311	1
2125	3294	1
2127	2493	1
2127	2586	1
2128	2362	1
2128	2492	1
2128	2966	1
2128	3229	1
2130	2318	1
2131	2166	1
2131	2431	1
2132	2480	1
2132	3232	1
2132	3309	1
2133	3334	1
2134	2172	1
2134	2739	1
2134	2898	1
2134	2899	1
2134	3403	1
2138	2300	1
2138	2938	1
2144	2655	1
2144	2764	1
2145	2605	1
2145	2961	1
2147	2197	1
2147	2537	1
2147	3080	1
2147	3095	1
2148	2151	1
2148	2942	1
2148	3176	1
2150	2608	1
2151	2942	1
2151	3176	1
2154	3051	1
2159	2420	1
2160	2161	1
2160	3129	1
2161	3129	1
2165	2292	1
2165	2310	1
2165	2311	1
2166	2431	1
2171	2788	1
2172	2739	1
2172	2898	2
2172	2899	1
2172	3403	1
2184	2189	2
2197	2537	1
2197	3080	1
2197	3095	1
2198	3369	1
2199	2730	1
2199	3095	1
2199	3324	1
2199	3380	1
2200	2528	1
2203	2697	1
2203	3111	1
2211	2691	1
2211	2718	1
2211	3130	1
2211	3431	1
2215	2478	1
2215	2549	1
2215	2550	1
2215	2580	1
2222	2356	1
2224	2416	1
2224	2421	1
2224	2429	1
2224	2534	1
2224	2694	1
2224	2783	1
2224	3069	1
2224	3101	1
2224	3112	1
2224	3113	1
2224	3147	1
2224	3247	1
2226	2729	1
2226	3095	1
2235	3097	1
2237	2290	1
2273	3105	1
2281	2291	1
2281	2418	2
2287	2489	1
2287	2661	1
2287	3388	1
2287	3400	1
2287	3407	1
2287	3408	1
2292	2310	1
2292	2311	1
2294	3382	1
2296	2864	1
2296	3063	1
2296	3250	1
2298	2526	2
2298	2598	1
2298	2599	1
2298	2648	2
2298	2754	1
2298	2773	1
2298	2774	1
2298	2777	1
2298	2778	1
2298	2780	1
2298	2781	1
2298	2822	1
2298	3234	2
2298	3410	1
2298	3411	1
2300	2938	1
2304	2407	1
2304	2713	1
2304	3379	1
2309	2437	1
2309	2594	1
2310	2311	1
2315	2316	1
2315	2339	1
2315	2817	1
2315	3115	1
2316	2339	1
2316	2817	1
2316	3115	1
2320	2469	1
2320	2990	1
2320	2998	1
2333	2769	1
2333	3239	1
2336	2342	1
2338	3278	1
2339	2817	1
2339	3115	1
2352	2664	1
2362	2492	1
2362	2966	1
2362	3229	1
2379	2698	1
2379	2948	1
2384	2645	1
2384	3211	1
2391	2852	1
2391	3269	1
2407	2713	1
2407	3379	1
2416	2421	1
2416	2429	1
2416	2534	1
2416	2694	1
2416	2783	1
2416	3069	1
2416	3101	1
2416	3112	1
2416	3113	1
2416	3147	1
2416	3247	1
2421	2429	1
2421	2534	1
2421	2694	1
2421	2783	1
2421	3069	1
2421	3101	1
2421	3112	1
2421	3113	1
2421	3147	1
2421	3247	1
2422	2519	1
2422	2602	1
2422	3325	1
2425	2851	1
2429	2534	1
2429	2694	1
2429	2783	1
2429	3069	1
2429	3101	1
2429	3112	1
2429	3113	1
2429	3147	1
2429	3247	1
2430	3222	1
2433	2445	1
2433	2841	1
2433	2893	1
2433	2994	1
2433	3073	1
2437	2594	1
2445	2841	1
2445	2893	1
2445	2994	1
2445	3073	1
2448	2471	1
2448	2547	1
2469	2990	1
2469	2998	1
2471	2547	1
2478	2549	1
2478	2550	1
2478	2580	1
2480	3232	1
2480	3309	1
2487	2545	1
2489	2661	1
2489	3388	1
2489	3400	1
2489	3407	1
2489	3408	1
2492	2966	1
2492	3229	1
2493	2586	1
2506	3019	1
2506	3395	1
2507	2776	1
2507	3081	1
2507	3083	1
2507	3266	1
2507	3429	1
2511	2538	1
2511	3360	1
2511	3362	1
2519	2602	1
2519	3325	1
2521	3123	1
2521	3383	1
2522	3037	1
2522	3071	1
2522	3241	1
2526	2598	1
2526	2599	1
2526	2648	2
2526	2754	1
2526	2773	1
2526	2774	1
2526	2777	1
2526	2778	1
2526	2780	1
2526	2781	1
2526	2822	1
2526	3234	2
2526	3410	1
2526	3411	1
2527	2807	1
2527	3276	1
2529	2544	1
2529	3052	1
2531	2870	1
2534	2694	1
2534	2783	1
2534	3069	1
2534	3101	1
2534	3112	1
2534	3113	1
2534	3147	1
2534	3247	1
2535	2624	1
2536	2625	1
2537	3080	1
2537	3095	1
2538	3360	1
2538	3362	1
2539	2740	1
2539	3090	1
2539	3384	1
2539	3385	1
2539	3386	1
2539	3387	1
2540	3186	1
2544	3052	1
2546	2669	1
2549	2550	1
2549	2580	1
2550	2580	1
2584	2597	1
2584	2623	1
2584	2735	1
2584	2768	1
2584	2831	1
2584	2832	1
2584	2839	1
2584	3072	1
2584	3087	1
2584	3154	1
2584	3246	1
2584	3253	1
2584	3254	1
2584	3340	1
2584	3372	1
2584	3374	1
2584	3375	1
2584	3391	1
2584	3426	1
2584	3452	1
2587	2656	1
2587	2748	1
2587	3005	1
2587	3143	1
2587	3235	1
2587	3237	1
2587	3321	1
2587	3444	1
2588	2667	1
2588	3233	1
2588	3323	1
2588	3337	1
2588	3338	1
2588	3342	1
2588	3344	1
2588	3347	1
2588	3349	1
2588	3350	1
2588	3352	1
2588	3354	1
2588	3356	1
2588	3358	1
2593	2767	1
2593	3062	1
2593	3184	1
2596	2746	1
2597	2623	1
2597	2735	1
2597	2768	1
2597	2831	1
2597	2832	1
2597	2839	1
2597	3072	1
2597	3087	1
2597	3154	1
2597	3246	1
2597	3253	1
2597	3254	1
2597	3340	1
2597	3372	1
2597	3374	1
2597	3375	1
2597	3391	1
2597	3426	1
2597	3452	1
2598	2648	1
2598	2773	1
2598	2777	1
2598	2780	1
2598	2822	1
2598	3234	1
2598	3410	1
2599	2648	1
2599	2754	1
2599	2774	1
2599	2778	1
2599	2781	1
2599	3234	1
2599	3411	1
2601	3370	1
2601	3377	1
2602	3325	1
2605	2961	1
2608	2614	1
2608	2821	1
2608	3315	1
2613	2627	1
2613	2630	1
2613	2631	1
2613	2634	1
2613	2636	1
2613	2642	1
2614	2821	1
2614	3315	1
2620	2632	1
2620	3169	1
2623	2735	1
2623	2768	1
2623	2831	1
2623	2832	1
2623	2839	1
2623	3072	1
2623	3087	1
2623	3154	1
2623	3246	1
2623	3253	1
2623	3254	1
2623	3340	1
2623	3372	1
2623	3374	1
2623	3375	1
2623	3391	1
2623	3426	1
2623	3452	1
2627	2630	1
2627	2631	1
2627	2634	1
2627	2636	1
2627	2642	1
2630	2631	1
2630	2634	1
2630	2636	1
2630	2642	1
2631	2634	1
2631	2636	1
2631	2642	1
2632	3169	1
2634	2636	1
2634	2642	1
2636	2642	1
2643	2678	2
2643	2775	2
2643	2784	2
2643	3070	2
2643	3148	2
2643	3252	2
2643	3390	2
2645	3211	1
2648	2754	1
2648	2773	1
2648	2774	1
2648	2777	1
2648	2778	1
2648	2780	1
2648	2781	1
2648	2822	1
2648	3234	2
2648	3410	1
2648	3411	1
2655	2764	1
2656	2748	1
2656	3005	1
2656	3143	1
2656	3235	1
2656	3237	1
2656	3321	1
2656	3444	1
2657	3096	1
2659	3249	1
2659	3311	1
2659	3322	1
2659	3376	1
2659	3404	1
2660	2923	1
2660	3399	1
2660	3406	1
2661	3388	1
2661	3400	1
2661	3407	1
2661	3408	1
2663	3013	1
2663	3341	1
2663	3441	1
2667	3233	1
2667	3323	1
2667	3337	1
2667	3338	1
2667	3342	1
2667	3344	1
2667	3347	1
2667	3349	1
2667	3350	1
2667	3352	1
2667	3354	1
2667	3356	1
2667	3358	1
2676	3142	1
2678	2775	2
2678	2784	2
2678	3070	2
2678	3148	2
2678	3252	2
2678	3390	2
2684	3297	1
2689	3043	1
2691	2718	1
2691	3130	1
2691	3431	1
2694	2783	1
2694	3069	1
2694	3101	1
2694	3112	1
2694	3113	1
2694	3147	1
2694	3247	1
2697	3111	1
2698	2948	1
2713	3379	1
2718	3130	1
2718	3431	1
2729	3095	1
2730	3095	1
2730	3324	1
2730	3380	1
2733	2760	1
2733	3119	1
2733	3434	1
2735	2768	1
2735	2831	1
2735	2832	1
2735	2839	1
2735	3072	1
2735	3087	1
2735	3154	1
2735	3246	1
2735	3253	1
2735	3254	1
2735	3340	1
2735	3372	1
2735	3374	1
2735	3375	1
2735	3391	1
2735	3426	1
2735	3452	1
2739	2898	1
2739	2899	1
2739	3403	1
2740	3090	1
2740	3384	1
2740	3385	1
2740	3386	1
2740	3387	1
2748	3005	1
2748	3143	1
2748	3235	1
2748	3237	1
2748	3321	1
2748	3444	1
2754	2774	1
2754	2778	1
2754	2781	1
2754	3234	1
2754	3411	1
2759	3243	1
2760	3119	1
2760	3434	1
2767	3062	1
2767	3184	1
2768	2831	1
2768	2832	1
2768	2839	1
2768	3072	1
2768	3087	1
2768	3154	1
2768	3246	1
2768	3253	1
2768	3254	1
2768	3340	1
2768	3372	1
2768	3374	1
2768	3375	1
2768	3391	1
2768	3426	1
2768	3452	1
2769	3239	1
2773	2777	1
2773	2780	1
2773	2822	1
2773	3234	1
2773	3410	1
2774	2778	1
2774	2781	1
2774	3234	1
2774	3411	1
2775	2784	2
2775	3070	2
2775	3148	2
2775	3252	2
2775	3390	2
2776	3081	1
2776	3083	1
2776	3266	1
2776	3429	1
2777	2780	1
2777	2822	1
2777	3234	1
2777	3410	1
2778	2781	1
2778	3234	1
2778	3411	1
2780	2822	1
2780	3234	1
2780	3410	1
2781	3234	1
2781	3411	1
2782	3086	1
2783	3069	1
2783	3101	1
2783	3112	1
2783	3113	1
2783	3147	1
2783	3247	1
2784	3070	2
2784	3148	2
2784	3252	2
2784	3390	2
2787	3022	1
2807	3276	1
2810	2860	1
2810	3028	1
2817	3115	1
2821	3315	1
2822	3234	1
2822	3410	1
2823	3085	1
2823	3114	1
2831	2832	1
2831	2839	1
2831	3072	1
2831	3087	1
2831	3154	1
2831	3246	1
2831	3253	1
2831	3254	1
2831	3340	1
2831	3372	1
2831	3374	1
2831	3375	1
2831	3391	1
2831	3426	1
2831	3452	1
2832	2839	1
2832	3072	1
2832	3087	1
2832	3154	1
2832	3246	1
2832	3253	1
2832	3254	1
2832	3340	1
2832	3372	1
2832	3374	1
2832	3375	1
2832	3391	1
2832	3426	1
2832	3452	1
2835	2901	1
2835	2910	1
2835	3053	1
2835	3316	1
2839	3072	1
2839	3087	1
2839	3154	1
2839	3246	1
2839	3253	1
2839	3254	1
2839	3340	1
2839	3372	1
2839	3374	1
2839	3375	1
2839	3391	1
2839	3426	1
2839	3452	1
2841	2893	1
2841	2994	1
2841	3073	1
2843	3305	1
2852	3269	1
2860	3028	1
2864	3063	1
2864	3250	1
2874	2958	2
2893	2994	1
2893	3073	1
2896	3163	2
2898	2899	1
2898	3277	1
2898	3403	1
2899	3403	1
2901	2910	1
2901	3053	1
2901	3316	1
2910	3053	1
2910	3316	1
2911	3423	1
2923	3399	1
2923	3406	1
2941	3320	1
2941	3373	1
2942	3176	1
2947	3067	1
2947	3443	1
2951	2953	1
2962	3368	1
2966	3229	1
2990	2998	1
2994	3073	1
3005	3143	1
3005	3235	1
3005	3237	1
3005	3321	1
3005	3444	1
3013	3341	1
3013	3441	1
3019	3395	1
3021	3048	1
3034	3197	1
3037	3071	1
3037	3241	1
3047	3381	1
3050	3082	1
3050	3088	1
3053	3316	1
3055	3214	1
3062	3184	1
3063	3250	1
3067	3443	1
3069	3101	1
3069	3112	1
3069	3113	1
3069	3147	1
3069	3247	1
3070	3148	2
3070	3252	2
3070	3390	2
3071	3241	1
3072	3087	1
3072	3154	1
3072	3246	1
3072	3253	1
3072	3254	1
3072	3340	1
3072	3372	1
3072	3374	1
3072	3375	1
3072	3391	1
3072	3426	1
3072	3452	1
3080	3095	1
3081	3083	1
3081	3266	1
3081	3429	1
3082	3088	1
3083	3266	1
3083	3429	1
3085	3114	1
3087	3154	1
3087	3246	1
3087	3253	1
3087	3254	1
3087	3340	1
3087	3372	1
3087	3374	1
3087	3375	1
3087	3391	1
3087	3426	1
3087	3452	1
3090	3384	1
3090	3385	1
3090	3386	1
3090	3387	1
3095	3324	1
3095	3380	1
3099	3104	1
3101	3112	1
3101	3113	1
3101	3147	1
3101	3247	1
3112	3113	1
3112	3147	1
3112	3247	1
3113	3147	1
3113	3247	1
3119	3434	1
3123	3383	1
3130	3431	1
3138	3345	1
3138	3348	1
3138	3355	1
3138	3359	1
3143	3235	1
3143	3237	1
3143	3321	1
3143	3444	1
3147	3247	1
3148	3252	2
3148	3390	2
3154	3246	1
3154	3253	1
3154	3254	1
3154	3340	1
3154	3372	1
3154	3374	1
3154	3375	1
3154	3391	1
3154	3426	1
3154	3452	1
3232	3309	1
3233	3323	1
3233	3337	1
3233	3338	1
3233	3342	1
3233	3344	1
3233	3347	1
3233	3349	1
3233	3350	1
3233	3352	1
3233	3354	1
3233	3356	1
3233	3358	1
3234	3410	1
3234	3411	1
3235	3237	1
3235	3321	1
3235	3444	1
3237	3321	1
3237	3444	1
3246	3253	1
3246	3254	1
3246	3340	1
3246	3372	1
3246	3374	1
3246	3375	1
3246	3391	1
3246	3426	1
3246	3452	1
3249	3311	1
3249	3322	1
3249	3376	1
3249	3404	1
3252	3390	2
3253	3254	1
3253	3340	1
3253	3372	1
3253	3374	1
3253	3375	1
3253	3391	1
3253	3426	1
3253	3452	1
3254	3340	1
3254	3372	1
3254	3374	1
3254	3375	1
3254	3391	1
3254	3426	1
3254	3452	1
3266	3429	1
3311	3322	1
3311	3376	1
3311	3404	1
3320	3373	1
3321	3444	1
3322	3376	1
3322	3404	1
3323	3337	1
3323	3338	1
3323	3342	1
3323	3344	1
3323	3347	1
3323	3349	1
3323	3350	1
3323	3352	1
3323	3354	1
3323	3356	1
3323	3358	1
3324	3380	1
3335	3351	1
3337	3338	1
3337	3342	1
3337	3344	1
3337	3347	1
3337	3349	1
3337	3350	1
3337	3352	1
3337	3354	1
3337	3356	1
3337	3358	1
3338	3342	1
3338	3344	1
3338	3347	1
3338	3349	1
3338	3350	1
3338	3352	1
3338	3354	1
3338	3356	1
3338	3358	1
3340	3372	1
3340	3374	1
3340	3375	1
3340	3391	1
3340	3426	1
3340	3452	1
3341	3441	1
3342	3344	1
3342	3347	1
3342	3349	1
3342	3350	1
3342	3352	1
3342	3354	1
3342	3356	1
3342	3358	1
3343	3346	1
3343	3353	1
3343	3357	1
3343	3366	1
3344	3347	1
3344	3349	1
3344	3350	1
3344	3352	1
3344	3354	1
3344	3356	1
3344	3358	1
3345	3348	1
3345	3355	1
3345	3359	1
3346	3353	1
3346	3357	1
3346	3366	1
3347	3349	1
3347	3350	1
3347	3352	1
3347	3354	1
3347	3356	1
3347	3358	1
3348	3355	1
3348	3359	1
3349	3350	1
3349	3352	1
3349	3354	1
3349	3356	1
3349	3358	1
3350	3352	1
3350	3354	1
3350	3356	1
3350	3358	1
3352	3354	1
3352	3356	1
3352	3358	1
3353	3357	1
3353	3366	1
3354	3356	1
3354	3358	1
3355	3359	1
3356	3358	1
3357	3366	1
3360	3362	2
3370	3377	1
3372	3374	1
3372	3375	1
3372	3391	1
3372	3426	1
3372	3452	1
3374	3375	1
3374	3391	1
3374	3426	1
3374	3452	1
3375	3391	1
3375	3426	1
3375	3452	1
3376	3404	1
3384	3385	1
3384	3386	1
3384	3387	1
3385	3386	1
3385	3387	1
3386	3387	1
3388	3400	1
3388	3407	1
3388	3408	1
3391	3426	1
3391	3452	1
3399	3406	1
3400	3407	1
3400	3408	1
3407	3408	1
3426	3452	1
