1	1108	1
1	1109	1
1	1486	1
1	1840	1
1	2129	1
1	2130	1
1	3112	1
1	3845	1
1	3854	1
2	132	2
2	362	1
2	412	6
2	1107	2
2	1108	6
2	1109	6
2	1736	1
2	1836	1
2	1840	4
2	2128	1
2	2129	6
2	2130	4
2	2131	1
2	2180	1
2	2181	2
2	2388	1
2	2412	1
2	2419	4
2	3025	3
2	3085	1
2	3098	1
2	3841	4
2	3842	2
2	3843	1
2	3844	5
2	3845	5
2	3846	1
2	3854	1
2	3875	2
2	3890	4
2	3946	1
2	3947	1
2	3994	1
2	3995	1
2	4127	1
2	4222	1
6	977	2
6	2053	2
6	3760	2
7	954	1
23	175	1
23	310	1
23	397	1
23	2081	1
23	3206	1
23	3242	1
23	3351	1
23	3709	1
51	2679	1
51	2682	1
60	368	1
60	394	1
60	803	1
60	816	1
60	1034	1
60	1412	1
60	1413	1
60	1414	1
60	1423	1
60	1556	1
60	2477	1
60	2963	1
60	3550	1
60	4239	1
72	1000	1
72	1750	1
72	1842	1
72	1963	1
72	3588	1
72	4264	1
87	1464	1
87	2784	1
87	3019	1
87	3095	1
87	3099	1
87	3390	1
87	3488	1
87	3489	1
87	3644	1
87	3874	1
87	3987	1
88	1000	1
88	1361	1
88	1744	1
88	1750	1
88	2489	1
88	2784	1
103	110	1
103	454	1
103	1138	1
103	1267	1
103	1463	1
103	2004	1
103	2006	1
103	2137	1
103	2825	1
103	3230	1
103	4057	1
105	288	1
105	1933	1
105	1937	1
105	1938	1
105	1995	1
105	2770	1
105	3291	1
110	454	1
110	1138	1
110	1267	1
110	1463	1
110	2004	1
110	2006	1
110	2137	1
110	2825	1
110	3230	1
110	4057	1
112	114	1
112	377	1
112	1358	1
112	1871	1
112	2287	1
112	2288	1
112	2488	1
112	3472	1
112	3573	1
114	377	1
114	1358	1
114	1871	1
114	2287	1
114	2288	1
114	2488	1
114	3472	1
114	3573	1
115	116	1
115	233	1
115	631	1
115	638	1
115	1446	1
115	1468	1
115	2465	1
115	3171	1
116	233	1
116	631	1
116	638	1
116	1446	1
116	1468	1
116	2465	1
116	3171	1
126	128	1
126	413	1
126	619	1
126	784	1
126	2026	1
126	2559	1
126	2921	1
128	413	1
128	619	1
128	784	1
128	2026	1
128	2559	1
128	2921	1
132	412	2
132	1108	2
132	1109	2
132	1840	2
132	2129	2
132	2130	2
132	2181	1
132	2419	1
132	3025	1
132	3841	1
132	3842	2
132	3844	2
132	3845	2
132	3875	1
132	3890	1
133	636	1
133	643	1
133	1058	1
133	1841	1
133	2853	1
133	3245	1
141	2549	1
141	2550	1
141	2603	1
141	3366	1
141	3809	1
141	4022	1
145	305	1
145	1275	1
145	2467	1
145	2949	1
145	3139	1
145	3370	1
145	4257	1
145	4273	1
145	4284	1
145	4285	1
148	727	1
148	1233	1
148	2372	1
148	2599	1
148	2692	1
148	3699	1
148	3700	1
148	3906	1
148	4077	1
148	4078	1
148	4087	1
148	4149	1
148	4170	1
150	1776	1
150	1778	1
150	1779	1
150	1781	1
150	1782	1
150	2410	1
150	2411	1
150	2498	1
150	2776	1
150	2791	1
150	2817	1
150	3540	1
150	4232	1
154	250	1
154	284	1
154	2401	1
154	3016	1
154	3480	1
154	3576	1
154	4213	1
162	1948	2
163	1949	3
164	795	1
164	796	1
164	1583	1
164	1950	1
164	3296	1
164	3305	1
164	3562	1
164	4053	1
175	310	1
175	397	1
175	2081	1
175	3206	1
175	3242	1
175	3351	1
175	3709	1
179	393	1
179	401	1
179	2793	1
179	3491	1
179	3564	1
179	4162	1
179	4261	1
179	4262	1
189	1016	2
189	1419	3
193	1654	2
193	1705	2
197	1677	3
223	1233	1
223	2598	1
223	2697	1
223	4077	1
223	4175	1
223	4201	1
233	631	1
233	638	1
233	1446	1
233	1468	1
233	2465	1
233	3171	1
234	743	1
234	1815	1
234	1817	1
234	3026	1
234	3028	1
234	4017	1
235	744	1
235	1816	1
235	1819	1
235	3027	1
235	3029	1
235	4018	1
243	277	1
243	3015	1
243	3587	1
243	3812	1
243	3813	1
243	4028	1
249	814	1
249	1064	1
249	1540	1
249	1554	1
249	1869	1
249	2029	1
249	2169	1
249	2170	1
249	2324	1
249	2765	1
249	3079	1
249	3482	1
249	3492	1
249	3669	1
249	4030	1
249	4059	1
250	284	1
250	814	1
250	1453	1
250	1544	1
250	2401	1
250	3016	1
250	3122	1
250	3480	1
250	3576	1
250	4213	1
250	4229	1
250	4231	1
251	1540	1
251	1553	1
251	1750	1
251	2169	1
251	2487	1
251	4219	1
255	1458	1
255	1557	1
255	2201	1
255	2387	1
255	2509	1
255	3101	1
255	3713	1
255	3746	1
269	297	1
269	1000	1
269	1066	1
269	1821	1
269	3013	1
269	3380	1
269	3383	1
269	3481	1
269	3537	1
269	4030	1
274	294	1
274	997	1
274	2400	1
274	3012	1
274	3381	1
274	3483	1
274	3493	1
274	4031	1
275	295	1
275	1231	1
275	2467	1
275	2502	1
275	2750	1
275	3014	1
275	3379	1
275	3481	1
275	3577	1
275	3585	1
275	3712	1
275	3812	1
275	3813	1
276	302	1
276	1000	1
276	2402	1
276	3018	1
276	3379	1
276	3482	1
276	3492	1
276	4030	1
277	3015	1
277	3587	1
277	3812	1
277	3813	1
277	4028	1
279	1266	1
279	1984	1
279	2804	1
279	2814	1
279	3092	1
279	3820	1
284	2401	1
284	3016	1
284	3480	1
284	3576	1
284	4213	1
287	1143	1
287	1447	1
287	1503	1
287	2468	1
287	2784	1
287	3102	1
287	3554	1
287	3572	1
288	1933	1
288	1937	1
288	1938	1
288	1995	1
288	2770	1
288	3291	1
291	301	1
291	380	1
291	1544	1
291	2145	1
291	4012	1
291	4290	1
294	997	1
294	2400	1
294	3012	1
294	3381	1
294	3483	1
294	3493	1
294	4031	1
295	1231	1
295	2467	1
295	2502	1
295	2750	1
295	3014	1
295	3379	1
295	3481	1
295	3577	1
295	3585	1
295	3712	1
295	3812	1
295	3813	1
297	1000	1
297	1066	1
297	1821	1
297	3013	1
297	3380	1
297	3383	1
297	3481	1
297	3537	1
297	4030	1
298	1534	1
298	2794	1
298	2795	1
298	2796	1
298	2802	1
298	2805	1
298	2809	1
298	2810	1
298	2812	1
298	2813	1
298	2815	1
299	359	1
299	360	1
299	1881	1
299	2460	1
299	3161	1
299	3499	1
299	3815	1
301	380	1
301	1544	1
301	2145	1
301	4012	1
301	4290	1
302	1000	1
302	2402	1
302	3018	1
302	3379	1
302	3482	1
302	3492	1
302	4030	1
305	1275	1
305	2467	1
305	2949	1
305	3139	1
305	3370	1
305	4257	1
305	4273	1
305	4284	1
305	4285	1
310	397	1
310	2081	1
310	3206	1
310	3242	1
310	3351	1
310	3709	1
311	1147	1
311	2741	1
311	3008	1
311	3175	1
311	3328	1
311	3847	1
357	3266	1
357	3364	1
357	4007	1
357	4080	1
357	4148	1
357	4169	1
357	4233	1
359	360	1
359	1881	1
359	2460	1
359	3161	1
359	3499	1
359	3815	1
360	1881	1
360	2460	1
360	3161	1
360	3499	1
360	3815	1
362	3085	1
362	3098	1
362	3854	1
362	3994	1
362	3995	1
362	4127	1
362	4222	1
363	809	1
363	1445	1
363	1513	1
363	1524	1
363	1783	1
363	2147	1
363	2158	1
363	2748	1
363	3024	1
363	3407	1
363	3998	1
363	4043	1
364	1876	1
364	3096	1
364	3116	1
364	3120	1
364	3195	1
364	4251	1
365	1231	1
365	1398	1
365	1879	1
365	2467	1
365	3117	1
365	3119	1
365	3196	1
365	3263	1
365	3715	1
365	4237	1
368	394	1
368	803	1
368	816	1
368	1034	1
368	1412	1
368	1413	1
368	1414	1
368	1423	1
368	1556	1
368	2477	1
368	2963	1
368	3550	1
368	4239	1
377	1358	1
377	1871	1
377	2287	1
377	2288	1
377	2488	1
377	3472	1
377	3573	1
379	1151	1
379	1268	1
379	1462	1
379	2005	1
379	2018	1
379	2369	1
379	2847	1
379	3231	1
379	4058	1
380	1544	1
380	2145	1
380	4012	1
380	4290	1
383	3580	1
383	3791	1
383	4226	1
383	4242	1
386	1827	1
386	2606	1
386	2904	1
386	2905	1
389	696	1
389	800	1
389	821	1
389	1762	1
389	2120	1
389	2511	1
389	2903	1
389	2910	1
389	3200	1
389	3900	1
389	4287	1
389	4288	1
391	1440	1
391	1549	1
391	1550	1
391	2146	1
391	3228	1
391	3898	1
393	401	1
393	2793	1
393	3491	1
393	3564	1
393	4162	1
393	4261	1
393	4262	1
394	803	1
394	816	1
394	1034	1
394	1412	1
394	1413	1
394	1414	1
394	1423	1
394	1556	1
394	2477	1
394	2963	1
394	3550	1
394	4239	1
397	2081	1
397	3206	1
397	3242	1
397	3351	1
397	3709	1
401	2793	1
401	3491	1
401	3564	1
401	4162	1
401	4261	1
401	4262	1
404	1392	1
404	2122	1
404	2688	1
404	3265	1
404	3373	1
404	3388	1
404	3533	1
404	3534	1
404	3835	1
404	3865	1
404	3867	1
404	3986	1
404	4001	1
404	4011	1
404	4071	1
404	4274	1
412	1107	2
412	1108	6
412	1109	6
412	1736	1
412	1836	1
412	1840	4
412	2128	1
412	2129	6
412	2130	4
412	2131	1
412	2180	1
412	2181	2
412	2388	1
412	2412	1
412	2419	4
412	3025	3
412	3841	4
412	3842	2
412	3843	1
412	3844	5
412	3845	5
412	3846	1
412	3875	2
412	3890	4
412	3946	1
412	3947	1
413	619	1
413	784	1
413	2026	1
413	2559	1
413	2921	1
416	3106	1
416	3831	1
419	420	1
419	529	1
419	530	1
419	2863	1
419	2864	1
419	2866	1
420	529	1
420	530	1
420	2863	1
420	2864	1
420	2866	1
423	2370	1
423	2666	1
423	2721	1
423	4081	1
454	1138	1
454	1267	1
454	1463	1
454	2004	1
454	2006	1
454	2137	1
454	2825	1
454	3230	1
454	4057	1
503	1469	1
503	2425	1
503	2744	1
503	3037	1
503	3463	1
503	3647	1
503	3692	1
517	2081	1
529	530	1
529	2863	1
529	2864	1
529	2866	1
530	2863	1
530	2864	1
530	2866	1
535	2080	1
535	3233	1
535	3484	1
535	3758	1
535	3763	1
571	1308	3
571	2221	1
585	2620	1
585	3303	1
585	3304	1
585	3334	1
585	3717	1
607	610	1
607	931	1
607	933	1
607	1048	1
607	2054	1
607	2055	1
607	2272	1
607	2398	1
607	3761	1
610	931	1
610	933	1
610	1048	1
610	2054	1
610	2055	1
610	2272	1
610	2398	1
610	3761	1
619	784	1
619	2026	1
619	2559	1
619	2921	1
630	2176	1
630	2422	1
630	2424	1
630	3501	1
630	3633	1
631	638	1
631	1446	1
631	1468	1
631	2465	1
631	3171	1
634	998	1
634	1002	1
634	1005	1
634	1777	1
634	1923	1
634	2958	1
634	3596	1
636	643	1
636	1058	1
636	1841	1
636	2853	1
636	3245	1
638	1446	1
638	1468	1
638	2465	1
638	3171	1
643	1058	1
643	1841	1
643	2853	1
643	3245	1
653	688	3
669	689	2
669	1976	4
689	1976	2
696	800	1
696	821	1
696	1762	1
696	2120	1
696	2511	1
696	2903	1
696	2910	1
696	3200	1
696	3900	1
696	4287	1
696	4288	1
712	1312	1
712	1333	1
712	2909	1
712	3082	1
712	3319	1
727	1233	1
727	2692	1
727	3699	1
727	4077	1
731	2526	1
731	2531	1
731	2539	1
731	2700	1
731	3205	1
731	3239	1
731	3514	1
733	757	2
733	832	2
733	1122	2
733	1367	2
733	1532	1
733	1726	1
733	1751	1
733	1768	1
733	1872	1
733	1916	2
733	2014	2
733	2255	1
733	2264	1
733	2290	1
733	2403	1
733	2405	1
733	2792	2
733	2870	1
733	2871	1
734	759	1
734	834	1
734	1123	1
734	1727	1
734	1917	1
734	2016	1
734	2291	1
734	2406	1
734	2793	1
734	2873	1
740	758	1
740	833	1
740	1053	1
740	1368	1
740	1533	1
740	1904	1
740	1915	1
740	2015	1
740	2265	1
740	2404	1
740	2793	1
740	2872	1
743	1815	1
743	1817	1
743	3026	1
743	3028	1
743	4017	1
744	1816	1
744	1819	1
744	3027	1
744	3029	1
744	4018	1
749	4162	1
753	1006	1
753	1052	1
753	1477	1
753	1545	1
753	1894	1
753	1910	1
753	1911	1
753	2098	1
753	2243	1
753	2415	1
753	3494	1
755	2586	1
755	2604	1
755	3227	1
755	4023	1
757	832	2
757	1122	2
757	1367	2
757	1532	1
757	1726	1
757	1751	1
757	1768	1
757	1872	1
757	1916	2
757	2014	2
757	2255	1
757	2264	1
757	2290	1
757	2403	1
757	2405	1
757	2792	2
757	2870	1
757	2871	1
758	833	1
758	1053	1
758	1368	1
758	1533	1
758	1904	1
758	1915	1
758	2015	1
758	2265	1
758	2404	1
758	2793	1
758	2872	1
759	834	1
759	1123	1
759	1727	1
759	1917	1
759	2016	1
759	2291	1
759	2406	1
759	2793	1
759	2873	1
760	765	1
760	833	1
760	1003	2
760	1124	2
760	1368	1
760	1533	1
760	2015	1
760	2280	1
760	2282	1
760	2285	1
760	2286	1
760	2289	1
760	2404	2
760	2409	1
760	2793	2
760	2874	1
765	833	1
765	1003	1
765	1124	1
765	1368	1
765	1533	1
765	2015	1
765	2404	1
765	2409	1
765	2793	1
767	782	2
767	2802	2
773	913	1
773	1047	1
773	1238	1
773	1345	1
773	1559	1
773	1606	1
773	1785	1
773	2027	1
773	2199	1
782	2802	2
783	1615	1
783	2061	1
783	2124	1
783	2459	1
783	2751	1
784	2026	1
784	2559	1
784	2921	1
790	1372	1
790	1391	1
790	1769	1
790	2994	1
795	796	1
795	1583	1
795	3296	1
795	3305	1
795	3562	1
795	4053	1
796	1583	1
796	3296	1
796	3305	1
796	3562	1
796	4053	1
800	821	1
800	1762	1
800	2120	1
800	2511	1
800	2903	1
800	2910	1
800	3200	1
800	3900	1
800	4287	1
800	4288	1
803	816	1
803	1034	1
803	1412	1
803	1413	1
803	1414	1
803	1423	1
803	1556	1
803	2477	1
803	2963	1
803	3550	1
803	4239	1
809	1445	1
809	1513	1
809	1524	1
809	1783	1
809	2147	1
809	2158	1
809	2748	1
809	3024	1
809	3407	1
809	3998	1
809	4043	1
814	1064	1
814	1453	1
814	1540	1
814	1544	1
814	1554	1
814	2029	1
814	2169	1
814	2170	1
814	2765	1
814	3079	1
814	3122	1
814	4059	1
814	4229	1
814	4231	1
816	1034	1
816	1412	1
816	1413	1
816	1414	1
816	1423	1
816	1556	1
816	2477	1
816	2963	1
816	3550	1
816	4239	1
821	1762	1
821	2120	1
821	2511	1
821	2903	1
821	2910	1
821	3200	1
821	3900	1
821	4287	1
821	4288	1
829	830	1
829	2869	1
829	3089	1
829	3134	1
829	3525	1
830	2869	1
830	3089	1
830	3134	1
830	3525	1
832	1122	2
832	1367	2
832	1532	1
832	1726	1
832	1751	1
832	1768	1
832	1872	1
832	1916	2
832	2014	2
832	2255	1
832	2264	1
832	2290	1
832	2403	1
832	2405	1
832	2792	2
832	2870	1
832	2871	1
833	1003	1
833	1053	1
833	1124	1
833	1368	2
833	1533	2
833	1904	1
833	1915	1
833	2015	2
833	2265	1
833	2404	2
833	2409	1
833	2793	2
833	2872	1
834	1123	1
834	1727	1
834	1917	1
834	2016	1
834	2291	1
834	2406	1
834	2793	1
834	2873	1
838	3794	2
838	4050	1
842	870	1
842	874	1
842	878	1
842	1487	1
842	3331	1
842	3895	1
850	864	3
870	874	1
870	878	1
870	1487	1
870	3331	1
870	3895	1
874	878	1
874	1487	1
874	3331	1
874	3895	1
878	1487	1
878	3331	1
878	3895	1
887	987	1
887	1678	1
913	1047	1
913	1238	1
913	1345	1
913	1559	1
913	1606	1
913	1785	1
913	2027	1
913	2199	1
931	933	1
931	1048	1
931	2054	1
931	2055	1
931	2272	1
931	2398	1
931	3761	1
933	1048	1
933	2054	1
933	2055	1
933	2272	1
933	2398	1
933	3761	1
944	2058	5
944	3206	4
954	1949	1
954	3206	1
954	3805	1
967	1226	1
967	2065	1
967	2068	1
967	2070	1
967	3168	1
967	3765	1
967	4266	1
977	2053	2
977	3760	2
993	1866	1
993	1909	1
993	1921	1
993	3081	1
993	3584	1
993	3678	1
993	3940	1
997	2400	1
997	3012	1
997	3381	1
997	3483	1
997	3493	1
997	4031	1
998	1002	1
998	1005	1
998	1777	1
998	1923	1
998	2958	1
998	3596	1
1000	1066	1
1000	1361	1
1000	1744	1
1000	1750	2
1000	1821	1
1000	1842	1
1000	1963	1
1000	2402	1
1000	2489	1
1000	2784	1
1000	3013	1
1000	3018	1
1000	3379	1
1000	3380	1
1000	3383	1
1000	3481	1
1000	3482	1
1000	3492	1
1000	3537	1
1000	3588	1
1000	4030	2
1000	4264	1
1002	1005	1
1002	1777	1
1002	1923	1
1002	2958	1
1002	3596	1
1003	1124	2
1003	1368	1
1003	1533	1
1003	2015	1
1003	2280	1
1003	2282	1
1003	2285	1
1003	2286	1
1003	2289	1
1003	2404	2
1003	2409	1
1003	2793	2
1003	2874	1
1005	1777	1
1005	1923	1
1005	2958	1
1005	3596	1
1006	1052	1
1006	1477	1
1006	1545	1
1006	1894	1
1006	1910	1
1006	1911	1
1006	2098	1
1006	2243	1
1006	2415	1
1006	3494	1
1016	1419	2
1026	1428	1
1026	2083	1
1034	1412	1
1034	1413	1
1034	1414	1
1034	1423	1
1034	1556	1
1034	2477	1
1034	2963	1
1034	3550	1
1034	4239	1
1038	1040	2
1038	1043	2
1040	1043	2
1047	1238	1
1047	1345	1
1047	1559	1
1047	1606	1
1047	1785	1
1047	2027	1
1047	2199	1
1048	2054	1
1048	2055	1
1048	2272	1
1048	2398	1
1048	3761	1
1051	1059	1
1051	1073	1
1051	2241	1
1051	2242	1
1051	2244	1
1051	2245	1
1051	2246	1
1051	2247	1
1052	1477	1
1052	1545	1
1052	1894	1
1052	1910	1
1052	1911	1
1052	2098	1
1052	2243	1
1052	2415	1
1052	3494	1
1053	1368	1
1053	1533	1
1053	1904	1
1053	1915	1
1053	2015	1
1053	2265	1
1053	2404	1
1053	2793	1
1053	2872	1
1058	1841	1
1058	2853	1
1058	3245	1
1059	1073	1
1059	2241	1
1059	2242	1
1059	2244	1
1059	2245	1
1059	2246	1
1059	2247	1
1064	1540	1
1064	1554	1
1064	2029	1
1064	2169	1
1064	2170	1
1064	2765	1
1064	3079	1
1064	4059	1
1066	1821	1
1066	3013	1
1066	3380	1
1066	3383	1
1066	3481	1
1066	3537	1
1066	4030	1
1073	2241	1
1073	2242	1
1073	2244	1
1073	2245	1
1073	2246	1
1073	2247	1
1107	1108	2
1107	1109	2
1107	1736	1
1107	1840	1
1107	2129	2
1107	2130	1
1107	2131	1
1107	2180	1
1107	2181	1
1107	2388	1
1107	2419	2
1107	3025	1
1107	3841	2
1107	3844	2
1107	3845	1
1107	3846	1
1107	3875	1
1107	3890	1
1108	1109	7
1108	1486	1
1108	1736	1
1108	1836	1
1108	1840	5
1108	2128	1
1108	2129	7
1108	2130	5
1108	2131	1
1108	2180	1
1108	2181	2
1108	2388	1
1108	2412	1
1108	2419	4
1108	3025	3
1108	3112	1
1108	3841	4
1108	3842	2
1108	3843	1
1108	3844	5
1108	3845	6
1108	3846	1
1108	3854	1
1108	3875	2
1108	3890	4
1108	3946	1
1108	3947	1
1109	1486	1
1109	1736	1
1109	1836	1
1109	1840	5
1109	2128	1
1109	2129	7
1109	2130	5
1109	2131	1
1109	2180	1
1109	2181	2
1109	2388	1
1109	2412	1
1109	2419	4
1109	3025	3
1109	3112	1
1109	3841	4
1109	3842	2
1109	3843	1
1109	3844	5
1109	3845	6
1109	3846	1
1109	3854	1
1109	3875	2
1109	3890	4
1109	3946	1
1109	3947	1
1122	1367	2
1122	1532	1
1122	1726	1
1122	1751	1
1122	1768	1
1122	1872	1
1122	1916	2
1122	2014	2
1122	2255	1
1122	2264	1
1122	2290	1
1122	2403	1
1122	2405	1
1122	2792	2
1122	2870	1
1122	2871	1
1123	1727	1
1123	1917	1
1123	2016	1
1123	2291	1
1123	2406	1
1123	2793	1
1123	2873	1
1124	1368	1
1124	1533	1
1124	2015	1
1124	2280	1
1124	2282	1
1124	2285	1
1124	2286	1
1124	2289	1
1124	2404	2
1124	2409	1
1124	2793	2
1124	2874	1
1138	1267	1
1138	1463	1
1138	2004	1
1138	2006	1
1138	2137	1
1138	2825	1
1138	3230	1
1138	4057	1
1139	1592	1
1139	1629	1
1139	1859	1
1139	3173	1
1139	3464	1
1139	3571	1
1139	3807	1
1143	1447	1
1143	1503	1
1143	2468	1
1143	2784	1
1143	3102	1
1143	3554	1
1143	3572	1
1147	2741	1
1147	3008	1
1147	3175	1
1147	3328	1
1147	3847	1
1151	1268	1
1151	1462	1
1151	2005	1
1151	2018	1
1151	2369	1
1151	2847	1
1151	3231	1
1151	4058	1
1164	1209	1
1164	2634	1
1164	2635	1
1164	2667	1
1164	2783	1
1182	1883	1
1197	1214	2
1197	1218	4
1197	3852	1
1209	2634	1
1209	2635	1
1209	2667	1
1209	2783	1
1214	1218	2
1214	4111	1
1226	2065	1
1226	2068	1
1226	2070	1
1226	3168	1
1226	3765	1
1226	4266	1
1231	1398	1
1231	1879	1
1231	2467	2
1231	2502	1
1231	2750	1
1231	3014	1
1231	3117	1
1231	3119	1
1231	3196	1
1231	3263	1
1231	3379	1
1231	3481	1
1231	3577	1
1231	3585	1
1231	3712	1
1231	3715	1
1231	3812	1
1231	3813	1
1231	4237	1
1232	2267	1
1232	2271	1
1232	2273	1
1232	2275	1
1232	2430	1
1233	2598	1
1233	2692	1
1233	2697	1
1233	3699	1
1233	4077	2
1233	4175	1
1233	4201	1
1238	1345	1
1238	1559	1
1238	1606	1
1238	1785	1
1238	2027	1
1238	2199	1
1241	1388	2
1241	2726	1
1243	2221	1
1243	2438	1
1263	1455	1
1263	1889	1
1263	2143	1
1263	2160	1
1263	2172	1
1266	1984	1
1266	2804	1
1266	2814	1
1266	3092	1
1266	3820	1
1267	1463	1
1267	2004	1
1267	2006	1
1267	2137	1
1267	2825	1
1267	3230	1
1267	4057	1
1268	1462	1
1268	2005	1
1268	2018	1
1268	2369	1
1268	2847	1
1268	3231	1
1268	4058	1
1269	1274	1
1269	1731	1
1269	1747	1
1269	1763	1
1269	1765	1
1269	1823	1
1269	2230	1
1269	3224	1
1269	3459	1
1269	3466	1
1269	3714	1
1269	3786	1
1269	3834	1
1269	3989	1
1269	4039	1
1269	4056	1
1269	4211	1
1270	1273	1
1270	1731	1
1270	1748	1
1270	1764	1
1270	1822	1
1270	2228	1
1270	3458	1
1270	3465	1
1270	3988	1
1270	4038	1
1270	4212	1
1272	1366	1
1272	1814	1
1272	3676	1
1272	3879	1
1272	4236	1
1273	1731	1
1273	1748	1
1273	1764	1
1273	1822	1
1273	2228	1
1273	3458	1
1273	3465	1
1273	3988	1
1273	4038	1
1273	4212	1
1274	1731	1
1274	1747	1
1274	1763	1
1274	1765	1
1274	1823	1
1274	2230	1
1274	3224	1
1274	3459	1
1274	3466	1
1274	3714	1
1274	3786	1
1274	3834	1
1274	3989	1
1274	4039	1
1274	4056	1
1274	4211	1
1275	2467	1
1275	2949	1
1275	3139	1
1275	3370	1
1275	4257	1
1275	4273	1
1275	4284	1
1275	4285	1
1312	1333	1
1312	2909	1
1312	3082	1
1312	3319	1
1333	2909	1
1333	3082	1
1333	3319	1
1337	2499	1
1337	2519	1
1337	2560	1
1337	2822	1
1337	3251	1
1337	4065	1
1345	1559	1
1345	1606	1
1345	1785	1
1345	2027	1
1345	2199	1
1358	1871	1
1358	2287	1
1358	2288	1
1358	2488	1
1358	3472	1
1358	3573	1
1359	1502	1
1359	1870	1
1359	1922	1
1359	2002	1
1359	3471	1
1359	3586	1
1359	3690	1
1359	3814	1
1359	3897	1
1359	3929	1
1361	1744	1
1361	1750	1
1361	1753	1
1361	2489	1
1361	2784	1
1363	2185	1
1363	2186	1
1363	2423	1
1363	2802	1
1363	3084	1
1363	3500	1
1363	3632	1
1366	1814	1
1366	3676	1
1366	3879	1
1366	4236	1
1367	1532	1
1367	1726	1
1367	1751	1
1367	1768	1
1367	1872	1
1367	1916	2
1367	2014	2
1367	2255	1
1367	2264	1
1367	2290	1
1367	2403	1
1367	2405	1
1367	2792	2
1367	2870	1
1367	2871	1
1368	1533	2
1368	1904	1
1368	1915	1
1368	2015	2
1368	2265	1
1368	2404	2
1368	2409	1
1368	2793	2
1368	2872	1
1372	1391	1
1372	1769	1
1372	2994	1
1377	1433	2
1377	3017	1
1391	1769	1
1391	2994	1
1392	2122	1
1392	2688	1
1392	3265	1
1392	3373	1
1392	3388	1
1392	3533	1
1392	3534	1
1392	3835	1
1392	3865	1
1392	3867	1
1392	3986	1
1392	4001	1
1392	4011	1
1392	4071	1
1392	4274	1
1398	1879	1
1398	2467	1
1398	3117	1
1398	3119	1
1398	3196	1
1398	3263	1
1398	3715	1
1398	4237	1
1412	1413	1
1412	1414	1
1412	1423	1
1412	1556	1
1412	2477	1
1412	2963	1
1412	3550	1
1412	4239	1
1413	1414	1
1413	1423	1
1413	1556	1
1413	2477	1
1413	2963	1
1413	3550	1
1413	4239	1
1414	1423	1
1414	1556	1
1414	2477	1
1414	2963	1
1414	3550	1
1414	4239	1
1423	1556	1
1423	2477	1
1423	2963	1
1423	3550	1
1423	4239	1
1428	2083	1
1440	1549	1
1440	1550	1
1440	2146	1
1440	3228	1
1440	3898	1
1445	1513	1
1445	1524	1
1445	1783	1
1445	2147	1
1445	2158	1
1445	2748	1
1445	3024	1
1445	3407	1
1445	3998	1
1445	4043	1
1446	1468	1
1446	2465	1
1446	3171	1
1447	1503	1
1447	2468	1
1447	2784	1
1447	3102	1
1447	3554	1
1447	3572	1
1448	2773	1
1448	2856	1
1448	3087	1
1448	3123	1
1448	3479	1
1451	2003	2
1451	2152	2
1451	2239	2
1451	2782	1
1452	2004	1
1452	2784	1
1452	3883	1
1453	1544	1
1453	3122	1
1453	4229	1
1453	4231	1
1455	1889	1
1455	2143	1
1455	2160	1
1455	2172	1
1458	1557	1
1458	2201	1
1458	2387	1
1458	2509	1
1458	3101	1
1458	3713	1
1458	3746	1
1458	3883	1
1462	2005	1
1462	2018	1
1462	2369	1
1462	2847	1
1462	3231	1
1462	4058	1
1463	2004	1
1463	2006	1
1463	2137	1
1463	2825	1
1463	3230	1
1463	4057	1
1464	2784	1
1464	3019	1
1464	3095	1
1464	3099	1
1464	3390	1
1464	3488	1
1464	3489	1
1464	3644	1
1464	3874	1
1464	3987	1
1468	2465	1
1468	3171	1
1469	2425	1
1469	2744	1
1469	3037	1
1469	3463	1
1469	3647	1
1469	3692	1
1474	1729	1
1474	2017	1
1474	2191	1
1474	2250	1
1474	2444	1
1474	4091	1
1477	1545	1
1477	1894	1
1477	1910	1
1477	1911	1
1477	2098	1
1477	2243	1
1477	2415	1
1477	3494	1
1486	1840	1
1486	2129	1
1486	2130	1
1486	3112	1
1486	3845	1
1486	3854	1
1487	3331	1
1487	3895	1
1502	1870	1
1502	1922	1
1502	2002	1
1502	3471	1
1502	3586	1
1502	3690	1
1502	3814	1
1502	3897	1
1502	3929	1
1503	2468	1
1503	2784	1
1503	3102	1
1503	3554	1
1503	3572	1
1513	1524	1
1513	1783	1
1513	2147	1
1513	2158	1
1513	2748	1
1513	3024	1
1513	3407	1
1513	3998	1
1513	4043	1
1524	1783	1
1524	2147	1
1524	2158	1
1524	2748	1
1524	3024	1
1524	3407	1
1524	3998	1
1524	4043	1
1532	1751	1
1532	1916	1
1532	2014	1
1532	2264	1
1532	2290	1
1532	2403	1
1532	2792	1
1532	2871	1
1533	1904	1
1533	1915	1
1533	2015	2
1533	2265	1
1533	2404	2
1533	2409	1
1533	2793	2
1533	2872	1
1534	2794	1
1534	2795	1
1534	2796	1
1534	2802	1
1534	2805	1
1534	2809	1
1534	2810	1
1534	2812	1
1534	2813	1
1534	2815	1
1540	1553	1
1540	1554	1
1540	1750	1
1540	2029	1
1540	2169	2
1540	2170	1
1540	2487	1
1540	2765	1
1540	3079	1
1540	4059	1
1540	4219	1
1541	1551	1
1541	2177	1
1541	2249	1
1541	2390	1
1541	2392	1
1544	2145	1
1544	3122	1
1544	4012	1
1544	4229	1
1544	4231	1
1544	4290	1
1545	1894	1
1545	1910	1
1545	1911	1
1545	2098	1
1545	2243	1
1545	2415	1
1545	3494	1
1548	1887	2
1549	1550	1
1549	2146	1
1549	3228	1
1549	3898	1
1550	2146	1
1550	3228	1
1550	3898	1
1551	2177	1
1551	2249	1
1551	2390	1
1551	2392	1
1553	1750	1
1553	2169	1
1553	2487	1
1553	4219	1
1554	2029	1
1554	2169	1
1554	2170	1
1554	2765	1
1554	3079	1
1554	4059	1
1556	2477	1
1556	2963	1
1556	3550	1
1556	4239	1
1557	2201	1
1557	2387	1
1557	2509	1
1557	3101	1
1557	3713	1
1557	3746	1
1559	1606	1
1559	1785	1
1559	2027	1
1559	2199	1
1583	3296	1
1583	3305	1
1583	3562	1
1583	4053	1
1592	1629	1
1592	1859	1
1592	3173	1
1592	3464	1
1592	3571	1
1592	3807	1
1596	1620	1
1596	2038	1
1596	3174	1
1596	3430	1
1596	3916	1
1606	1785	1
1606	2027	1
1606	2199	1
1615	2061	1
1615	2124	1
1615	2459	1
1615	2751	1
1616	2124	1
1616	2229	2
1620	2038	1
1620	3174	1
1620	3430	1
1620	3916	1
1629	1859	1
1629	3173	1
1629	3464	1
1629	3571	1
1629	3807	1
1654	1705	1
1679	2861	1
1726	1768	1
1726	1872	1
1726	1916	1
1726	2014	1
1726	2255	1
1726	2405	1
1726	2792	1
1726	2870	1
1727	1917	1
1727	2016	1
1727	2291	1
1727	2406	1
1727	2793	1
1727	2873	1
1729	2017	1
1729	2191	1
1729	2250	1
1729	2444	1
1729	4091	1
1731	1747	1
1731	1748	1
1731	1763	1
1731	1764	1
1731	1765	1
1731	1822	1
1731	1823	1
1731	2228	1
1731	2230	1
1731	3224	1
1731	3458	1
1731	3459	1
1731	3465	1
1731	3466	1
1731	3714	1
1731	3786	1
1731	3834	1
1731	3988	1
1731	3989	1
1731	4038	1
1731	4039	1
1731	4056	1
1731	4211	1
1731	4212	1
1736	2129	1
1736	2131	1
1736	2180	1
1736	2419	1
1736	3841	1
1736	3844	1
1736	3846	1
1736	3890	1
1743	1755	1
1743	1877	1
1743	1878	1
1743	2150	1
1743	2467	1
1744	1750	1
1744	2489	1
1744	2784	1
1747	1763	1
1747	1765	1
1747	1823	1
1747	2230	1
1747	3224	1
1747	3459	1
1747	3466	1
1747	3714	1
1747	3786	1
1747	3834	1
1747	3989	1
1747	4039	1
1747	4056	1
1747	4211	1
1748	1764	1
1748	1822	1
1748	2228	1
1748	3458	1
1748	3465	1
1748	3988	1
1748	4038	1
1748	4212	1
1750	1842	1
1750	1963	1
1750	2004	1
1750	2169	1
1750	2487	1
1750	2489	1
1750	2784	1
1750	3588	1
1750	4219	1
1750	4264	1
1751	1916	1
1751	2014	1
1751	2264	1
1751	2290	1
1751	2403	1
1751	2792	1
1751	2871	1
1755	1877	1
1755	1878	1
1755	2150	1
1755	2467	1
1762	2120	1
1762	2511	1
1762	2903	1
1762	2910	1
1762	3200	1
1762	3900	1
1762	4287	1
1762	4288	1
1763	1765	1
1763	1823	1
1763	2230	1
1763	3224	1
1763	3459	1
1763	3466	1
1763	3714	1
1763	3786	1
1763	3834	1
1763	3989	1
1763	4039	1
1763	4056	1
1763	4211	1
1764	1822	1
1764	2228	1
1764	3458	1
1764	3465	1
1764	3988	1
1764	4038	1
1764	4212	1
1765	1823	1
1765	2230	1
1765	3224	1
1765	3459	1
1765	3466	1
1765	3714	1
1765	3786	1
1765	3834	1
1765	3989	1
1765	4039	1
1765	4056	1
1765	4211	1
1768	1872	1
1768	1916	1
1768	2014	1
1768	2255	1
1768	2405	1
1768	2792	1
1768	2870	1
1769	2994	1
1770	1791	2
1776	1778	1
1776	1779	1
1776	1781	1
1776	1782	1
1776	2410	1
1776	2411	2
1776	2498	1
1776	2776	1
1776	2791	1
1776	2817	1
1776	3540	1
1776	4232	1
1777	1923	1
1777	2958	1
1777	3596	1
1778	1779	1
1778	1781	1
1778	1782	1
1778	2410	1
1778	2411	1
1778	2498	1
1778	2776	1
1778	2791	1
1778	2817	1
1778	3540	1
1778	4232	1
1779	1781	1
1779	1782	1
1779	2410	1
1779	2411	1
1779	2498	1
1779	2776	1
1779	2791	1
1779	2817	1
1779	3540	1
1779	4232	1
1780	3229	1
1780	3886	1
1781	1782	1
1781	2410	1
1781	2411	1
1781	2498	1
1781	2776	1
1781	2791	1
1781	2817	1
1781	3540	1
1781	4232	1
1782	2410	1
1782	2411	1
1782	2498	1
1782	2776	1
1782	2791	1
1782	2817	1
1782	3540	1
1782	4232	1
1783	2147	1
1783	2158	1
1783	2748	1
1783	3024	1
1783	3407	1
1783	3998	1
1783	4043	1
1785	2027	1
1785	2199	1
1814	3676	1
1814	3879	1
1814	4236	1
1815	1817	1
1815	3026	1
1815	3028	1
1815	4017	1
1816	1819	1
1816	3027	1
1816	3029	1
1816	4018	1
1817	3026	1
1817	3028	1
1817	4017	1
1819	3027	1
1819	3029	1
1819	4018	1
1821	3013	1
1821	3380	1
1821	3383	1
1821	3481	1
1821	3537	1
1821	4030	1
1822	2228	1
1822	3458	1
1822	3465	1
1822	3988	1
1822	4038	1
1822	4212	1
1823	2230	1
1823	3224	1
1823	3459	1
1823	3466	1
1823	3714	1
1823	3786	1
1823	3834	1
1823	3989	1
1823	4039	1
1823	4056	1
1823	4211	1
1827	2606	1
1827	2904	1
1827	2905	1
1836	2128	1
1836	2129	1
1836	2412	1
1836	2419	1
1836	3025	1
1836	3844	1
1836	3845	1
1836	3890	1
1836	3946	1
1836	3947	1
1840	2129	5
1840	2130	5
1840	2181	2
1840	2388	1
1840	2419	2
1840	3025	2
1840	3112	1
1840	3841	3
1840	3842	2
1840	3843	1
1840	3844	3
1840	3845	5
1840	3854	1
1840	3875	2
1840	3890	2
1841	2853	1
1841	3245	1
1842	1963	1
1842	3588	1
1842	4264	1
1850	1851	1
1850	2174	1
1850	3543	1
1850	3810	1
1850	3811	1
1851	2174	1
1851	3543	1
1851	3810	1
1851	3811	1
1853	1854	1
1853	1855	1
1853	1856	1
1853	1858	1
1853	2789	1
1853	2794	1
1853	2796	1
1853	3931	1
1854	1855	1
1854	1856	1
1854	1858	1
1854	2789	1
1854	2794	1
1854	2796	1
1854	3931	1
1855	1856	1
1855	1858	1
1855	2789	1
1855	2794	1
1855	2796	1
1855	3931	1
1856	1858	1
1856	2789	1
1856	2794	1
1856	2796	1
1856	3931	1
1858	2789	1
1858	2794	1
1858	2796	1
1858	3931	1
1859	3173	1
1859	3464	1
1859	3571	1
1859	3807	1
1866	1909	1
1866	1921	1
1866	3081	1
1866	3584	1
1866	3678	1
1866	3940	1
1869	2324	1
1869	3482	1
1869	3492	1
1869	3669	1
1869	4030	1
1870	1922	1
1870	2002	1
1870	3471	1
1870	3586	1
1870	3690	1
1870	3814	1
1870	3897	1
1870	3929	1
1871	2287	1
1871	2288	1
1871	2488	1
1871	3472	1
1871	3573	1
1872	1916	1
1872	2014	1
1872	2255	1
1872	2405	1
1872	2792	1
1872	2870	1
1876	3096	1
1876	3116	1
1876	3120	1
1876	3195	1
1876	4251	1
1877	1878	1
1877	2150	1
1877	2467	1
1878	2150	1
1878	2467	1
1879	2467	1
1879	3117	1
1879	3119	1
1879	3196	1
1879	3263	1
1879	3715	1
1879	4237	1
1880	2151	1
1880	3090	1
1880	3271	1
1881	2460	1
1881	3161	1
1881	3499	1
1881	3815	1
1889	2143	1
1889	2160	1
1889	2172	1
1894	1910	1
1894	1911	1
1894	2098	1
1894	2243	1
1894	2415	1
1894	3494	1
1904	1915	1
1904	2015	1
1904	2265	1
1904	2404	1
1904	2793	1
1904	2872	1
1909	1921	1
1909	3081	1
1909	3584	1
1909	3678	1
1909	3940	1
1910	1911	1
1910	2098	1
1910	2243	1
1910	2415	1
1910	3494	1
1911	2098	1
1911	2243	1
1911	2415	1
1911	3494	1
1913	3254	1
1913	3473	1
1915	2015	1
1915	2265	1
1915	2404	1
1915	2793	1
1915	2872	1
1916	2014	2
1916	2255	1
1916	2264	1
1916	2290	1
1916	2403	1
1916	2405	1
1916	2792	2
1916	2870	1
1916	2871	1
1917	2016	1
1917	2291	1
1917	2406	1
1917	2793	1
1917	2873	1
1921	3081	1
1921	3584	1
1921	3678	1
1921	3940	1
1922	2002	1
1922	3471	1
1922	3586	1
1922	3690	1
1922	3814	1
1922	3897	1
1922	3929	1
1923	2958	1
1923	3596	1
1933	1937	1
1933	1938	1
1933	1995	1
1933	2770	1
1933	3291	1
1937	1938	1
1937	1995	1
1937	2770	1
1937	3291	1
1938	1995	1
1938	2770	1
1938	3291	1
1949	2825	1
1949	3214	1
1949	3805	1
1950	3214	2
1950	3805	1
1963	3588	1
1963	4264	1
1971	1987	2
1971	2843	2
1971	3910	2
1976	2843	1
1984	2804	1
1984	2814	1
1984	3092	1
1984	3820	1
1987	2843	2
1987	3910	2
1995	2770	1
1995	3291	1
2002	3471	1
2002	3586	1
2002	3690	1
2002	3814	1
2002	3897	1
2002	3929	1
2003	2152	3
2003	2239	2
2003	2782	1
2004	2006	1
2004	2137	1
2004	2784	1
2004	2825	1
2004	3230	1
2004	4057	1
2005	2018	1
2005	2369	1
2005	2847	1
2005	3231	1
2005	4058	1
2006	2137	1
2006	2825	1
2006	3230	1
2006	4057	1
2014	2255	1
2014	2264	1
2014	2290	1
2014	2403	1
2014	2405	1
2014	2792	2
2014	2870	1
2014	2871	1
2015	2265	1
2015	2404	2
2015	2409	1
2015	2793	2
2015	2872	1
2016	2291	1
2016	2406	1
2016	2793	1
2016	2873	1
2017	2191	1
2017	2250	1
2017	2444	1
2017	4091	1
2018	2369	1
2018	2847	1
2018	3231	1
2018	4058	1
2026	2559	1
2026	2921	1
2027	2199	1
2029	2169	1
2029	2170	1
2029	2765	1
2029	3079	1
2029	4059	1
2038	3174	1
2038	3430	1
2038	3916	1
2053	3760	2
2054	2055	1
2054	2272	1
2054	2398	1
2054	3761	1
2055	2272	1
2055	2398	1
2055	3761	1
2058	3206	4
2061	2124	1
2061	2459	1
2061	2751	1
2065	2068	1
2065	2070	1
2065	3168	1
2065	3765	1
2065	4266	1
2068	2070	1
2068	3168	1
2068	3765	1
2068	4266	1
2070	3168	1
2070	3765	1
2070	4266	1
2080	3233	1
2080	3484	1
2080	3758	1
2080	3763	1
2081	3206	1
2081	3242	1
2081	3351	1
2081	3709	1
2098	2243	1
2098	2415	1
2098	3494	1
2120	2511	1
2120	2903	1
2120	2910	1
2120	3200	1
2120	3900	1
2120	4287	1
2120	4288	1
2122	2688	1
2122	3265	1
2122	3373	1
2122	3388	1
2122	3533	1
2122	3534	1
2122	3835	1
2122	3865	1
2122	3867	1
2122	3986	1
2122	4001	1
2122	4011	1
2122	4071	1
2122	4274	1
2124	2229	1
2124	2459	1
2124	2751	1
2128	2129	1
2128	2412	1
2128	2419	1
2128	3025	1
2128	3844	1
2128	3845	1
2128	3890	1
2128	3946	1
2128	3947	1
2129	2130	5
2129	2131	1
2129	2180	1
2129	2181	2
2129	2388	1
2129	2412	1
2129	2419	4
2129	3025	3
2129	3112	1
2129	3841	4
2129	3842	2
2129	3843	1
2129	3844	5
2129	3845	6
2129	3846	1
2129	3854	1
2129	3875	2
2129	3890	4
2129	3946	1
2129	3947	1
2130	2181	2
2130	2388	1
2130	2419	2
2130	3025	2
2130	3112	1
2130	3841	3
2130	3842	2
2130	3843	1
2130	3844	3
2130	3845	5
2130	3854	1
2130	3875	2
2130	3890	2
2131	2180	1
2131	2419	1
2131	3841	1
2131	3844	1
2131	3846	1
2131	3890	1
2137	2825	1
2137	3230	1
2137	4057	1
2143	2160	1
2143	2172	1
2145	4012	1
2145	4290	1
2146	3228	1
2146	3898	1
2147	2158	1
2147	2748	1
2147	3024	1
2147	3407	1
2147	3998	1
2147	4043	1
2150	2467	1
2151	3090	1
2151	3271	1
2152	2239	2
2152	2782	3
2158	2748	1
2158	3024	1
2158	3407	1
2158	3998	1
2158	4043	1
2160	2172	1
2169	2170	1
2169	2487	1
2169	2765	1
2169	3079	1
2169	4059	1
2169	4219	1
2170	2765	1
2170	3079	1
2170	4059	1
2174	3543	1
2174	3810	1
2174	3811	1
2176	2422	1
2176	2424	1
2176	3501	1
2176	3633	1
2177	2249	1
2177	2390	1
2177	2392	1
2180	2419	1
2180	3841	1
2180	3844	1
2180	3846	1
2180	3890	1
2181	2388	1
2181	2419	2
2181	3025	2
2181	3841	1
2181	3842	1
2181	3844	2
2181	3845	2
2181	3875	2
2185	2186	1
2185	2423	1
2185	2802	1
2185	3084	1
2185	3500	1
2185	3632	1
2186	2423	1
2186	2802	1
2186	3084	1
2186	3500	1
2186	3632	1
2191	2250	1
2191	2444	1
2191	4091	1
2201	2387	1
2201	2509	1
2201	3101	1
2201	3713	1
2201	3746	1
2221	3777	1
2228	3458	1
2228	3465	1
2228	3988	1
2228	4038	1
2228	4212	1
2230	3224	1
2230	3459	1
2230	3466	1
2230	3714	1
2230	3786	1
2230	3834	1
2230	3989	1
2230	4039	1
2230	4056	1
2230	4211	1
2239	2782	1
2241	2242	1
2241	2244	1
2241	2245	1
2241	2246	1
2241	2247	1
2242	2244	1
2242	2245	1
2242	2246	1
2242	2247	1
2243	2415	1
2243	3494	1
2244	2245	1
2244	2246	1
2244	2247	1
2245	2246	1
2245	2247	1
2246	2247	1
2249	2390	1
2249	2392	1
2250	2444	1
2250	4091	1
2255	2405	1
2255	2792	1
2255	2870	1
2264	2290	1
2264	2403	1
2264	2792	1
2264	2871	1
2265	2404	1
2265	2793	1
2265	2872	1
2267	2271	1
2267	2273	1
2267	2275	1
2267	2430	1
2271	2273	1
2271	2275	1
2271	2430	1
2272	2398	1
2272	3761	1
2273	2275	1
2273	2430	1
2275	2430	1
2280	2282	1
2280	2285	1
2280	2286	1
2280	2289	1
2280	2404	1
2280	2793	1
2280	2874	1
2282	2285	1
2282	2286	1
2282	2289	1
2282	2404	1
2282	2793	1
2282	2874	1
2285	2286	1
2285	2289	1
2285	2404	1
2285	2793	1
2285	2874	1
2286	2289	1
2286	2404	1
2286	2793	1
2286	2874	1
2287	2288	1
2287	2488	1
2287	3472	1
2287	3573	1
2288	2488	1
2288	3472	1
2288	3573	1
2289	2404	1
2289	2793	1
2289	2874	1
2290	2403	1
2290	2792	1
2290	2871	1
2291	2406	1
2291	2793	1
2291	2873	1
2324	3482	1
2324	3492	1
2324	3669	1
2324	4030	1
2369	2847	1
2369	3231	1
2369	4058	1
2370	2666	1
2370	2721	1
2370	4081	1
2372	2599	1
2372	3700	1
2372	3906	1
2372	4078	1
2372	4087	1
2372	4149	1
2372	4170	1
2387	2509	1
2387	3101	1
2387	3713	1
2387	3746	1
2388	2419	1
2388	3025	1
2388	3841	1
2388	3844	1
2388	3845	1
2388	3875	1
2390	2392	1
2398	3761	1
2400	3012	1
2400	3381	1
2400	3483	1
2400	3493	1
2400	4031	1
2401	3016	1
2401	3480	1
2401	3576	1
2401	4213	1
2402	3018	1
2402	3379	1
2402	3482	1
2402	3492	1
2402	4030	1
2403	2792	1
2403	2871	1
2404	2409	1
2404	2793	3
2404	2872	1
2404	2874	1
2405	2792	1
2405	2870	1
2406	2793	1
2406	2873	1
2409	2793	1
2410	2411	1
2410	2498	1
2410	2776	1
2410	2791	1
2410	2817	1
2410	3540	1
2410	4232	1
2411	2498	1
2411	2776	1
2411	2791	1
2411	2817	1
2411	3540	1
2411	4232	1
2412	2419	1
2412	3025	1
2412	3844	1
2412	3845	1
2412	3890	1
2412	3946	1
2412	3947	1
2415	3494	1
2419	3025	3
2419	3841	2
2419	3842	1
2419	3844	4
2419	3845	3
2419	3846	1
2419	3875	2
2419	3890	2
2419	3946	1
2419	3947	1
2422	2424	1
2422	3501	1
2422	3633	1
2423	2802	1
2423	3084	1
2423	3500	1
2423	3632	1
2424	3501	1
2424	3633	1
2425	2744	1
2425	3037	1
2425	3463	1
2425	3647	1
2425	3692	1
2444	4091	1
2455	2729	1
2455	2897	1
2455	3137	1
2455	3176	1
2455	4182	1
2455	4252	1
2459	2751	1
2460	3161	1
2460	3499	1
2460	3815	1
2465	3171	1
2467	2502	1
2467	2750	1
2467	2949	1
2467	3014	1
2467	3117	1
2467	3119	1
2467	3139	1
2467	3196	1
2467	3263	1
2467	3370	1
2467	3379	1
2467	3481	1
2467	3577	1
2467	3585	1
2467	3712	1
2467	3715	1
2467	3812	1
2467	3813	1
2467	4237	1
2467	4257	1
2467	4273	1
2467	4284	1
2467	4285	1
2468	2784	1
2468	3102	1
2468	3554	1
2468	3572	1
2477	2963	1
2477	3550	1
2477	4239	1
2487	4219	1
2488	3472	1
2488	3573	1
2489	2784	1
2490	3775	1
2490	4275	1
2490	4276	1
2490	4286	1
2498	2776	1
2498	2791	1
2498	2817	1
2498	3540	1
2498	4232	1
2499	2519	1
2499	2560	1
2499	2822	1
2499	3251	1
2499	4065	1
2502	2750	1
2502	3014	1
2502	3379	1
2502	3481	1
2502	3577	1
2502	3585	1
2502	3712	1
2502	3812	1
2502	3813	1
2509	3101	1
2509	3713	1
2509	3746	1
2511	2903	1
2511	2910	1
2511	3200	1
2511	3900	1
2511	4287	1
2511	4288	1
2519	2560	1
2519	2822	1
2519	3251	1
2519	4065	1
2526	2531	1
2526	2539	1
2526	2700	1
2526	3205	1
2526	3239	1
2526	3514	1
2531	2539	1
2531	2700	1
2531	3205	1
2531	3239	1
2531	3514	1
2539	2700	1
2539	3205	1
2539	3239	1
2539	3514	1
2541	4148	1
2549	2550	1
2549	2603	1
2549	2623	1
2549	3049	1
2549	3366	1
2549	3809	1
2549	4022	1
2550	2603	1
2550	3366	1
2550	3809	1
2550	4022	1
2555	2603	1
2555	3366	1
2555	3754	1
2555	3809	1
2555	3999	1
2559	2921	1
2560	2822	1
2560	3251	1
2560	4065	1
2571	2585	1
2571	2891	1
2571	3371	2
2585	2891	2
2585	3371	2
2586	2604	1
2586	3227	1
2586	4023	1
2590	2709	1
2590	2802	1
2590	2843	1
2590	2893	2
2590	3049	1
2590	3777	1
2598	2697	1
2598	4077	1
2598	4175	1
2598	4201	1
2599	3700	1
2599	3906	1
2599	4078	1
2599	4087	1
2599	4149	1
2599	4170	1
2603	3366	2
2603	3754	1
2603	3809	2
2603	3999	1
2603	4022	1
2604	3227	1
2604	4023	1
2605	2622	1
2605	3006	1
2605	3162	1
2605	3237	1
2605	3643	1
2606	2904	1
2606	2905	1
2617	3325	1
2617	3346	1
2620	3303	2
2620	3304	1
2620	3334	1
2620	3717	1
2622	2783	1
2622	3006	1
2622	3162	1
2622	3237	1
2622	3643	1
2622	3751	1
2623	2893	1
2634	2635	1
2634	2667	1
2634	2783	1
2635	2667	1
2635	2783	1
2666	2721	1
2666	4081	1
2667	2783	1
2679	2682	1
2688	3265	1
2688	3373	1
2688	3388	1
2688	3533	1
2688	3534	1
2688	3835	1
2688	3865	1
2688	3867	1
2688	3986	1
2688	4001	1
2688	4011	1
2688	4071	1
2688	4274	1
2692	3699	1
2692	4077	1
2695	2720	1
2697	4077	1
2697	4175	1
2697	4201	1
2700	3205	1
2700	3239	1
2700	3514	1
2708	4077	1
2721	4081	1
2729	2897	1
2729	3137	1
2729	3176	1
2729	4182	1
2729	4252	1
2741	3008	1
2741	3175	1
2741	3328	1
2741	3847	1
2744	3037	1
2744	3463	1
2744	3647	1
2744	3692	1
2748	3024	1
2748	3407	1
2748	3998	1
2748	4043	1
2750	3014	1
2750	3379	1
2750	3481	1
2750	3577	1
2750	3585	1
2750	3712	1
2750	3812	1
2750	3813	1
2765	3079	1
2765	4059	1
2770	3291	1
2773	2856	1
2773	3087	1
2773	3123	1
2773	3479	1
2776	2791	1
2776	2817	1
2776	3540	1
2776	4232	1
2784	3019	1
2784	3095	1
2784	3099	1
2784	3102	1
2784	3390	1
2784	3488	1
2784	3489	1
2784	3554	1
2784	3572	1
2784	3644	1
2784	3874	1
2784	3931	1
2784	3987	1
2789	2794	1
2789	2796	2
2789	3931	1
2791	2817	1
2791	3540	1
2791	4232	1
2792	2870	1
2792	2871	1
2793	2872	1
2793	2873	1
2793	2874	1
2793	3491	1
2793	3564	1
2793	4162	1
2793	4261	1
2793	4262	1
2794	2795	1
2794	2796	2
2794	2802	1
2794	2805	1
2794	2809	1
2794	2810	1
2794	2812	1
2794	2813	1
2794	2815	1
2794	3931	1
2795	2796	1
2795	2802	1
2795	2805	1
2795	2809	1
2795	2810	1
2795	2812	1
2795	2813	1
2795	2815	1
2796	2802	1
2796	2805	1
2796	2809	1
2796	2810	1
2796	2812	1
2796	2813	1
2796	2815	1
2796	3931	1
2802	2805	1
2802	2809	1
2802	2810	1
2802	2812	1
2802	2813	1
2802	2815	1
2802	3049	1
2802	3084	1
2802	3500	1
2802	3632	1
2804	2814	1
2804	3092	1
2804	3820	1
2805	2809	1
2805	2810	1
2805	2812	1
2805	2813	1
2805	2815	1
2809	2810	1
2809	2812	1
2809	2813	1
2809	2815	1
2810	2812	1
2810	2813	1
2810	2815	1
2812	2813	1
2812	2815	1
2813	2815	1
2814	3092	1
2814	3820	1
2817	3540	1
2817	4232	1
2822	3251	1
2822	4065	1
2825	3214	1
2825	3230	1
2825	4057	1
2842	3214	1
2843	3513	1
2843	3777	1
2843	3910	2
2847	3231	1
2847	4058	1
2853	3245	1
2856	3087	1
2856	3123	1
2856	3479	1
2863	2864	1
2863	2866	1
2864	2866	1
2867	3088	1
2867	3091	1
2867	3094	1
2867	3559	1
2867	3719	1
2869	3089	1
2869	3134	1
2869	3525	1
2877	3253	1
2877	3382	1
2877	3780	1
2877	4021	1
2877	4035	1
2877	4267	1
2891	3371	2
2897	3137	1
2897	3176	1
2897	4182	1
2897	4252	1
2903	2910	1
2903	3200	1
2903	3900	1
2903	4287	1
2903	4288	1
2904	2905	1
2909	3082	1
2909	3319	1
2910	3200	1
2910	3900	1
2910	4287	1
2910	4288	1
2928	3855	2
2945	3942	1
2945	3943	1
2945	3977	1
2945	4188	1
2945	4248	1
2949	3139	1
2949	3370	1
2949	4257	1
2949	4273	1
2949	4284	1
2949	4285	1
2958	3596	1
2963	3550	1
2963	4239	1
2979	2984	2
3006	3162	1
3006	3237	1
3006	3643	1
3008	3175	1
3008	3328	1
3008	3847	1
3012	3381	1
3012	3483	1
3012	3493	1
3012	4031	1
3013	3380	1
3013	3383	1
3013	3481	1
3013	3537	1
3013	4030	1
3014	3379	1
3014	3481	1
3014	3577	1
3014	3585	1
3014	3712	1
3014	3812	1
3014	3813	1
3015	3587	1
3015	3812	1
3015	3813	1
3015	4028	1
3016	3480	1
3016	3576	1
3016	4213	1
3018	3379	1
3018	3482	1
3018	3492	1
3018	4030	1
3019	3095	1
3019	3099	1
3019	3390	1
3019	3488	1
3019	3489	1
3019	3644	1
3019	3874	1
3019	3987	1
3024	3407	1
3024	3998	1
3024	4043	1
3025	3841	1
3025	3842	1
3025	3844	3
3025	3845	3
3025	3875	2
3025	3890	1
3025	3946	1
3025	3947	1
3026	3028	1
3026	4017	1
3027	3029	1
3027	4018	2
3028	4017	1
3029	4018	1
3037	3463	1
3037	3647	1
3037	3692	1
3079	4059	1
3081	3584	1
3081	3678	1
3081	3940	1
3082	3319	1
3084	3500	1
3084	3632	1
3085	3098	1
3085	3854	1
3085	3994	1
3085	3995	1
3085	4127	1
3085	4222	1
3087	3123	1
3087	3479	1
3088	3091	1
3088	3094	1
3088	3559	1
3088	3719	1
3089	3134	1
3089	3525	1
3090	3271	1
3091	3094	1
3091	3559	1
3091	3719	1
3092	3820	1
3094	3559	1
3094	3719	1
3095	3099	1
3095	3390	1
3095	3488	1
3095	3489	1
3095	3644	1
3095	3874	1
3095	3987	1
3096	3116	1
3096	3120	1
3096	3195	1
3096	4251	1
3098	3854	1
3098	3994	1
3098	3995	1
3098	4127	1
3098	4222	1
3099	3390	1
3099	3488	1
3099	3489	1
3099	3644	1
3099	3874	1
3099	3987	1
3101	3713	1
3101	3746	1
3102	3554	1
3102	3572	1
3106	3831	1
3112	3845	1
3112	3854	1
3113	3808	1
3113	3818	1
3113	3860	1
3116	3120	1
3116	3195	1
3116	4251	1
3117	3119	1
3117	3196	1
3117	3263	1
3117	3715	1
3117	4237	1
3119	3196	1
3119	3263	1
3119	3715	1
3119	4237	1
3120	3195	1
3120	4251	1
3122	4229	1
3122	4231	1
3123	3479	1
3134	3525	1
3137	3176	1
3137	4182	1
3137	4252	1
3139	3370	1
3139	4257	1
3139	4273	1
3139	4284	1
3139	4285	1
3161	3499	1
3161	3815	1
3162	3237	1
3162	3643	1
3168	3765	1
3168	4266	1
3173	3464	1
3173	3571	1
3173	3807	1
3174	3430	1
3174	3916	1
3175	3328	1
3175	3847	1
3176	4182	1
3176	4252	1
3195	4251	1
3196	3263	1
3196	3715	1
3196	4237	1
3200	3900	1
3200	4287	1
3200	4288	1
3205	3239	1
3205	3514	1
3206	3242	2
3206	3350	1
3206	3351	1
3206	3625	1
3206	3709	1
3214	3805	1
3224	3459	1
3224	3466	1
3224	3714	1
3224	3786	1
3224	3834	1
3224	3989	1
3224	4039	1
3224	4056	1
3224	4211	1
3227	4023	1
3228	3898	1
3229	3886	1
3230	4057	1
3231	4058	1
3233	3484	1
3233	3758	1
3233	3763	1
3237	3643	1
3239	3514	1
3242	3350	1
3242	3351	1
3242	3625	1
3242	3709	1
3251	4065	1
3253	3382	1
3253	3780	1
3253	4021	1
3253	4035	1
3253	4267	1
3254	3473	1
3263	3715	1
3263	4237	1
3265	3373	1
3265	3388	1
3265	3533	1
3265	3534	1
3265	3835	1
3265	3865	1
3265	3867	1
3265	3986	1
3265	4001	1
3265	4011	1
3265	4071	1
3265	4274	1
3266	3364	1
3266	4007	1
3266	4080	1
3266	4148	1
3266	4169	1
3266	4233	1
3296	3305	1
3296	3562	1
3296	4053	1
3303	3304	1
3303	3334	1
3303	3717	1
3304	3334	1
3304	3717	1
3305	3562	1
3305	4053	1
3325	3346	2
3328	3847	1
3331	3895	1
3334	3717	1
3350	3625	1
3351	3709	1
3364	4007	1
3364	4080	1
3364	4148	1
3364	4169	1
3364	4233	1
3366	3754	1
3366	3809	2
3366	3999	1
3366	4022	1
3370	4257	1
3370	4273	1
3370	4284	1
3370	4285	1
3373	3388	1
3373	3533	1
3373	3534	1
3373	3835	1
3373	3865	1
3373	3867	1
3373	3986	1
3373	4001	1
3373	4011	1
3373	4071	1
3373	4274	1
3379	3481	1
3379	3482	1
3379	3492	1
3379	3577	1
3379	3585	1
3379	3712	1
3379	3812	1
3379	3813	1
3379	4030	1
3380	3383	1
3380	3481	1
3380	3537	1
3380	4030	1
3381	3483	1
3381	3493	1
3381	4031	1
3382	3780	1
3382	4021	1
3382	4035	1
3382	4267	1
3383	3481	1
3383	3537	1
3383	4030	1
3386	3442	2
3388	3533	1
3388	3534	1
3388	3835	1
3388	3865	1
3388	3867	1
3388	3986	1
3388	4001	1
3388	4011	1
3388	4071	1
3388	4274	1
3390	3488	1
3390	3489	1
3390	3644	1
3390	3874	1
3390	3987	1
3407	3998	1
3407	4043	1
3430	3916	1
3458	3465	1
3458	3988	1
3458	4038	1
3458	4212	1
3459	3466	1
3459	3714	1
3459	3786	1
3459	3834	1
3459	3989	1
3459	4039	1
3459	4056	1
3459	4211	1
3463	3647	1
3463	3692	1
3464	3571	1
3464	3807	1
3465	3988	1
3465	4038	1
3465	4212	1
3466	3714	1
3466	3786	1
3466	3834	1
3466	3989	1
3466	4039	1
3466	4056	1
3466	4211	1
3471	3586	1
3471	3690	1
3471	3814	1
3471	3897	1
3471	3929	1
3472	3573	1
3480	3576	1
3480	4213	1
3481	3537	1
3481	3577	1
3481	3585	1
3481	3712	1
3481	3812	1
3481	3813	1
3481	4030	1
3482	3492	2
3482	3669	1
3482	4030	2
3483	3493	1
3483	4031	1
3484	3758	1
3484	3763	1
3488	3489	1
3488	3644	1
3488	3874	1
3488	3987	1
3489	3644	1
3489	3874	1
3489	3987	1
3491	3564	1
3491	4162	1
3491	4261	1
3491	4262	1
3492	3669	1
3492	4030	2
3493	4031	1
3499	3815	1
3500	3632	1
3501	3633	1
3526	3544	1
3526	3570	1
3526	3648	1
3526	4073	1
3526	4074	1
3526	4075	1
3526	4076	1
3526	4134	1
3526	4144	1
3526	4156	1
3529	3530	1
3529	3996	1
3529	3997	1
3529	4085	1
3529	4161	1
3529	4193	1
3530	3996	1
3530	3997	1
3530	4085	1
3530	4161	1
3530	4193	1
3533	3534	1
3533	3835	1
3533	3865	1
3533	3867	1
3533	3986	1
3533	4001	1
3533	4011	1
3533	4071	1
3533	4274	1
3534	3835	1
3534	3865	1
3534	3867	1
3534	3986	1
3534	4001	1
3534	4011	1
3534	4071	1
3534	4274	1
3537	4030	1
3540	4232	1
3543	3810	1
3543	3811	1
3544	3570	1
3544	3648	1
3544	4073	1
3544	4074	1
3544	4075	1
3544	4076	1
3544	4134	1
3544	4144	1
3544	4156	1
3550	4239	1
3554	3572	1
3559	3719	1
3562	4053	1
3564	4162	1
3564	4261	1
3564	4262	1
3570	3648	1
3570	4073	1
3570	4074	1
3570	4075	1
3570	4076	1
3570	4134	1
3570	4144	1
3570	4156	1
3571	3807	1
3576	4213	1
3577	3585	1
3577	3712	1
3577	3812	1
3577	3813	1
3580	3791	1
3580	4226	1
3580	4242	1
3584	3678	1
3584	3940	1
3585	3712	1
3585	3812	1
3585	3813	1
3586	3690	1
3586	3814	1
3586	3897	1
3586	3929	1
3587	3812	1
3587	3813	1
3587	4028	1
3588	4264	1
3644	3874	1
3644	3987	1
3647	3692	1
3648	4073	1
3648	4074	1
3648	4075	1
3648	4076	1
3648	4134	1
3648	4144	1
3648	4156	1
3669	4030	1
3676	3879	1
3676	4236	1
3678	3940	1
3690	3814	1
3690	3897	1
3690	3929	1
3699	4077	1
3700	3906	1
3700	4078	1
3700	4087	1
3700	4149	1
3700	4170	1
3712	3812	1
3712	3813	1
3713	3746	1
3714	3786	1
3714	3834	1
3714	3989	1
3714	4039	1
3714	4056	1
3714	4211	1
3715	4237	1
3754	3809	1
3754	3999	1
3758	3763	1
3765	4266	1
3775	4275	1
3775	4276	1
3775	4286	1
3780	4021	1
3780	4035	1
3780	4267	1
3786	3834	1
3786	3989	1
3786	4039	1
3786	4056	1
3786	4211	1
3791	4226	1
3791	4242	1
3794	4050	1
3808	3818	1
3808	3860	1
3809	3999	1
3809	4022	1
3810	3811	1
3812	3813	2
3812	4028	1
3813	4028	1
3814	3897	1
3814	3929	1
3818	3860	1
3834	3989	1
3834	4039	1
3834	4056	1
3834	4211	1
3835	3865	1
3835	3867	1
3835	3986	1
3835	4001	1
3835	4011	1
3835	4071	1
3835	4274	1
3841	3842	1
3841	3843	1
3841	3844	3
3841	3845	3
3841	3846	1
3841	3875	1
3841	3890	3
3842	3844	2
3842	3845	2
3842	3875	1
3842	3890	1
3843	3845	1
3843	3890	1
3844	3845	4
3844	3846	1
3844	3875	2
3844	3890	3
3844	3946	1
3844	3947	1
3845	3854	1
3845	3875	2
3845	3890	3
3845	3946	1
3845	3947	1
3846	3890	1
3852	4111	3
3854	3994	1
3854	3995	1
3854	4127	1
3854	4222	1
3865	3867	1
3865	3986	1
3865	4001	1
3865	4011	1
3865	4071	1
3865	4274	1
3867	3986	1
3867	4001	1
3867	4011	1
3867	4071	1
3867	4274	1
3874	3987	1
3879	4236	1
3890	3946	1
3890	3947	1
3897	3929	1
3900	4287	1
3900	4288	1
3906	4078	1
3906	4087	1
3906	4149	1
3906	4170	1
3942	3943	1
3942	3977	1
3942	4188	1
3942	4248	1
3943	3977	1
3943	4188	1
3943	4248	1
3946	3947	1
3977	4188	1
3977	4248	1
3986	4001	1
3986	4011	1
3986	4071	1
3986	4274	1
3988	4038	1
3988	4212	1
3989	4039	1
3989	4056	1
3989	4211	1
3994	3995	1
3994	4127	1
3994	4222	1
3995	4127	1
3995	4222	1
3996	3997	1
3996	4085	1
3996	4161	1
3996	4193	1
3997	4085	1
3997	4161	1
3997	4193	1
3998	4043	1
4001	4011	1
4001	4071	1
4001	4274	1
4007	4080	1
4007	4148	1
4007	4169	1
4007	4233	1
4011	4071	1
4011	4274	1
4012	4290	1
4021	4035	1
4021	4267	1
4035	4267	1
4038	4212	1
4039	4056	1
4039	4211	1
4056	4211	1
4071	4274	1
4073	4074	1
4073	4075	1
4073	4076	1
4073	4134	1
4073	4144	1
4073	4156	1
4074	4075	1
4074	4076	1
4074	4134	1
4074	4144	1
4074	4156	1
4075	4076	1
4075	4134	1
4075	4144	1
4075	4156	1
4076	4134	1
4076	4144	1
4076	4156	1
4077	4175	1
4077	4201	1
4078	4087	1
4078	4149	1
4078	4170	1
4080	4148	1
4080	4169	1
4080	4233	1
4085	4161	1
4085	4193	1
4087	4149	1
4087	4170	1
4127	4222	1
4134	4144	1
4134	4156	1
4144	4156	1
4148	4169	2
4148	4233	1
4149	4170	1
4161	4193	1
4162	4261	1
4162	4262	1
4169	4233	1
4175	4201	1
4182	4252	1
4188	4248	1
4226	4242	1
4229	4231	1
4257	4273	1
4257	4284	1
4257	4285	1
4261	4262	1
4273	4284	1
4273	4285	1
4275	4276	1
4275	4286	1
4276	4286	1
4284	4285	1
4287	4288	1
